index,Unique ID,Datetime,Structure,Neighborhood,Entries,Exits,Year,Month,Day,Hour,isHoliday,Neighborhood Size
379,168,2017-02-04 08:00:00,2,Jackson Heights,3550.0,620.0,2017,2,4,8,0,1
838,168,2017-02-04 12:00:00,2,Jackson Heights,3273.0,1198.0,2017,2,4,12,0,1
1301,168,2017-02-04 16:00:00,2,Jackson Heights,3000.0,1726.0,2017,2,4,16,0,1
1763,168,2017-02-04 20:00:00,2,Jackson Heights,1715.0,1340.0,2017,2,4,20,0,1
2229,168,2017-02-05 00:00:00,2,Jackson Heights,398.0,877.0,2017,2,5,0,0,1
2690,168,2017-02-05 04:00:00,2,Jackson Heights,426.0,233.0,2017,2,5,4,0,1
3154,168,2017-02-05 08:00:00,2,Jackson Heights,2344.0,454.0,2017,2,5,8,0,1
3614,168,2017-02-05 12:00:00,2,Jackson Heights,2763.0,840.0,2017,2,5,12,0,1
4079,168,2017-02-05 16:00:00,2,Jackson Heights,2319.0,1343.0,2017,2,5,16,0,1
4539,168,2017-02-05 20:00:00,2,Jackson Heights,1282.0,1230.0,2017,2,5,20,0,1
4999,168,2017-02-06 00:00:00,2,Jackson Heights,166.0,622.0,2017,2,6,0,0,1
5440,168,2017-02-06 04:00:00,2,Jackson Heights,1914.0,150.0,2017,2,6,4,0,1
5892,168,2017-02-06 08:00:00,2,Jackson Heights,6636.0,837.0,2017,2,6,8,0,1
6358,168,2017-02-06 12:00:00,2,Jackson Heights,3724.0,1018.0,2017,2,6,12,0,1
6824,168,2017-02-06 16:00:00,2,Jackson Heights,3082.0,2992.0,2017,2,6,16,0,1
7290,168,2017-02-06 20:00:00,2,Jackson Heights,1800.0,2318.0,2017,2,6,20,0,1
7747,168,2017-02-07 00:00:00,2,Jackson Heights,178.0,949.0,2017,2,7,0,0,1
8177,168,2017-02-07 04:00:00,2,Jackson Heights,1657.0,171.0,2017,2,7,4,0,1
8626,168,2017-02-07 08:00:00,2,Jackson Heights,6778.0,805.0,2017,2,7,8,0,1
9092,168,2017-02-07 12:00:00,2,Jackson Heights,3567.0,1094.0,2017,2,7,12,0,1
9558,168,2017-02-07 16:00:00,2,Jackson Heights,3038.0,2915.0,2017,2,7,16,0,1
10024,168,2017-02-07 20:00:00,2,Jackson Heights,1775.0,2317.0,2017,2,7,20,0,1
10483,168,2017-02-08 00:00:00,2,Jackson Heights,139.0,958.0,2017,2,8,0,0,1
10917,168,2017-02-08 04:00:00,2,Jackson Heights,2059.0,212.0,2017,2,8,4,0,1
11367,168,2017-02-08 08:00:00,2,Jackson Heights,6529.0,761.0,2017,2,8,8,0,1
11833,168,2017-02-08 12:00:00,2,Jackson Heights,3907.0,1098.0,2017,2,8,12,0,1
12299,168,2017-02-08 16:00:00,2,Jackson Heights,3269.0,2808.0,2017,2,8,16,0,1
12765,168,2017-02-08 20:00:00,2,Jackson Heights,1894.0,2468.0,2017,2,8,20,0,1
13229,168,2017-02-09 00:00:00,2,Jackson Heights,238.0,1026.0,2017,2,9,0,0,1
13685,168,2017-02-09 04:00:00,2,Jackson Heights,1727.0,288.0,2017,2,9,4,0,1
14146,168,2017-02-09 08:00:00,2,Jackson Heights,3738.0,534.0,2017,2,9,8,0,1
14612,168,2017-02-09 12:00:00,2,Jackson Heights,2098.0,719.0,2017,2,9,12,0,1
15078,168,2017-02-09 16:00:00,2,Jackson Heights,1833.0,1541.0,2017,2,9,16,0,1
15544,168,2017-02-09 20:00:00,2,Jackson Heights,1061.0,1265.0,2017,2,9,20,0,1
15999,168,2017-02-10 00:00:00,2,Jackson Heights,93.0,686.0,2017,2,10,0,0,1
16429,168,2017-02-10 04:00:00,2,Jackson Heights,1817.0,181.0,2017,2,10,4,0,1
16878,168,2017-02-10 08:00:00,2,Jackson Heights,6742.0,809.0,2017,2,10,8,0,1
17344,168,2017-02-10 12:00:00,2,Jackson Heights,3691.0,1007.0,2017,2,10,12,0,1
17810,168,2017-02-10 16:00:00,2,Jackson Heights,3259.0,2635.0,2017,2,10,16,0,1
18276,168,2017-02-10 20:00:00,2,Jackson Heights,1987.0,2132.0,2017,2,10,20,0,1
18742,168,2017-02-11 00:00:00,2,Jackson Heights,392.0,1110.0,2017,2,11,0,0,1
19205,168,2017-02-11 04:00:00,2,Jackson Heights,845.0,232.0,2017,2,11,4,0,1
19667,168,2017-02-11 08:00:00,2,Jackson Heights,3577.0,560.0,2017,2,11,8,0,1
20131,168,2017-02-11 12:00:00,2,Jackson Heights,3456.0,1090.0,2017,2,11,12,0,1
20592,168,2017-02-11 16:00:00,2,Jackson Heights,3037.0,1601.0,2017,2,11,16,0,1
21057,168,2017-02-11 20:00:00,2,Jackson Heights,1679.0,1383.0,2017,2,11,20,0,1
21519,168,2017-02-12 00:00:00,2,Jackson Heights,426.0,949.0,2017,2,12,0,0,1
21983,168,2017-02-12 04:00:00,2,Jackson Heights,434.0,290.0,2017,2,12,4,0,1
22447,168,2017-02-12 08:00:00,2,Jackson Heights,2295.0,433.0,2017,2,12,8,0,1
22907,168,2017-02-12 12:00:00,2,Jackson Heights,2418.0,865.0,2017,2,12,12,0,1
23370,168,2017-02-12 16:00:00,2,Jackson Heights,2064.0,1209.0,2017,2,12,16,0,1
23830,168,2017-02-12 20:00:00,2,Jackson Heights,1121.0,1114.0,2017,2,12,20,0,1
24283,168,2017-02-13 00:00:00,2,Jackson Heights,108.0,672.0,2017,2,13,0,0,1
24720,168,2017-02-13 04:00:00,2,Jackson Heights,1914.0,170.0,2017,2,13,4,0,1
25172,168,2017-02-13 08:00:00,2,Jackson Heights,6304.0,869.0,2017,2,13,8,0,1
25638,168,2017-02-13 12:00:00,2,Jackson Heights,3507.0,1042.0,2017,2,13,12,0,1
26104,168,2017-02-13 16:00:00,2,Jackson Heights,3012.0,2835.0,2017,2,13,16,0,1
26570,168,2017-02-13 20:00:00,2,Jackson Heights,1780.0,2203.0,2017,2,13,20,0,1
27026,168,2017-02-14 00:00:00,2,Jackson Heights,144.0,952.0,2017,2,14,0,0,1
27459,168,2017-02-14 04:00:00,2,Jackson Heights,1750.0,227.0,2017,2,14,4,0,1
27913,168,2017-02-14 08:00:00,2,Jackson Heights,6899.0,834.0,2017,2,14,8,0,1
28379,168,2017-02-14 12:00:00,2,Jackson Heights,3629.0,1110.0,2017,2,14,12,0,1
28845,168,2017-02-14 16:00:00,2,Jackson Heights,3117.0,2810.0,2017,2,14,16,0,1
29311,168,2017-02-14 20:00:00,2,Jackson Heights,1841.0,2109.0,2017,2,14,20,0,1
29767,168,2017-02-15 00:00:00,2,Jackson Heights,195.0,1035.0,2017,2,15,0,0,1
30203,168,2017-02-15 04:00:00,2,Jackson Heights,1961.0,256.0,2017,2,15,4,0,1
30657,168,2017-02-15 08:00:00,2,Jackson Heights,6812.0,790.0,2017,2,15,8,0,1
31123,168,2017-02-15 12:00:00,2,Jackson Heights,3629.0,1020.0,2017,2,15,12,0,1
31589,168,2017-02-15 16:00:00,2,Jackson Heights,2996.0,2937.0,2017,2,15,16,0,1
32055,168,2017-02-15 20:00:00,2,Jackson Heights,1730.0,2297.0,2017,2,15,20,0,1
32513,168,2017-02-16 00:00:00,2,Jackson Heights,163.0,970.0,2017,2,16,0,0,1
32947,168,2017-02-16 04:00:00,2,Jackson Heights,1561.0,298.0,2017,2,16,4,0,1
33400,168,2017-02-16 08:00:00,2,Jackson Heights,6224.0,770.0,2017,2,16,8,0,1
33866,168,2017-02-16 12:00:00,2,Jackson Heights,3485.0,982.0,2017,2,16,12,0,1
34332,168,2017-02-16 16:00:00,2,Jackson Heights,3005.0,2715.0,2017,2,16,16,0,1
34798,168,2017-02-16 20:00:00,2,Jackson Heights,1672.0,2142.0,2017,2,16,20,0,1
35256,168,2017-02-17 00:00:00,2,Jackson Heights,133.0,945.0,2017,2,17,0,0,1
35698,168,2017-02-17 04:00:00,2,Jackson Heights,1928.0,260.0,2017,2,17,4,0,1
36151,168,2017-02-17 08:00:00,2,Jackson Heights,6702.0,814.0,2017,2,17,8,0,1
36617,168,2017-02-17 12:00:00,2,Jackson Heights,3725.0,1123.0,2017,2,17,12,0,1
37083,168,2017-02-17 16:00:00,2,Jackson Heights,3212.0,2301.0,2017,2,17,16,0,1
37549,168,2017-02-17 20:00:00,2,Jackson Heights,2051.0,2289.0,2017,2,17,20,0,1
38015,168,2017-02-18 00:00:00,2,Jackson Heights,373.0,993.0,2017,2,18,0,0,1
38473,168,2017-02-18 04:00:00,2,Jackson Heights,830.0,268.0,2017,2,18,4,0,1
38936,168,2017-02-18 08:00:00,2,Jackson Heights,3414.0,468.0,2017,2,18,8,0,1
39394,168,2017-02-18 12:00:00,2,Jackson Heights,3322.0,997.0,2017,2,18,12,0,1
39849,168,2017-02-18 16:00:00,2,Jackson Heights,2860.0,1412.0,2017,2,18,16,0,1
40309,168,2017-02-18 20:00:00,2,Jackson Heights,1664.0,1512.0,2017,2,18,20,0,1
40773,168,2017-02-19 00:00:00,2,Jackson Heights,420.0,926.0,2017,2,19,0,0,1
41234,168,2017-02-19 04:00:00,2,Jackson Heights,450.0,219.0,2017,2,19,4,0,1
41698,168,2017-02-19 08:00:00,2,Jackson Heights,2339.0,486.0,2017,2,19,8,0,1
42160,168,2017-02-19 12:00:00,2,Jackson Heights,3066.0,699.0,2017,2,19,12,0,1
42616,168,2017-02-19 16:00:00,2,Jackson Heights,2563.0,1656.0,2017,2,19,16,0,1
43076,168,2017-02-19 20:00:00,2,Jackson Heights,1379.0,1162.0,2017,2,19,20,0,1
43538,168,2017-02-20 00:00:00,2,Jackson Heights,189.0,738.0,2017,2,20,0,1,1
43996,168,2017-02-20 04:00:00,2,Jackson Heights,1458.0,194.0,2017,2,20,4,1,1
44459,168,2017-02-20 08:00:00,2,Jackson Heights,3971.0,584.0,2017,2,20,8,1,1
44919,168,2017-02-20 12:00:00,2,Jackson Heights,3240.0,833.0,2017,2,20,12,1,1
45380,168,2017-02-20 16:00:00,2,Jackson Heights,2862.0,1892.0,2017,2,20,16,1,1
45840,168,2017-02-20 20:00:00,2,Jackson Heights,1591.0,1753.0,2017,2,20,20,1,1
46296,168,2017-02-21 00:00:00,2,Jackson Heights,148.0,880.0,2017,2,21,0,0,1
46738,168,2017-02-21 04:00:00,2,Jackson Heights,1906.0,209.0,2017,2,21,4,0,1
47188,168,2017-02-21 08:00:00,2,Jackson Heights,5942.0,760.0,2017,2,21,8,0,1
47654,168,2017-02-21 12:00:00,2,Jackson Heights,3623.0,1101.0,2017,2,21,12,0,1
48120,168,2017-02-21 16:00:00,2,Jackson Heights,3123.0,2807.0,2017,2,21,16,0,1
48586,168,2017-02-21 20:00:00,2,Jackson Heights,1765.0,2328.0,2017,2,21,20,0,1
49050,168,2017-02-22 00:00:00,2,Jackson Heights,171.0,1018.0,2017,2,22,0,0,1
49494,168,2017-02-22 04:00:00,2,Jackson Heights,1927.0,228.0,2017,2,22,4,0,1
49948,168,2017-02-22 08:00:00,2,Jackson Heights,5885.0,757.0,2017,2,22,8,0,1
50414,168,2017-02-22 12:00:00,2,Jackson Heights,3687.0,1145.0,2017,2,22,12,0,1
50880,168,2017-02-22 16:00:00,2,Jackson Heights,3186.0,2687.0,2017,2,22,16,0,1
51346,168,2017-02-22 20:00:00,2,Jackson Heights,1823.0,2349.0,2017,2,22,20,0,1
51810,168,2017-02-23 00:00:00,2,Jackson Heights,178.0,992.0,2017,2,23,0,0,1
52257,168,2017-02-23 04:00:00,2,Jackson Heights,1456.0,210.0,2017,2,23,4,0,1
52707,168,2017-02-23 08:00:00,2,Jackson Heights,5923.0,759.0,2017,2,23,8,0,1
53173,168,2017-02-23 12:00:00,2,Jackson Heights,3749.0,1109.0,2017,2,23,12,0,1
53639,168,2017-02-23 16:00:00,2,Jackson Heights,3207.0,2590.0,2017,2,23,16,0,1
54105,168,2017-02-23 20:00:00,2,Jackson Heights,1918.0,2257.0,2017,2,23,20,0,1
54570,168,2017-02-24 00:00:00,2,Jackson Heights,222.0,1133.0,2017,2,24,0,0,1
55018,168,2017-02-24 04:00:00,2,Jackson Heights,1941.0,272.0,2017,2,24,4,0,1
55474,168,2017-02-24 08:00:00,2,Jackson Heights,5667.0,760.0,2017,2,24,8,0,1
55940,168,2017-02-24 12:00:00,2,Jackson Heights,3645.0,894.0,2017,2,24,12,0,1
56406,168,2017-02-24 16:00:00,2,Jackson Heights,3215.0,2688.0,2017,2,24,16,0,1
56872,168,2017-02-24 20:00:00,2,Jackson Heights,1959.0,1743.0,2017,2,24,20,0,1
57338,168,2017-02-25 00:00:00,2,Jackson Heights,398.0,1174.0,2017,2,25,0,0,1
57792,168,2017-02-25 04:00:00,2,Jackson Heights,829.0,311.0,2017,2,25,4,0,1
58253,168,2017-02-25 08:00:00,2,Jackson Heights,3393.0,567.0,2017,2,25,8,0,1
58710,168,2017-02-25 12:00:00,2,Jackson Heights,3311.0,833.0,2017,2,25,12,0,1
59170,168,2017-02-25 16:00:00,2,Jackson Heights,2874.0,1743.0,2017,2,25,16,0,1
59631,168,2017-02-25 20:00:00,2,Jackson Heights,1632.0,1261.0,2017,2,25,20,0,1
60094,168,2017-02-26 00:00:00,2,Jackson Heights,382.0,963.0,2017,2,26,0,0,1
60558,168,2017-02-26 04:00:00,2,Jackson Heights,467.0,206.0,2017,2,26,4,0,1
61019,168,2017-02-26 08:00:00,2,Jackson Heights,2168.0,432.0,2017,2,26,8,0,1
61478,168,2017-02-26 12:00:00,2,Jackson Heights,2737.0,704.0,2017,2,26,12,0,1
61938,168,2017-02-26 16:00:00,2,Jackson Heights,2452.0,1440.0,2017,2,26,16,0,1
62399,168,2017-02-26 20:00:00,2,Jackson Heights,1299.0,1258.0,2017,2,26,20,0,1
62850,168,2017-02-27 00:00:00,2,Jackson Heights,106.0,628.0,2017,2,27,0,0,1
63281,168,2017-02-27 04:00:00,2,Jackson Heights,1962.0,173.0,2017,2,27,4,0,1
63735,168,2017-02-27 08:00:00,2,Jackson Heights,6594.0,742.0,2017,2,27,8,0,1
64201,168,2017-02-27 12:00:00,2,Jackson Heights,3583.0,1030.0,2017,2,27,12,0,1
64668,168,2017-02-27 16:00:00,2,Jackson Heights,2979.0,2395.0,2017,2,27,16,0,1
65135,168,2017-02-27 20:00:00,2,Jackson Heights,1831.0,2381.0,2017,2,27,20,0,1
65591,168,2017-02-28 00:00:00,2,Jackson Heights,174.0,891.0,2017,2,28,0,0,1
66018,168,2017-02-28 04:00:00,2,Jackson Heights,1482.0,217.0,2017,2,28,4,0,1
66468,168,2017-02-28 08:00:00,2,Jackson Heights,6646.0,658.0,2017,2,28,8,0,1
66935,168,2017-02-28 12:00:00,2,Jackson Heights,3642.0,1118.0,2017,2,28,12,0,1
67402,168,2017-02-28 16:00:00,2,Jackson Heights,3054.0,2384.0,2017,2,28,16,0,1
67869,168,2017-02-28 20:00:00,2,Jackson Heights,1826.0,2280.0,2017,2,28,20,0,1
68327,168,2017-03-01 00:00:00,2,Jackson Heights,164.0,986.0,2017,3,1,0,0,1
68762,168,2017-03-01 04:00:00,2,Jackson Heights,1962.0,237.0,2017,3,1,4,0,1
69215,168,2017-03-01 08:00:00,2,Jackson Heights,6789.0,839.0,2017,3,1,8,0,1
69682,168,2017-03-01 12:00:00,2,Jackson Heights,3593.0,986.0,2017,3,1,12,0,1
70149,168,2017-03-01 16:00:00,2,Jackson Heights,2942.0,2877.0,2017,3,1,16,0,1
70616,168,2017-03-01 20:00:00,2,Jackson Heights,1727.0,2227.0,2017,3,1,20,0,1
71076,168,2017-03-02 00:00:00,2,Jackson Heights,168.0,1027.0,2017,3,2,0,0,1
71521,168,2017-03-02 04:00:00,2,Jackson Heights,2067.0,249.0,2017,3,2,4,0,1
71974,168,2017-03-02 08:00:00,2,Jackson Heights,6663.0,803.0,2017,3,2,8,0,1
72441,168,2017-03-02 12:00:00,2,Jackson Heights,3648.0,1020.0,2017,3,2,12,0,1
72908,168,2017-03-02 16:00:00,2,Jackson Heights,2972.0,2862.0,2017,3,2,16,0,1
73375,168,2017-03-02 20:00:00,2,Jackson Heights,1799.0,2449.0,2017,3,2,20,0,1
73835,168,2017-03-03 00:00:00,2,Jackson Heights,159.0,1117.0,2017,3,3,0,0,1
74272,168,2017-03-03 04:00:00,2,Jackson Heights,834.0,226.0,2017,3,3,4,0,1
74729,168,2017-03-03 08:00:00,2,Jackson Heights,6477.0,1147.0,2017,3,3,8,0,1
75195,168,2017-03-03 12:00:00,2,Jackson Heights,3060.0,1168.0,2017,3,3,12,0,1
75662,168,2017-03-03 16:00:00,2,Jackson Heights,3073.0,2810.0,2017,3,3,16,0,1
76129,168,2017-03-03 20:00:00,2,Jackson Heights,1975.0,2240.0,2017,3,3,20,0,1
76596,168,2017-03-04 00:00:00,2,Jackson Heights,325.0,1028.0,2017,3,4,0,0,1
77058,168,2017-03-04 04:00:00,2,Jackson Heights,735.0,260.0,2017,3,4,4,0,1
77511,168,2017-03-04 08:00:00,2,Jackson Heights,3410.0,585.0,2017,3,4,8,0,1
77973,168,2017-03-04 12:00:00,2,Jackson Heights,3060.0,1124.0,2017,3,4,12,0,1
78427,168,2017-03-04 16:00:00,2,Jackson Heights,2605.0,1550.0,2017,3,4,16,0,1
78890,168,2017-03-04 20:00:00,2,Jackson Heights,1406.0,1261.0,2017,3,4,20,0,1
79343,168,2017-03-05 00:00:00,2,Jackson Heights,320.0,742.0,2017,3,5,0,0,1
79806,168,2017-03-05 04:00:00,2,Jackson Heights,430.0,206.0,2017,3,5,4,0,1
80270,168,2017-03-05 08:00:00,2,Jackson Heights,2198.0,453.0,2017,3,5,8,0,1
80715,168,2017-03-05 12:00:00,2,Jackson Heights,2430.0,807.0,2017,3,5,12,0,1
81175,168,2017-03-05 16:00:00,2,Jackson Heights,2102.0,1273.0,2017,3,5,16,0,1
81615,168,2017-03-05 20:00:00,2,Jackson Heights,1224.0,1175.0,2017,3,5,20,0,1
82069,168,2017-03-06 00:00:00,2,Jackson Heights,96.0,554.0,2017,3,6,0,0,1
82498,168,2017-03-06 04:00:00,2,Jackson Heights,1582.0,137.0,2017,3,6,4,0,1
82947,168,2017-03-06 08:00:00,2,Jackson Heights,6728.0,837.0,2017,3,6,8,0,1
83414,168,2017-03-06 12:00:00,2,Jackson Heights,3415.0,1365.0,2017,3,6,12,0,1
83881,168,2017-03-06 16:00:00,2,Jackson Heights,3055.0,3073.0,2017,3,6,16,0,1
84348,168,2017-03-06 20:00:00,2,Jackson Heights,1806.0,2308.0,2017,3,6,20,0,1
84806,168,2017-03-07 00:00:00,2,Jackson Heights,146.0,970.0,2017,3,7,0,0,1
85237,168,2017-03-07 04:00:00,2,Jackson Heights,1946.0,221.0,2017,3,7,4,0,1
85687,168,2017-03-07 08:00:00,2,Jackson Heights,6798.0,728.0,2017,3,7,8,0,1
86154,168,2017-03-07 12:00:00,2,Jackson Heights,3359.0,1402.0,2017,3,7,12,0,1
86621,168,2017-03-07 16:00:00,2,Jackson Heights,2991.0,2262.0,2017,3,7,16,0,1
87088,168,2017-03-07 20:00:00,2,Jackson Heights,1779.0,2390.0,2017,3,7,20,0,1
87548,168,2017-03-08 00:00:00,2,Jackson Heights,161.0,851.0,2017,3,8,0,0,1
87982,168,2017-03-08 04:00:00,2,Jackson Heights,1956.0,207.0,2017,3,8,4,0,1
88434,168,2017-03-08 08:00:00,2,Jackson Heights,6912.0,707.0,2017,3,8,8,0,1
88901,168,2017-03-08 12:00:00,2,Jackson Heights,3428.0,1429.0,2017,3,8,12,0,1
89368,168,2017-03-08 16:00:00,2,Jackson Heights,2928.0,2260.0,2017,3,8,16,0,1
89835,168,2017-03-08 20:00:00,2,Jackson Heights,1842.0,2371.0,2017,3,8,20,0,1
90296,168,2017-03-09 00:00:00,2,Jackson Heights,173.0,894.0,2017,3,9,0,0,1
90732,168,2017-03-09 04:00:00,2,Jackson Heights,2031.0,238.0,2017,3,9,4,0,1
91185,168,2017-03-09 08:00:00,2,Jackson Heights,6835.0,651.0,2017,3,9,8,0,1
91652,168,2017-03-09 12:00:00,2,Jackson Heights,3333.0,1317.0,2017,3,9,12,0,1
92119,168,2017-03-09 16:00:00,2,Jackson Heights,2916.0,2784.0,2017,3,9,16,0,1
92586,168,2017-03-09 20:00:00,2,Jackson Heights,1846.0,2133.0,2017,3,9,20,0,1
93046,168,2017-03-10 00:00:00,2,Jackson Heights,206.0,1051.0,2017,3,10,0,0,1
93485,168,2017-03-10 04:00:00,2,Jackson Heights,1845.0,263.0,2017,3,10,4,0,1
93937,168,2017-03-10 08:00:00,2,Jackson Heights,6387.0,830.0,2017,3,10,8,0,1
94404,168,2017-03-10 12:00:00,2,Jackson Heights,3423.0,1103.0,2017,3,10,12,0,1
94871,168,2017-03-10 16:00:00,2,Jackson Heights,3049.0,2703.0,2017,3,10,16,0,1
95338,168,2017-03-10 20:00:00,2,Jackson Heights,1921.0,2190.0,2017,3,10,20,0,1
95805,168,2017-03-11 00:00:00,2,Jackson Heights,497.0,975.0,2017,3,11,0,0,1
96266,168,2017-03-11 04:00:00,2,Jackson Heights,424.0,361.0,2017,3,11,4,0,1
96720,168,2017-03-11 08:00:00,2,Jackson Heights,3434.0,661.0,2017,3,11,8,0,1
97184,168,2017-03-11 12:00:00,2,Jackson Heights,3171.0,750.0,2017,3,11,12,0,1
97641,168,2017-03-11 16:00:00,2,Jackson Heights,2741.0,1491.0,2017,3,11,16,0,1
98107,168,2017-03-11 20:00:00,2,Jackson Heights,1502.0,1155.0,2017,3,11,20,0,1
98564,168,2017-03-12 00:00:00,2,Jackson Heights,295.0,741.0,2017,3,12,0,0,1
99031,168,2017-03-12 04:00:00,2,Jackson Heights,451.0,240.0,2017,3,12,4,0,1
99494,168,2017-03-12 08:00:00,2,Jackson Heights,1845.0,406.0,2017,3,12,8,0,1
99950,168,2017-03-12 12:00:00,2,Jackson Heights,2734.0,655.0,2017,3,12,12,0,1
100415,168,2017-03-12 16:00:00,2,Jackson Heights,2127.0,1186.0,2017,3,12,16,0,1
100871,168,2017-03-12 20:00:00,2,Jackson Heights,1209.0,1037.0,2017,3,12,20,0,1
101325,168,2017-03-13 00:00:00,2,Jackson Heights,36.0,301.0,2017,3,13,0,0,1
101766,168,2017-03-13 04:00:00,2,Jackson Heights,2689.0,232.0,2017,3,13,4,0,1
102232,168,2017-03-13 08:00:00,2,Jackson Heights,5851.0,673.0,2017,3,13,8,0,1
102699,168,2017-03-13 12:00:00,2,Jackson Heights,3907.0,1287.0,2017,3,13,12,0,1
103166,168,2017-03-13 16:00:00,2,Jackson Heights,3039.0,2606.0,2017,3,13,16,0,1
103633,168,2017-03-13 20:00:00,2,Jackson Heights,2145.0,2482.0,2017,3,13,20,0,1
104100,168,2017-03-14 00:00:00,2,Jackson Heights,398.0,769.0,2017,3,14,0,0,1
104565,168,2017-03-14 04:00:00,2,Jackson Heights,62.0,230.0,2017,3,14,4,0,1
105027,168,2017-03-14 08:00:00,2,Jackson Heights,12.0,8.0,2017,3,14,8,0,1
105460,168,2017-03-14 12:00:00,2,Jackson Heights,17.0,13.0,2017,3,14,12,0,1
105893,168,2017-03-14 16:00:00,2,Jackson Heights,109.0,82.0,2017,3,14,16,0,1
106360,168,2017-03-14 20:00:00,2,Jackson Heights,360.0,397.0,2017,3,14,20,0,1
106803,168,2017-03-15 00:00:00,2,Jackson Heights,1.0,38.0,2017,3,15,0,0,1
107234,168,2017-03-15 04:00:00,2,Jackson Heights,2702.0,119.0,2017,3,15,4,0,1
107700,168,2017-03-15 08:00:00,2,Jackson Heights,5968.0,630.0,2017,3,15,8,0,1
108167,168,2017-03-15 12:00:00,2,Jackson Heights,3975.0,760.0,2017,3,15,12,0,1
108634,168,2017-03-15 16:00:00,2,Jackson Heights,2631.0,2352.0,2017,3,15,16,0,1
109101,168,2017-03-15 20:00:00,2,Jackson Heights,1891.0,1994.0,2017,3,15,20,0,1
109554,168,2017-03-16 00:00:00,2,Jackson Heights,34.0,410.0,2017,3,16,0,0,1
110007,168,2017-03-16 04:00:00,2,Jackson Heights,2927.0,304.0,2017,3,16,4,0,1
110474,168,2017-03-16 08:00:00,2,Jackson Heights,6076.0,663.0,2017,3,16,8,0,1
110941,168,2017-03-16 12:00:00,2,Jackson Heights,3977.0,1241.0,2017,3,16,12,0,1
111408,168,2017-03-16 16:00:00,2,Jackson Heights,2924.0,2465.0,2017,3,16,16,0,1
111875,168,2017-03-16 20:00:00,2,Jackson Heights,2092.0,2084.0,2017,3,16,20,0,1
112334,168,2017-03-17 00:00:00,2,Jackson Heights,76.0,673.0,2017,3,17,0,0,1
112795,168,2017-03-17 04:00:00,2,Jackson Heights,2818.0,304.0,2017,3,17,4,0,1
113261,168,2017-03-17 08:00:00,2,Jackson Heights,6089.0,671.0,2017,3,17,8,0,1
113728,168,2017-03-17 12:00:00,2,Jackson Heights,4056.0,1039.0,2017,3,17,12,0,1
114195,168,2017-03-17 16:00:00,2,Jackson Heights,3066.0,2453.0,2017,3,17,16,0,1
114662,168,2017-03-17 20:00:00,2,Jackson Heights,2271.0,2061.0,2017,3,17,20,0,1
115129,168,2017-03-18 00:00:00,2,Jackson Heights,354.0,989.0,2017,3,18,0,0,1
115594,168,2017-03-18 04:00:00,2,Jackson Heights,1020.0,293.0,2017,3,18,4,0,1
116047,168,2017-03-18 08:00:00,2,Jackson Heights,3096.0,588.0,2017,3,18,8,0,1
116512,168,2017-03-18 12:00:00,2,Jackson Heights,3475.0,856.0,2017,3,18,12,0,1
116969,168,2017-03-18 16:00:00,2,Jackson Heights,2727.0,1503.0,2017,3,18,16,0,1
117435,168,2017-03-18 20:00:00,2,Jackson Heights,1637.0,1482.0,2017,3,18,20,0,1
117893,168,2017-03-19 00:00:00,2,Jackson Heights,416.0,831.0,2017,3,19,0,0,1
118358,168,2017-03-19 04:00:00,2,Jackson Heights,502.0,277.0,2017,3,19,4,0,1
118823,168,2017-03-19 08:00:00,2,Jackson Heights,2107.0,349.0,2017,3,19,8,0,1
119280,168,2017-03-19 12:00:00,2,Jackson Heights,2908.0,929.0,2017,3,19,12,0,1
119746,168,2017-03-19 16:00:00,2,Jackson Heights,2251.0,1015.0,2017,3,19,16,0,1
120200,168,2017-03-19 20:00:00,2,Jackson Heights,1344.0,1308.0,2017,3,19,20,0,1
120656,168,2017-03-20 00:00:00,2,Jackson Heights,40.0,209.0,2017,3,20,0,0,1
121099,168,2017-03-20 04:00:00,2,Jackson Heights,2834.0,211.0,2017,3,20,4,0,1
121566,168,2017-03-20 08:00:00,2,Jackson Heights,6030.0,588.0,2017,3,20,8,0,1
122033,168,2017-03-20 12:00:00,2,Jackson Heights,3894.0,1259.0,2017,3,20,12,0,1
122500,168,2017-03-20 16:00:00,2,Jackson Heights,2869.0,1967.0,2017,3,20,16,0,1
122967,168,2017-03-20 20:00:00,2,Jackson Heights,2098.0,2662.0,2017,3,20,20,0,1
123424,168,2017-03-21 00:00:00,2,Jackson Heights,51.0,242.0,2017,3,21,0,0,1
123873,168,2017-03-21 04:00:00,2,Jackson Heights,2907.0,265.0,2017,3,21,4,0,1
124340,168,2017-03-21 08:00:00,2,Jackson Heights,6037.0,627.0,2017,3,21,8,0,1
124807,168,2017-03-21 12:00:00,2,Jackson Heights,3922.0,1341.0,2017,3,21,12,0,1
125274,168,2017-03-21 16:00:00,2,Jackson Heights,3007.0,2702.0,2017,3,21,16,0,1
125741,168,2017-03-21 20:00:00,2,Jackson Heights,2149.0,2693.0,2017,3,21,20,0,1
126200,168,2017-03-22 00:00:00,2,Jackson Heights,63.0,526.0,2017,3,22,0,0,1
126658,168,2017-03-22 04:00:00,2,Jackson Heights,2926.0,295.0,2017,3,22,4,0,1
127124,168,2017-03-22 08:00:00,2,Jackson Heights,6129.0,745.0,2017,3,22,8,0,1
127591,168,2017-03-22 12:00:00,2,Jackson Heights,3910.0,1324.0,2017,3,22,12,0,1
128058,168,2017-03-22 16:00:00,2,Jackson Heights,2822.0,2561.0,2017,3,22,16,0,1
128525,168,2017-03-22 20:00:00,2,Jackson Heights,2004.0,2605.0,2017,3,22,20,0,1
128980,168,2017-03-23 00:00:00,2,Jackson Heights,56.0,279.0,2017,3,23,0,0,1
129432,168,2017-03-23 04:00:00,2,Jackson Heights,2886.0,289.0,2017,3,23,4,0,1
129898,168,2017-03-23 08:00:00,2,Jackson Heights,6011.0,590.0,2017,3,23,8,0,1
130365,168,2017-03-23 12:00:00,2,Jackson Heights,3930.0,1339.0,2017,3,23,12,0,1
130832,168,2017-03-23 16:00:00,2,Jackson Heights,2980.0,1949.0,2017,3,23,16,0,1
131299,168,2017-03-23 20:00:00,2,Jackson Heights,2126.0,2650.0,2017,3,23,20,0,1
131758,168,2017-03-24 00:00:00,2,Jackson Heights,62.0,743.0,2017,3,24,0,0,1
132217,168,2017-03-24 04:00:00,2,Jackson Heights,2782.0,328.0,2017,3,24,4,0,1
132683,168,2017-03-24 08:00:00,2,Jackson Heights,5924.0,624.0,2017,3,24,8,0,1
133150,168,2017-03-24 12:00:00,2,Jackson Heights,3972.0,1362.0,2017,3,24,12,0,1
133617,168,2017-03-24 16:00:00,2,Jackson Heights,2960.0,1893.0,2017,3,24,16,0,1
134084,168,2017-03-24 20:00:00,2,Jackson Heights,2155.0,2517.0,2017,3,24,20,0,1
134551,168,2017-03-25 00:00:00,2,Jackson Heights,381.0,961.0,2017,3,25,0,0,1
135011,168,2017-03-25 04:00:00,2,Jackson Heights,1064.0,319.0,2017,3,25,4,0,1
135466,168,2017-03-25 08:00:00,2,Jackson Heights,3147.0,585.0,2017,3,25,8,0,1
135926,168,2017-03-25 12:00:00,2,Jackson Heights,3466.0,1104.0,2017,3,25,12,0,1
136376,168,2017-03-25 16:00:00,2,Jackson Heights,2832.0,1542.0,2017,3,25,16,0,1
136838,168,2017-03-25 20:00:00,2,Jackson Heights,1729.0,1489.0,2017,3,25,20,0,1
137294,168,2017-03-26 00:00:00,2,Jackson Heights,393.0,789.0,2017,3,26,0,0,1
137758,168,2017-03-26 04:00:00,2,Jackson Heights,490.0,276.0,2017,3,26,4,0,1
138218,168,2017-03-26 08:00:00,2,Jackson Heights,1959.0,383.0,2017,3,26,8,0,1
138667,168,2017-03-26 12:00:00,2,Jackson Heights,2728.0,902.0,2017,3,26,12,0,1
139123,168,2017-03-26 16:00:00,2,Jackson Heights,2190.0,1246.0,2017,3,26,16,0,1
139573,168,2017-03-26 20:00:00,2,Jackson Heights,1323.0,1207.0,2017,3,26,20,0,1
140025,168,2017-03-27 00:00:00,2,Jackson Heights,37.0,233.0,2017,3,27,0,0,1
140465,168,2017-03-27 04:00:00,2,Jackson Heights,2761.0,180.0,2017,3,27,4,0,1
140932,168,2017-03-27 08:00:00,2,Jackson Heights,5802.0,715.0,2017,3,27,8,0,1
141399,168,2017-03-27 12:00:00,2,Jackson Heights,3823.0,1293.0,2017,3,27,12,0,1
141866,168,2017-03-27 16:00:00,2,Jackson Heights,2883.0,2526.0,2017,3,27,16,0,1
142333,168,2017-03-27 20:00:00,2,Jackson Heights,2045.0,2578.0,2017,3,27,20,0,1
142790,168,2017-03-28 00:00:00,2,Jackson Heights,33.0,356.0,2017,3,28,0,0,1
143242,168,2017-03-28 04:00:00,2,Jackson Heights,2481.0,278.0,2017,3,28,4,0,1
143709,168,2017-03-28 08:00:00,2,Jackson Heights,6010.0,719.0,2017,3,28,8,0,1
144176,168,2017-03-28 12:00:00,2,Jackson Heights,3872.0,1352.0,2017,3,28,12,0,1
144643,168,2017-03-28 16:00:00,2,Jackson Heights,2763.0,2570.0,2017,3,28,16,0,1
145110,168,2017-03-28 20:00:00,2,Jackson Heights,1967.0,2520.0,2017,3,28,20,0,1
145566,168,2017-03-29 00:00:00,2,Jackson Heights,30.0,354.0,2017,3,29,0,0,1
146012,168,2017-03-29 04:00:00,2,Jackson Heights,2940.0,291.0,2017,3,29,4,0,1
146479,168,2017-03-29 08:00:00,2,Jackson Heights,6143.0,726.0,2017,3,29,8,0,1
146946,168,2017-03-29 12:00:00,2,Jackson Heights,4001.0,1320.0,2017,3,29,12,0,1
147413,168,2017-03-29 16:00:00,2,Jackson Heights,2959.0,2569.0,2017,3,29,16,0,1
147880,168,2017-03-29 20:00:00,2,Jackson Heights,2106.0,2627.0,2017,3,29,20,0,1
148337,168,2017-03-30 00:00:00,2,Jackson Heights,35.0,529.0,2017,3,30,0,0,1
148790,168,2017-03-30 04:00:00,2,Jackson Heights,2994.0,332.0,2017,3,30,4,0,1
149257,168,2017-03-30 08:00:00,2,Jackson Heights,6101.0,705.0,2017,3,30,8,0,1
149724,168,2017-03-30 12:00:00,2,Jackson Heights,3861.0,1255.0,2017,3,30,12,0,1
150191,168,2017-03-30 16:00:00,2,Jackson Heights,2888.0,2619.0,2017,3,30,16,0,1
150658,168,2017-03-30 20:00:00,2,Jackson Heights,2042.0,2703.0,2017,3,30,20,0,1
151114,168,2017-03-31 00:00:00,2,Jackson Heights,35.0,484.0,2017,3,31,0,0,1
151571,168,2017-03-31 04:00:00,2,Jackson Heights,2733.0,337.0,2017,3,31,4,0,1
152038,168,2017-03-31 08:00:00,2,Jackson Heights,5751.0,671.0,2017,3,31,8,0,1
152505,168,2017-03-31 12:00:00,2,Jackson Heights,3792.0,1316.0,2017,3,31,12,0,1
152972,168,2017-03-31 16:00:00,2,Jackson Heights,2770.0,2441.0,2017,3,31,16,0,1
153439,168,2017-03-31 20:00:00,2,Jackson Heights,1888.0,2342.0,2017,3,31,20,0,1
153906,168,2017-04-01 00:00:00,2,Jackson Heights,223.0,812.0,2017,4,1,0,0,1
154368,168,2017-04-01 04:00:00,2,Jackson Heights,1063.0,364.0,2017,4,1,4,0,1
154827,168,2017-04-01 08:00:00,2,Jackson Heights,3100.0,588.0,2017,4,1,8,0,1
155288,168,2017-04-01 12:00:00,2,Jackson Heights,3482.0,1308.0,2017,4,1,12,0,1
155749,168,2017-04-01 16:00:00,2,Jackson Heights,2912.0,1840.0,2017,4,1,16,0,1
156211,168,2017-04-01 20:00:00,2,Jackson Heights,1823.0,1726.0,2017,4,1,20,0,1
156674,168,2017-04-02 00:00:00,2,Jackson Heights,449.0,950.0,2017,4,2,0,0,1
157137,168,2017-04-02 04:00:00,2,Jackson Heights,551.0,318.0,2017,4,2,4,0,1
157598,168,2017-04-02 08:00:00,2,Jackson Heights,2309.0,468.0,2017,4,2,8,0,1
158055,168,2017-04-02 12:00:00,2,Jackson Heights,3134.0,1011.0,2017,4,2,12,0,1
158516,168,2017-04-02 16:00:00,2,Jackson Heights,2483.0,1575.0,2017,4,2,16,0,1
158974,168,2017-04-02 20:00:00,2,Jackson Heights,1507.0,1588.0,2017,4,2,20,0,1
159426,168,2017-04-03 00:00:00,2,Jackson Heights,28.0,321.0,2017,4,3,0,0,1
159874,168,2017-04-03 04:00:00,2,Jackson Heights,2955.0,279.0,2017,4,3,4,0,1
160340,168,2017-04-03 08:00:00,2,Jackson Heights,6078.0,772.0,2017,4,3,8,0,1
160807,168,2017-04-03 12:00:00,2,Jackson Heights,3820.0,1291.0,2017,4,3,12,0,1
161274,168,2017-04-03 16:00:00,2,Jackson Heights,2938.0,2588.0,2017,4,3,16,0,1
161741,168,2017-04-03 20:00:00,2,Jackson Heights,2117.0,2659.0,2017,4,3,20,0,1
162193,168,2017-04-04 00:00:00,2,Jackson Heights,49.0,589.0,2017,4,4,0,0,1
162644,168,2017-04-04 04:00:00,2,Jackson Heights,2008.0,289.0,2017,4,4,4,0,1
163111,168,2017-04-04 08:00:00,2,Jackson Heights,5925.0,697.0,2017,4,4,8,0,1
163578,168,2017-04-04 12:00:00,2,Jackson Heights,3909.0,1253.0,2017,4,4,12,0,1
164045,168,2017-04-04 16:00:00,2,Jackson Heights,2833.0,2551.0,2017,4,4,16,0,1
164512,168,2017-04-04 20:00:00,2,Jackson Heights,1970.0,2607.0,2017,4,4,20,0,1
164971,168,2017-04-05 00:00:00,2,Jackson Heights,20.0,209.0,2017,4,5,0,0,1
165423,168,2017-04-05 04:00:00,2,Jackson Heights,2490.0,286.0,2017,4,5,4,0,1
165889,168,2017-04-05 08:00:00,2,Jackson Heights,6253.0,717.0,2017,4,5,8,0,1
166356,168,2017-04-05 12:00:00,2,Jackson Heights,3982.0,1233.0,2017,4,5,12,0,1
166823,168,2017-04-05 16:00:00,2,Jackson Heights,2937.0,2545.0,2017,4,5,16,0,1
167290,168,2017-04-05 20:00:00,2,Jackson Heights,2125.0,2827.0,2017,4,5,20,0,1
167749,168,2017-04-06 00:00:00,2,Jackson Heights,13.0,585.0,2017,4,6,0,0,1
168205,168,2017-04-06 04:00:00,2,Jackson Heights,2821.0,203.0,2017,4,6,4,0,1
168671,168,2017-04-06 08:00:00,2,Jackson Heights,5988.0,750.0,2017,4,6,8,0,1
169138,168,2017-04-06 12:00:00,2,Jackson Heights,3875.0,1335.0,2017,4,6,12,0,1
169605,168,2017-04-06 16:00:00,2,Jackson Heights,2564.0,2276.0,2017,4,6,16,0,1
170072,168,2017-04-06 20:00:00,2,Jackson Heights,1819.0,2488.0,2017,4,6,20,0,1
170531,168,2017-04-07 00:00:00,2,Jackson Heights,31.0,389.0,2017,4,7,0,0,1
170991,168,2017-04-07 04:00:00,2,Jackson Heights,2792.0,189.0,2017,4,7,4,0,1
171458,168,2017-04-07 08:00:00,2,Jackson Heights,5987.0,679.0,2017,4,7,8,0,1
171925,168,2017-04-07 12:00:00,2,Jackson Heights,3777.0,1165.0,2017,4,7,12,0,1
172392,168,2017-04-07 16:00:00,2,Jackson Heights,2998.0,2504.0,2017,4,7,16,0,1
172859,168,2017-04-07 20:00:00,2,Jackson Heights,2214.0,2698.0,2017,4,7,20,0,1
173326,168,2017-04-08 00:00:00,2,Jackson Heights,314.0,1065.0,2017,4,8,0,0,1
173790,168,2017-04-08 04:00:00,2,Jackson Heights,1147.0,310.0,2017,4,8,4,0,1
174236,168,2017-04-08 08:00:00,2,Jackson Heights,3233.0,632.0,2017,4,8,8,0,1
174699,168,2017-04-08 12:00:00,2,Jackson Heights,3512.0,1208.0,2017,4,8,12,0,1
175146,168,2017-04-08 16:00:00,2,Jackson Heights,2940.0,1717.0,2017,4,8,16,0,1
175609,168,2017-04-08 20:00:00,2,Jackson Heights,1883.0,1782.0,2017,4,8,20,0,1
176061,168,2017-04-09 00:00:00,2,Jackson Heights,486.0,958.0,2017,4,9,0,0,1
176527,168,2017-04-09 04:00:00,2,Jackson Heights,559.0,280.0,2017,4,9,4,0,1
176987,168,2017-04-09 08:00:00,2,Jackson Heights,2304.0,462.0,2017,4,9,8,0,1
177437,168,2017-04-09 12:00:00,2,Jackson Heights,3207.0,897.0,2017,4,9,12,0,1
177899,168,2017-04-09 16:00:00,2,Jackson Heights,2530.0,1478.0,2017,4,9,16,0,1
178348,168,2017-04-09 20:00:00,2,Jackson Heights,1462.0,1635.0,2017,4,9,20,0,1
178803,168,2017-04-10 00:00:00,2,Jackson Heights,62.0,410.0,2017,4,10,0,0,1
179247,168,2017-04-10 04:00:00,2,Jackson Heights,2469.0,235.0,2017,4,10,4,0,1
179713,168,2017-04-10 08:00:00,2,Jackson Heights,5293.0,716.0,2017,4,10,8,0,1
180180,168,2017-04-10 12:00:00,2,Jackson Heights,3840.0,1272.0,2017,4,10,12,0,1
180647,168,2017-04-10 16:00:00,2,Jackson Heights,3049.0,2468.0,2017,4,10,16,0,1
181114,168,2017-04-10 20:00:00,2,Jackson Heights,2092.0,2624.0,2017,4,10,20,0,1
181577,168,2017-04-11 00:00:00,2,Jackson Heights,109.0,806.0,2017,4,11,0,0,1
182035,168,2017-04-11 04:00:00,2,Jackson Heights,1916.0,259.0,2017,4,11,4,0,1
182502,168,2017-04-11 08:00:00,2,Jackson Heights,5160.0,749.0,2017,4,11,8,0,1
182969,168,2017-04-11 12:00:00,2,Jackson Heights,3790.0,1243.0,2017,4,11,12,0,1
183436,168,2017-04-11 16:00:00,2,Jackson Heights,3110.0,2299.0,2017,4,11,16,0,1
183903,168,2017-04-11 20:00:00,2,Jackson Heights,2161.0,2568.0,2017,4,11,20,0,1
184365,168,2017-04-12 00:00:00,2,Jackson Heights,96.0,938.0,2017,4,12,0,0,1
184827,168,2017-04-12 04:00:00,2,Jackson Heights,1706.0,293.0,2017,4,12,4,0,1
185294,168,2017-04-12 08:00:00,2,Jackson Heights,5203.0,726.0,2017,4,12,8,0,1
185761,168,2017-04-12 12:00:00,2,Jackson Heights,3691.0,1122.0,2017,4,12,12,0,1
186228,168,2017-04-12 16:00:00,2,Jackson Heights,2912.0,2205.0,2017,4,12,16,0,1
186695,168,2017-04-12 20:00:00,2,Jackson Heights,2078.0,2513.0,2017,4,12,20,0,1
187156,168,2017-04-13 00:00:00,2,Jackson Heights,97.0,851.0,2017,4,13,0,0,1
187617,168,2017-04-13 04:00:00,2,Jackson Heights,2383.0,290.0,2017,4,13,4,0,1
188084,168,2017-04-13 08:00:00,2,Jackson Heights,5158.0,675.0,2017,4,13,8,0,1
188551,168,2017-04-13 12:00:00,2,Jackson Heights,3766.0,1105.0,2017,4,13,12,0,1
189018,168,2017-04-13 16:00:00,2,Jackson Heights,3004.0,2310.0,2017,4,13,16,0,1
189485,168,2017-04-13 20:00:00,2,Jackson Heights,2099.0,2644.0,2017,4,13,20,0,1
189951,168,2017-04-14 00:00:00,2,Jackson Heights,188.0,1043.0,2017,4,14,0,0,1
190415,168,2017-04-14 04:00:00,2,Jackson Heights,1851.0,297.0,2017,4,14,4,0,1
190881,168,2017-04-14 08:00:00,2,Jackson Heights,4288.0,623.0,2017,4,14,8,0,1
191347,168,2017-04-14 12:00:00,2,Jackson Heights,3619.0,1145.0,2017,4,14,12,0,1
191814,168,2017-04-14 16:00:00,2,Jackson Heights,3013.0,1990.0,2017,4,14,16,0,1
192281,168,2017-04-14 20:00:00,2,Jackson Heights,1971.0,2212.0,2017,4,14,20,0,1
192748,168,2017-04-15 00:00:00,2,Jackson Heights,339.0,1092.0,2017,4,15,0,0,1
193214,168,2017-04-15 04:00:00,2,Jackson Heights,965.0,317.0,2017,4,15,4,0,1
193669,168,2017-04-15 08:00:00,2,Jackson Heights,2977.0,494.0,2017,4,15,8,0,1
194136,168,2017-04-15 12:00:00,2,Jackson Heights,3520.0,1094.0,2017,4,15,12,0,1
194591,168,2017-04-15 16:00:00,2,Jackson Heights,2839.0,1599.0,2017,4,15,16,0,1
195058,168,2017-04-15 20:00:00,2,Jackson Heights,1747.0,1695.0,2017,4,15,20,0,1
195514,168,2017-04-16 00:00:00,2,Jackson Heights,480.0,1002.0,2017,4,16,0,0,1
195979,168,2017-04-16 04:00:00,2,Jackson Heights,496.0,320.0,2017,4,16,4,0,1
196445,168,2017-04-16 08:00:00,2,Jackson Heights,2196.0,403.0,2017,4,16,8,0,1
196901,168,2017-04-16 12:00:00,2,Jackson Heights,3349.0,947.0,2017,4,16,12,0,1
197368,168,2017-04-16 16:00:00,2,Jackson Heights,2649.0,1553.0,2017,4,16,16,0,1
197823,168,2017-04-16 20:00:00,2,Jackson Heights,1406.0,1693.0,2017,4,16,20,0,1
198287,168,2017-04-17 00:00:00,2,Jackson Heights,115.0,811.0,2017,4,17,0,0,1
198736,168,2017-04-17 04:00:00,2,Jackson Heights,1384.0,180.0,2017,4,17,4,0,1
199202,168,2017-04-17 08:00:00,2,Jackson Heights,4973.0,683.0,2017,4,17,8,0,1
199669,168,2017-04-17 12:00:00,2,Jackson Heights,3769.0,1326.0,2017,4,17,12,0,1
200136,168,2017-04-17 16:00:00,2,Jackson Heights,3040.0,2442.0,2017,4,17,16,0,1
200603,168,2017-04-17 20:00:00,2,Jackson Heights,2156.0,2477.0,2017,4,17,20,0,1
201065,168,2017-04-18 00:00:00,2,Jackson Heights,125.0,806.0,2017,4,18,0,0,1
201522,168,2017-04-18 04:00:00,2,Jackson Heights,2382.0,253.0,2017,4,18,4,0,1
201988,168,2017-04-18 08:00:00,2,Jackson Heights,5206.0,676.0,2017,4,18,8,0,1
202455,168,2017-04-18 12:00:00,2,Jackson Heights,3916.0,1225.0,2017,4,18,12,0,1
202922,168,2017-04-18 16:00:00,2,Jackson Heights,3090.0,2486.0,2017,4,18,16,0,1
203389,168,2017-04-18 20:00:00,2,Jackson Heights,2080.0,2595.0,2017,4,18,20,0,1
203848,168,2017-04-19 00:00:00,2,Jackson Heights,52.0,713.0,2017,4,19,0,0,1
204296,168,2017-04-19 04:00:00,2,Jackson Heights,2974.0,296.0,2017,4,19,4,0,1
204762,168,2017-04-19 08:00:00,2,Jackson Heights,6099.0,746.0,2017,4,19,8,0,1
205229,168,2017-04-19 12:00:00,2,Jackson Heights,3963.0,1462.0,2017,4,19,12,0,1
205696,168,2017-04-19 16:00:00,2,Jackson Heights,2375.0,1836.0,2017,4,19,16,0,1
206163,168,2017-04-19 20:00:00,2,Jackson Heights,1463.0,1879.0,2017,4,19,20,0,1
206619,168,2017-04-20 00:00:00,2,Jackson Heights,49.0,723.0,2017,4,20,0,0,1
207072,168,2017-04-20 04:00:00,2,Jackson Heights,2852.0,300.0,2017,4,20,4,0,1
207539,168,2017-04-20 08:00:00,2,Jackson Heights,5996.0,720.0,2017,4,20,8,0,1
208006,168,2017-04-20 12:00:00,2,Jackson Heights,3866.0,1209.0,2017,4,20,12,0,1
208473,168,2017-04-20 16:00:00,2,Jackson Heights,2850.0,2397.0,2017,4,20,16,0,1
208940,168,2017-04-20 20:00:00,2,Jackson Heights,2076.0,2711.0,2017,4,20,20,0,1
209399,168,2017-04-21 00:00:00,2,Jackson Heights,47.0,884.0,2017,4,21,0,0,1
209861,168,2017-04-21 04:00:00,2,Jackson Heights,1910.0,297.0,2017,4,21,4,0,1
210324,168,2017-04-21 08:00:00,2,Jackson Heights,5964.0,691.0,2017,4,21,8,0,1
210791,168,2017-04-21 12:00:00,2,Jackson Heights,3801.0,1159.0,2017,4,21,12,0,1
211258,168,2017-04-21 16:00:00,2,Jackson Heights,2825.0,2341.0,2017,4,21,16,0,1
211725,168,2017-04-21 20:00:00,2,Jackson Heights,2100.0,2565.0,2017,4,21,20,0,1
212192,168,2017-04-22 00:00:00,2,Jackson Heights,338.0,1001.0,2017,4,22,0,0,1
212658,168,2017-04-22 04:00:00,2,Jackson Heights,983.0,348.0,2017,4,22,4,0,1
213116,168,2017-04-22 08:00:00,2,Jackson Heights,3303.0,649.0,2017,4,22,8,0,1
213583,168,2017-04-22 12:00:00,2,Jackson Heights,3589.0,1217.0,2017,4,22,12,0,1
214040,168,2017-04-22 16:00:00,2,Jackson Heights,2800.0,1772.0,2017,4,22,16,0,1
214507,168,2017-04-22 20:00:00,2,Jackson Heights,1696.0,1727.0,2017,4,22,20,0,1
214965,168,2017-04-23 00:00:00,2,Jackson Heights,443.0,847.0,2017,4,23,0,0,1
215429,168,2017-04-23 04:00:00,2,Jackson Heights,549.0,330.0,2017,4,23,4,0,1
215895,168,2017-04-23 08:00:00,2,Jackson Heights,2224.0,461.0,2017,4,23,8,0,1
216350,168,2017-04-23 12:00:00,2,Jackson Heights,3125.0,903.0,2017,4,23,12,0,1
216816,168,2017-04-23 16:00:00,2,Jackson Heights,2518.0,1406.0,2017,4,23,16,0,1
217272,168,2017-04-23 20:00:00,2,Jackson Heights,1476.0,1503.0,2017,4,23,20,0,1
217731,168,2017-04-24 00:00:00,2,Jackson Heights,28.0,520.0,2017,4,24,0,0,1
218177,168,2017-04-24 04:00:00,2,Jackson Heights,2937.0,240.0,2017,4,24,4,0,1
218644,168,2017-04-24 08:00:00,2,Jackson Heights,5942.0,709.0,2017,4,24,8,0,1
219110,168,2017-04-24 12:00:00,2,Jackson Heights,3587.0,1417.0,2017,4,24,12,0,1
219577,168,2017-04-24 16:00:00,2,Jackson Heights,2707.0,2698.0,2017,4,24,16,0,1
220044,168,2017-04-24 20:00:00,2,Jackson Heights,2034.0,2579.0,2017,4,24,20,0,1
220499,168,2017-04-25 00:00:00,2,Jackson Heights,25.0,370.0,2017,4,25,0,0,1
220948,168,2017-04-25 04:00:00,2,Jackson Heights,2909.0,231.0,2017,4,25,4,0,1
221414,168,2017-04-25 08:00:00,2,Jackson Heights,5935.0,739.0,2017,4,25,8,0,1
221881,168,2017-04-25 12:00:00,2,Jackson Heights,3807.0,1340.0,2017,4,25,12,0,1
222348,168,2017-04-25 16:00:00,2,Jackson Heights,2843.0,2705.0,2017,4,25,16,0,1
222815,168,2017-04-25 20:00:00,2,Jackson Heights,1895.0,2664.0,2017,4,25,20,0,1
223268,168,2017-04-26 00:00:00,2,Jackson Heights,7.0,195.0,2017,4,26,0,0,1
223713,168,2017-04-26 04:00:00,2,Jackson Heights,2500.0,268.0,2017,4,26,4,0,1
224180,168,2017-04-26 08:00:00,2,Jackson Heights,6118.0,676.0,2017,4,26,8,0,1
224647,168,2017-04-26 12:00:00,2,Jackson Heights,3841.0,1567.0,2017,4,26,12,0,1
225114,168,2017-04-26 16:00:00,2,Jackson Heights,2723.0,2688.0,2017,4,26,16,0,1
225581,168,2017-04-26 20:00:00,2,Jackson Heights,1997.0,2544.0,2017,4,26,20,0,1
226039,168,2017-04-27 00:00:00,2,Jackson Heights,35.0,570.0,2017,4,27,0,0,1
226495,168,2017-04-27 04:00:00,2,Jackson Heights,2606.0,300.0,2017,4,27,4,0,1
226962,168,2017-04-27 08:00:00,2,Jackson Heights,6102.0,710.0,2017,4,27,8,0,1
227429,168,2017-04-27 12:00:00,2,Jackson Heights,4002.0,806.0,2017,4,27,12,0,1
227896,168,2017-04-27 16:00:00,2,Jackson Heights,2840.0,2604.0,2017,4,27,16,0,1
228363,168,2017-04-27 20:00:00,2,Jackson Heights,2039.0,2175.0,2017,4,27,20,0,1
228821,168,2017-04-28 00:00:00,2,Jackson Heights,80.0,711.0,2017,4,28,0,0,1
229275,168,2017-04-28 04:00:00,2,Jackson Heights,2949.0,197.0,2017,4,28,4,0,1
229742,168,2017-04-28 08:00:00,2,Jackson Heights,5968.0,674.0,2017,4,28,8,0,1
230209,168,2017-04-28 12:00:00,2,Jackson Heights,3663.0,1399.0,2017,4,28,12,0,1
230676,168,2017-04-28 16:00:00,2,Jackson Heights,2846.0,1843.0,2017,4,28,16,0,1
231143,168,2017-04-28 20:00:00,2,Jackson Heights,2232.0,2507.0,2017,4,28,20,0,1
231610,168,2017-04-29 00:00:00,2,Jackson Heights,401.0,971.0,2017,4,29,0,0,1
232075,168,2017-04-29 04:00:00,2,Jackson Heights,1078.0,296.0,2017,4,29,4,0,1
232531,168,2017-04-29 08:00:00,2,Jackson Heights,3007.0,333.0,2017,4,29,8,0,1
232991,168,2017-04-29 12:00:00,2,Jackson Heights,3178.0,1285.0,2017,4,29,12,0,1
233449,168,2017-04-29 16:00:00,2,Jackson Heights,2430.0,1787.0,2017,4,29,16,0,1
233913,168,2017-04-29 20:00:00,2,Jackson Heights,1480.0,1936.0,2017,4,29,20,0,1
234371,168,2017-04-30 00:00:00,2,Jackson Heights,410.0,1083.0,2017,4,30,0,0,1
234836,168,2017-04-30 04:00:00,2,Jackson Heights,517.0,260.0,2017,4,30,4,0,1
235297,168,2017-04-30 08:00:00,2,Jackson Heights,1982.0,445.0,2017,4,30,8,0,1
235750,168,2017-04-30 12:00:00,2,Jackson Heights,2558.0,968.0,2017,4,30,12,0,1
236212,168,2017-04-30 16:00:00,2,Jackson Heights,1899.0,1544.0,2017,4,30,16,0,1
236667,168,2017-04-30 20:00:00,2,Jackson Heights,1154.0,1636.0,2017,4,30,20,0,1
237119,168,2017-05-01 00:00:00,2,Jackson Heights,5.0,193.0,2017,5,1,0,0,1
237565,168,2017-05-01 04:00:00,2,Jackson Heights,2481.0,223.0,2017,5,1,4,0,1
238032,168,2017-05-01 08:00:00,2,Jackson Heights,5881.0,759.0,2017,5,1,8,0,1
238498,168,2017-05-01 12:00:00,2,Jackson Heights,3743.0,1330.0,2017,5,1,12,0,1
238965,168,2017-05-01 16:00:00,2,Jackson Heights,3019.0,2548.0,2017,5,1,16,0,1
239432,168,2017-05-01 20:00:00,2,Jackson Heights,2164.0,2579.0,2017,5,1,20,0,1
239889,168,2017-05-02 00:00:00,2,Jackson Heights,35.0,593.0,2017,5,2,0,0,1
240342,168,2017-05-02 04:00:00,2,Jackson Heights,3015.0,322.0,2017,5,2,4,0,1
240809,168,2017-05-02 08:00:00,2,Jackson Heights,6151.0,702.0,2017,5,2,8,0,1
241276,168,2017-05-02 12:00:00,2,Jackson Heights,3829.0,1233.0,2017,5,2,12,0,1
241742,168,2017-05-02 16:00:00,2,Jackson Heights,2861.0,2576.0,2017,5,2,16,0,1
242209,168,2017-05-02 20:00:00,2,Jackson Heights,2101.0,2779.0,2017,5,2,20,0,1
242668,168,2017-05-03 00:00:00,2,Jackson Heights,24.0,524.0,2017,5,3,0,0,1
243120,168,2017-05-03 04:00:00,2,Jackson Heights,3032.0,294.0,2017,5,3,4,0,1
243587,168,2017-05-03 08:00:00,2,Jackson Heights,6200.0,732.0,2017,5,3,8,0,1
244054,168,2017-05-03 12:00:00,2,Jackson Heights,3858.0,1243.0,2017,5,3,12,0,1
244520,168,2017-05-03 16:00:00,2,Jackson Heights,2856.0,2566.0,2017,5,3,16,0,1
244987,168,2017-05-03 20:00:00,2,Jackson Heights,2115.0,2703.0,2017,5,3,20,0,1
245446,168,2017-05-04 00:00:00,2,Jackson Heights,41.0,641.0,2017,5,4,0,0,1
245896,168,2017-05-04 04:00:00,2,Jackson Heights,2622.0,318.0,2017,5,4,4,0,1
246362,168,2017-05-04 08:00:00,2,Jackson Heights,6120.0,656.0,2017,5,4,8,0,1
246828,168,2017-05-04 12:00:00,2,Jackson Heights,3851.0,1230.0,2017,5,4,12,0,1
247295,168,2017-05-04 16:00:00,2,Jackson Heights,2929.0,2584.0,2017,5,4,16,0,1
247762,168,2017-05-04 20:00:00,2,Jackson Heights,2111.0,2721.0,2017,5,4,20,0,1
248220,168,2017-05-05 00:00:00,2,Jackson Heights,65.0,784.0,2017,5,5,0,0,1
248680,168,2017-05-05 04:00:00,2,Jackson Heights,2834.0,290.0,2017,5,5,4,0,1
249146,168,2017-05-05 08:00:00,2,Jackson Heights,5859.0,689.0,2017,5,5,8,0,1
249613,168,2017-05-05 12:00:00,2,Jackson Heights,3633.0,1230.0,2017,5,5,12,0,1
250079,168,2017-05-05 16:00:00,2,Jackson Heights,2626.0,2328.0,2017,5,5,16,0,1
250546,168,2017-05-05 20:00:00,2,Jackson Heights,1973.0,2436.0,2017,5,5,20,0,1
251013,168,2017-05-06 00:00:00,2,Jackson Heights,306.0,930.0,2017,5,6,0,0,1
251477,168,2017-05-06 04:00:00,2,Jackson Heights,1105.0,352.0,2017,5,6,4,0,1
251928,168,2017-05-06 08:00:00,2,Jackson Heights,3257.0,454.0,2017,5,6,8,0,1
252392,168,2017-05-06 12:00:00,2,Jackson Heights,3567.0,1274.0,2017,5,6,12,0,1
252842,168,2017-05-06 16:00:00,2,Jackson Heights,2843.0,1538.0,2017,5,6,16,0,1
253306,168,2017-05-06 20:00:00,2,Jackson Heights,1812.0,1832.0,2017,5,6,20,0,1
253763,168,2017-05-07 00:00:00,2,Jackson Heights,500.0,898.0,2017,5,7,0,0,1
254223,168,2017-05-07 04:00:00,2,Jackson Heights,564.0,369.0,2017,5,7,4,0,1
254689,168,2017-05-07 08:00:00,2,Jackson Heights,2259.0,445.0,2017,5,7,8,0,1
255138,168,2017-05-07 12:00:00,2,Jackson Heights,3181.0,1022.0,2017,5,7,12,0,1
255603,168,2017-05-07 16:00:00,2,Jackson Heights,2442.0,1507.0,2017,5,7,16,0,1
256049,168,2017-05-07 20:00:00,2,Jackson Heights,1380.0,1428.0,2017,5,7,20,0,1
256503,168,2017-05-08 00:00:00,2,Jackson Heights,35.0,310.0,2017,5,8,0,0,1
256940,168,2017-05-08 04:00:00,2,Jackson Heights,2934.0,239.0,2017,5,8,4,0,1
257407,168,2017-05-08 08:00:00,2,Jackson Heights,6007.0,683.0,2017,5,8,8,0,1
257874,168,2017-05-08 12:00:00,2,Jackson Heights,3817.0,1329.0,2017,5,8,12,0,1
258340,168,2017-05-08 16:00:00,2,Jackson Heights,2966.0,2647.0,2017,5,8,16,0,1
258807,168,2017-05-08 20:00:00,2,Jackson Heights,2141.0,2733.0,2017,5,8,20,0,1
259260,168,2017-05-09 00:00:00,2,Jackson Heights,21.0,640.0,2017,5,9,0,0,1
259706,168,2017-05-09 04:00:00,2,Jackson Heights,2996.0,274.0,2017,5,9,4,0,1
260173,168,2017-05-09 08:00:00,2,Jackson Heights,6079.0,687.0,2017,5,9,8,0,1
260639,168,2017-05-09 12:00:00,2,Jackson Heights,3824.0,1280.0,2017,5,9,12,0,1
261106,168,2017-05-09 16:00:00,2,Jackson Heights,2926.0,2507.0,2017,5,9,16,0,1
261572,168,2017-05-09 20:00:00,2,Jackson Heights,2132.0,2648.0,2017,5,9,20,0,1
262029,168,2017-05-10 00:00:00,2,Jackson Heights,27.0,355.0,2017,5,10,0,0,1
262482,168,2017-05-10 04:00:00,2,Jackson Heights,2532.0,301.0,2017,5,10,4,0,1
262948,168,2017-05-10 08:00:00,2,Jackson Heights,6135.0,707.0,2017,5,10,8,0,1
263415,168,2017-05-10 12:00:00,2,Jackson Heights,3928.0,1221.0,2017,5,10,12,0,1
263881,168,2017-05-10 16:00:00,2,Jackson Heights,2907.0,2562.0,2017,5,10,16,0,1
264348,168,2017-05-10 20:00:00,2,Jackson Heights,2111.0,2739.0,2017,5,10,20,0,1
264804,168,2017-05-11 00:00:00,2,Jackson Heights,58.0,771.0,2017,5,11,0,0,1
265256,168,2017-05-11 04:00:00,2,Jackson Heights,2153.0,331.0,2017,5,11,4,0,1
265722,168,2017-05-11 08:00:00,2,Jackson Heights,6057.0,632.0,2017,5,11,8,0,1
266188,168,2017-05-11 12:00:00,2,Jackson Heights,3875.0,1242.0,2017,5,11,12,0,1
266654,168,2017-05-11 16:00:00,2,Jackson Heights,2975.0,2532.0,2017,5,11,16,0,1
267121,168,2017-05-11 20:00:00,2,Jackson Heights,2118.0,2627.0,2017,5,11,20,0,1
267579,168,2017-05-12 00:00:00,2,Jackson Heights,61.0,834.0,2017,5,12,0,0,1
268034,168,2017-05-12 04:00:00,2,Jackson Heights,2335.0,371.0,2017,5,12,4,0,1
268499,168,2017-05-12 08:00:00,2,Jackson Heights,5969.0,680.0,2017,5,12,8,0,1
268966,168,2017-05-12 12:00:00,2,Jackson Heights,3848.0,1126.0,2017,5,12,12,0,1
269432,168,2017-05-12 16:00:00,2,Jackson Heights,3030.0,2417.0,2017,5,12,16,0,1
269898,168,2017-05-12 20:00:00,2,Jackson Heights,2278.0,2321.0,2017,5,12,20,0,1
270364,168,2017-05-13 00:00:00,2,Jackson Heights,402.0,1163.0,2017,5,13,0,0,1
270826,168,2017-05-13 04:00:00,2,Jackson Heights,748.0,354.0,2017,5,13,4,0,1
271281,168,2017-05-13 08:00:00,2,Jackson Heights,3131.0,595.0,2017,5,13,8,0,1
271744,168,2017-05-13 12:00:00,2,Jackson Heights,3365.0,1120.0,2017,5,13,12,0,1
272202,168,2017-05-13 16:00:00,2,Jackson Heights,2466.0,1660.0,2017,5,13,16,0,1
272665,168,2017-05-13 20:00:00,2,Jackson Heights,1433.0,1379.0,2017,5,13,20,0,1
273124,168,2017-05-14 00:00:00,2,Jackson Heights,334.0,804.0,2017,5,14,0,0,1
273588,168,2017-05-14 04:00:00,2,Jackson Heights,538.0,282.0,2017,5,14,4,0,1
274051,168,2017-05-14 08:00:00,2,Jackson Heights,2233.0,438.0,2017,5,14,8,0,1
274508,168,2017-05-14 12:00:00,2,Jackson Heights,3107.0,839.0,2017,5,14,12,0,1
274971,168,2017-05-14 16:00:00,2,Jackson Heights,2437.0,1548.0,2017,5,14,16,0,1
275424,168,2017-05-14 20:00:00,2,Jackson Heights,1451.0,1444.0,2017,5,14,20,0,1
275879,168,2017-05-15 00:00:00,2,Jackson Heights,51.0,445.0,2017,5,15,0,0,1
276326,168,2017-05-15 04:00:00,2,Jackson Heights,2834.0,284.0,2017,5,15,4,0,1
276792,168,2017-05-15 08:00:00,2,Jackson Heights,4226.0,659.0,2017,5,15,8,0,1
277258,168,2017-05-15 12:00:00,2,Jackson Heights,3710.0,1248.0,2017,5,15,12,0,1
277724,168,2017-05-15 16:00:00,2,Jackson Heights,2937.0,2590.0,2017,5,15,16,0,1
278190,168,2017-05-15 20:00:00,2,Jackson Heights,2171.0,2625.0,2017,5,15,20,0,1
278644,168,2017-05-16 00:00:00,2,Jackson Heights,39.0,390.0,2017,5,16,0,0,1
279091,168,2017-05-16 04:00:00,2,Jackson Heights,2028.0,271.0,2017,5,16,4,0,1
279557,168,2017-05-16 08:00:00,2,Jackson Heights,4226.0,668.0,2017,5,16,8,0,1
280023,168,2017-05-16 12:00:00,2,Jackson Heights,3867.0,1136.0,2017,5,16,12,0,1
280489,168,2017-05-16 16:00:00,2,Jackson Heights,3055.0,2571.0,2017,5,16,16,0,1
280955,168,2017-05-16 20:00:00,2,Jackson Heights,2159.0,2699.0,2017,5,16,20,0,1
281414,168,2017-05-17 00:00:00,2,Jackson Heights,29.0,456.0,2017,5,17,0,0,1
281865,168,2017-05-17 04:00:00,2,Jackson Heights,2944.0,374.0,2017,5,17,4,0,1
282331,168,2017-05-17 08:00:00,2,Jackson Heights,4364.0,693.0,2017,5,17,8,0,1
282797,168,2017-05-17 12:00:00,2,Jackson Heights,3965.0,1266.0,2017,5,17,12,0,1
283263,168,2017-05-17 16:00:00,2,Jackson Heights,2824.0,2526.0,2017,5,17,16,0,1
283729,168,2017-05-17 20:00:00,2,Jackson Heights,2083.0,2690.0,2017,5,17,20,0,1
284185,168,2017-05-18 00:00:00,2,Jackson Heights,51.0,819.0,2017,5,18,0,0,1
284642,168,2017-05-18 04:00:00,2,Jackson Heights,2077.0,321.0,2017,5,18,4,0,1
285108,168,2017-05-18 08:00:00,2,Jackson Heights,4459.0,491.0,2017,5,18,8,0,1
285574,168,2017-05-18 12:00:00,2,Jackson Heights,5064.0,743.0,2017,5,18,12,0,1
286040,168,2017-05-18 16:00:00,2,Jackson Heights,3755.0,979.0,2017,5,18,16,0,1
286506,168,2017-05-18 20:00:00,2,Jackson Heights,2449.0,1217.0,2017,5,18,20,0,1
286965,168,2017-05-19 00:00:00,2,Jackson Heights,1947.0,1466.0,2017,5,19,0,0,1
287422,168,2017-05-19 04:00:00,2,Jackson Heights,2248.0,1720.0,2017,5,19,4,0,1
287888,168,2017-05-19 08:00:00,2,Jackson Heights,2551.0,1976.0,2017,5,19,8,0,1
288354,168,2017-05-19 12:00:00,2,Jackson Heights,2850.0,2231.0,2017,5,19,12,0,1
288820,168,2017-05-19 16:00:00,2,Jackson Heights,3149.0,2488.0,2017,5,19,16,0,1
289286,168,2017-05-19 20:00:00,2,Jackson Heights,2371.0,2096.0,2017,5,19,20,0,1
289752,168,2017-05-20 00:00:00,2,Jackson Heights,513.0,1058.0,2017,5,20,0,0,1
290211,168,2017-05-20 04:00:00,2,Jackson Heights,1144.0,370.0,2017,5,20,4,0,1
290656,168,2017-05-20 08:00:00,2,Jackson Heights,3384.0,618.0,2017,5,20,8,0,1
291116,168,2017-05-20 12:00:00,2,Jackson Heights,3628.0,1293.0,2017,5,20,12,0,1
291568,168,2017-05-20 16:00:00,2,Jackson Heights,2820.0,1757.0,2017,5,20,16,0,1
292029,168,2017-05-20 20:00:00,2,Jackson Heights,1803.0,1793.0,2017,5,20,20,0,1
292479,168,2017-05-21 00:00:00,2,Jackson Heights,512.0,1062.0,2017,5,21,0,0,1
292944,168,2017-05-21 04:00:00,2,Jackson Heights,556.0,320.0,2017,5,21,4,0,1
293399,168,2017-05-21 08:00:00,2,Jackson Heights,2331.0,500.0,2017,5,21,8,0,1
293849,168,2017-05-21 12:00:00,2,Jackson Heights,3189.0,949.0,2017,5,21,12,0,1
294304,168,2017-05-21 16:00:00,2,Jackson Heights,2448.0,1366.0,2017,5,21,16,0,1
294752,168,2017-05-21 20:00:00,2,Jackson Heights,1440.0,1537.0,2017,5,21,20,0,1
295203,168,2017-05-22 00:00:00,2,Jackson Heights,54.0,604.0,2017,5,22,0,0,1
295646,168,2017-05-22 04:00:00,2,Jackson Heights,2741.0,235.0,2017,5,22,4,0,1
296112,168,2017-05-22 08:00:00,2,Jackson Heights,4104.0,655.0,2017,5,22,8,0,1
296578,168,2017-05-22 12:00:00,2,Jackson Heights,3784.0,1293.0,2017,5,22,12,0,1
297044,168,2017-05-22 16:00:00,2,Jackson Heights,2741.0,2613.0,2017,5,22,16,0,1
297510,168,2017-05-22 20:00:00,2,Jackson Heights,1909.0,2271.0,2017,5,22,20,0,1
297964,168,2017-05-23 00:00:00,2,Jackson Heights,23.0,486.0,2017,5,23,0,0,1
298411,168,2017-05-23 04:00:00,2,Jackson Heights,2996.0,301.0,2017,5,23,4,0,1
298877,168,2017-05-23 08:00:00,2,Jackson Heights,4469.0,644.0,2017,5,23,8,0,1
299343,168,2017-05-23 12:00:00,2,Jackson Heights,3803.0,1061.0,2017,5,23,12,0,1
299809,168,2017-05-23 16:00:00,2,Jackson Heights,3009.0,2489.0,2017,5,23,16,0,1
300275,168,2017-05-23 20:00:00,2,Jackson Heights,2169.0,2370.0,2017,5,23,20,0,1
300732,168,2017-05-24 00:00:00,2,Jackson Heights,20.0,799.0,2017,5,24,0,0,1
301187,168,2017-05-24 04:00:00,2,Jackson Heights,3003.0,290.0,2017,5,24,4,0,1
301652,168,2017-05-24 08:00:00,2,Jackson Heights,4297.0,667.0,2017,5,24,8,0,1
302118,168,2017-05-24 12:00:00,2,Jackson Heights,3793.0,1024.0,2017,5,24,12,0,1
302584,168,2017-05-24 16:00:00,2,Jackson Heights,2811.0,2503.0,2017,5,24,16,0,1
303050,168,2017-05-24 20:00:00,2,Jackson Heights,1985.0,2399.0,2017,5,24,20,0,1
303513,168,2017-05-25 00:00:00,2,Jackson Heights,196.0,861.0,2017,5,25,0,0,1
303967,168,2017-05-25 04:00:00,2,Jackson Heights,1544.0,474.0,2017,5,25,4,0,1
304433,168,2017-05-25 08:00:00,2,Jackson Heights,4382.0,802.0,2017,5,25,8,0,1
304899,168,2017-05-25 12:00:00,2,Jackson Heights,3771.0,1152.0,2017,5,25,12,0,1
305365,168,2017-05-25 16:00:00,2,Jackson Heights,2670.0,2410.0,2017,5,25,16,0,1
305831,168,2017-05-25 20:00:00,2,Jackson Heights,1998.0,2612.0,2017,5,25,20,0,1
306288,168,2017-05-26 00:00:00,2,Jackson Heights,40.0,444.0,2017,5,26,0,0,1
306743,168,2017-05-26 04:00:00,2,Jackson Heights,2331.0,320.0,2017,5,26,4,0,1
307209,168,2017-05-26 08:00:00,2,Jackson Heights,5769.0,670.0,2017,5,26,8,0,1
307675,168,2017-05-26 12:00:00,2,Jackson Heights,3826.0,1344.0,2017,5,26,12,0,1
308141,168,2017-05-26 16:00:00,2,Jackson Heights,3001.0,2265.0,2017,5,26,16,0,1
308607,168,2017-05-26 20:00:00,2,Jackson Heights,2195.0,2355.0,2017,5,26,20,0,1
309073,168,2017-05-27 00:00:00,2,Jackson Heights,457.0,1157.0,2017,5,27,0,0,1
309533,168,2017-05-27 04:00:00,2,Jackson Heights,1150.0,344.0,2017,5,27,4,0,1
309983,168,2017-05-27 08:00:00,2,Jackson Heights,3082.0,572.0,2017,5,27,8,0,1
310444,168,2017-05-27 12:00:00,2,Jackson Heights,3460.0,1169.0,2017,5,27,12,0,1
310897,168,2017-05-27 16:00:00,2,Jackson Heights,2845.0,1693.0,2017,5,27,16,0,1
311362,168,2017-05-27 20:00:00,2,Jackson Heights,1749.0,1674.0,2017,5,27,20,0,1
311822,168,2017-05-28 00:00:00,2,Jackson Heights,496.0,922.0,2017,5,28,0,0,1
312286,168,2017-05-28 04:00:00,2,Jackson Heights,534.0,309.0,2017,5,28,4,0,1
312743,168,2017-05-28 08:00:00,2,Jackson Heights,2282.0,482.0,2017,5,28,8,0,1
313207,168,2017-05-28 12:00:00,2,Jackson Heights,3281.0,899.0,2017,5,28,12,0,1
313669,168,2017-05-28 16:00:00,2,Jackson Heights,2519.0,1425.0,2017,5,28,16,0,1
314131,168,2017-05-28 20:00:00,2,Jackson Heights,1386.0,1615.0,2017,5,28,20,0,1
314595,168,2017-05-29 00:00:00,2,Jackson Heights,324.0,826.0,2017,5,29,0,1,1
315052,168,2017-05-29 04:00:00,2,Jackson Heights,871.0,237.0,2017,5,29,4,1,1
315515,168,2017-05-29 08:00:00,2,Jackson Heights,2413.0,464.0,2017,5,29,8,1,1
315971,168,2017-05-29 12:00:00,2,Jackson Heights,2824.0,839.0,2017,5,29,12,1,1
316435,168,2017-05-29 16:00:00,2,Jackson Heights,2448.0,1442.0,2017,5,29,16,1,1
316889,168,2017-05-29 20:00:00,2,Jackson Heights,1488.0,1611.0,2017,5,29,20,1,1
317344,168,2017-05-30 00:00:00,2,Jackson Heights,18.0,286.0,2017,5,30,0,0,1
317784,168,2017-05-30 04:00:00,2,Jackson Heights,2892.0,223.0,2017,5,30,4,0,1
318250,168,2017-05-30 08:00:00,2,Jackson Heights,5849.0,657.0,2017,5,30,8,0,1
318716,168,2017-05-30 12:00:00,2,Jackson Heights,3751.0,1159.0,2017,5,30,12,0,1
319182,168,2017-05-30 16:00:00,2,Jackson Heights,2955.0,2533.0,2017,5,30,16,0,1
319648,168,2017-05-30 20:00:00,2,Jackson Heights,2086.0,2632.0,2017,5,30,20,0,1
320106,168,2017-05-31 00:00:00,2,Jackson Heights,37.0,625.0,2017,5,31,0,0,1
320555,168,2017-05-31 04:00:00,2,Jackson Heights,2762.0,317.0,2017,5,31,4,0,1
321021,168,2017-05-31 08:00:00,2,Jackson Heights,5829.0,651.0,2017,5,31,8,0,1
321487,168,2017-05-31 12:00:00,2,Jackson Heights,3900.0,1242.0,2017,5,31,12,0,1
321953,168,2017-05-31 16:00:00,2,Jackson Heights,2999.0,2426.0,2017,5,31,16,0,1
322419,168,2017-05-31 20:00:00,2,Jackson Heights,2161.0,2603.0,2017,5,31,20,0,1
322879,168,2017-06-01 00:00:00,2,Jackson Heights,35.0,779.0,2017,6,1,0,0,1
323332,168,2017-06-01 04:00:00,2,Jackson Heights,2845.0,279.0,2017,6,1,4,0,1
323798,168,2017-06-01 08:00:00,2,Jackson Heights,5873.0,761.0,2017,6,1,8,0,1
324264,168,2017-06-01 12:00:00,2,Jackson Heights,3888.0,1279.0,2017,6,1,12,0,1
324730,168,2017-06-01 16:00:00,2,Jackson Heights,3008.0,2440.0,2017,6,1,16,0,1
325196,168,2017-06-01 20:00:00,2,Jackson Heights,2137.0,2579.0,2017,6,1,20,0,1
325656,168,2017-06-02 00:00:00,2,Jackson Heights,70.0,688.0,2017,6,2,0,0,1
326114,168,2017-06-02 04:00:00,2,Jackson Heights,2925.0,344.0,2017,6,2,4,0,1
326579,168,2017-06-02 08:00:00,2,Jackson Heights,5961.0,659.0,2017,6,2,8,0,1
327045,168,2017-06-02 12:00:00,2,Jackson Heights,3806.0,1294.0,2017,6,2,12,0,1
327511,168,2017-06-02 16:00:00,2,Jackson Heights,3039.0,2294.0,2017,6,2,16,0,1
327977,168,2017-06-02 20:00:00,2,Jackson Heights,2275.0,2473.0,2017,6,2,20,0,1
328443,168,2017-06-03 00:00:00,2,Jackson Heights,404.0,1194.0,2017,6,3,0,0,1
328904,168,2017-06-03 04:00:00,2,Jackson Heights,998.0,364.0,2017,6,3,4,0,1
329350,168,2017-06-03 08:00:00,2,Jackson Heights,2881.0,379.0,2017,6,3,8,0,1
329812,168,2017-06-03 12:00:00,2,Jackson Heights,2977.0,578.0,2017,6,3,12,0,1
330261,168,2017-06-03 16:00:00,2,Jackson Heights,2396.0,1221.0,2017,6,3,16,0,1
330723,168,2017-06-03 20:00:00,2,Jackson Heights,1743.0,1774.0,2017,6,3,20,0,1
331176,168,2017-06-04 00:00:00,2,Jackson Heights,467.0,1066.0,2017,6,4,0,0,1
331639,168,2017-06-04 04:00:00,2,Jackson Heights,508.0,285.0,2017,6,4,4,0,1
332095,168,2017-06-04 08:00:00,2,Jackson Heights,2096.0,547.0,2017,6,4,8,0,1
332544,168,2017-06-04 12:00:00,2,Jackson Heights,2922.0,1073.0,2017,6,4,12,0,1
333001,168,2017-06-04 16:00:00,2,Jackson Heights,2241.0,1420.0,2017,6,4,16,0,1
333449,168,2017-06-04 20:00:00,2,Jackson Heights,1336.0,1431.0,2017,6,4,20,0,1
333898,168,2017-06-05 00:00:00,2,Jackson Heights,26.0,364.0,2017,6,5,0,0,1
334341,168,2017-06-05 04:00:00,2,Jackson Heights,2827.0,244.0,2017,6,5,4,0,1
334807,168,2017-06-05 08:00:00,2,Jackson Heights,5753.0,671.0,2017,6,5,8,0,1
335273,168,2017-06-05 12:00:00,2,Jackson Heights,3725.0,1278.0,2017,6,5,12,0,1
335739,168,2017-06-05 16:00:00,2,Jackson Heights,2984.0,2575.0,2017,6,5,16,0,1
336205,168,2017-06-05 20:00:00,2,Jackson Heights,2105.0,2578.0,2017,6,5,20,0,1
336661,168,2017-06-06 00:00:00,2,Jackson Heights,25.0,327.0,2017,6,6,0,0,1
337109,168,2017-06-06 04:00:00,2,Jackson Heights,2837.0,337.0,2017,6,6,4,0,1
337575,168,2017-06-06 08:00:00,2,Jackson Heights,5820.0,650.0,2017,6,6,8,0,1
338041,168,2017-06-06 12:00:00,2,Jackson Heights,3806.0,1195.0,2017,6,6,12,0,1
338507,168,2017-06-06 16:00:00,2,Jackson Heights,2935.0,2594.0,2017,6,6,16,0,1
338973,168,2017-06-06 20:00:00,2,Jackson Heights,2042.0,2548.0,2017,6,6,20,0,1
339429,168,2017-06-07 00:00:00,2,Jackson Heights,28.0,582.0,2017,6,7,0,0,1
339881,168,2017-06-07 04:00:00,2,Jackson Heights,2881.0,364.0,2017,6,7,4,0,1
340347,168,2017-06-07 08:00:00,2,Jackson Heights,5941.0,674.0,2017,6,7,8,0,1
340813,168,2017-06-07 12:00:00,2,Jackson Heights,3879.0,1218.0,2017,6,7,12,0,1
341279,168,2017-06-07 16:00:00,2,Jackson Heights,2977.0,2441.0,2017,6,7,16,0,1
341745,168,2017-06-07 20:00:00,2,Jackson Heights,2151.0,2680.0,2017,6,7,20,0,1
342209,168,2017-06-08 00:00:00,2,Jackson Heights,87.0,808.0,2017,6,8,0,0,1
342666,168,2017-06-08 04:00:00,2,Jackson Heights,2280.0,306.0,2017,6,8,4,0,1
343132,168,2017-06-08 08:00:00,2,Jackson Heights,5589.0,705.0,2017,6,8,8,0,1
343598,168,2017-06-08 12:00:00,2,Jackson Heights,3844.0,1189.0,2017,6,8,12,0,1
344064,168,2017-06-08 16:00:00,2,Jackson Heights,3006.0,2387.0,2017,6,8,16,0,1
344530,168,2017-06-08 20:00:00,2,Jackson Heights,2130.0,2694.0,2017,6,8,20,0,1
344990,168,2017-06-09 00:00:00,2,Jackson Heights,29.0,437.0,2017,6,9,0,0,1
345445,168,2017-06-09 04:00:00,2,Jackson Heights,2879.0,304.0,2017,6,9,4,0,1
345910,168,2017-06-09 08:00:00,2,Jackson Heights,5928.0,672.0,2017,6,9,8,0,1
346376,168,2017-06-09 12:00:00,2,Jackson Heights,3833.0,1223.0,2017,6,9,12,0,1
346842,168,2017-06-09 16:00:00,2,Jackson Heights,3107.0,2382.0,2017,6,9,16,0,1
347308,168,2017-06-09 20:00:00,2,Jackson Heights,2341.0,2536.0,2017,6,9,20,0,1
347774,168,2017-06-10 00:00:00,2,Jackson Heights,370.0,1126.0,2017,6,10,0,0,1
348237,168,2017-06-10 04:00:00,2,Jackson Heights,1036.0,345.0,2017,6,10,4,0,1
348696,168,2017-06-10 08:00:00,2,Jackson Heights,3432.0,595.0,2017,6,10,8,0,1
349160,168,2017-06-10 12:00:00,2,Jackson Heights,3747.0,1316.0,2017,6,10,12,0,1
349619,168,2017-06-10 16:00:00,2,Jackson Heights,2978.0,1775.0,2017,6,10,16,0,1
350083,168,2017-06-10 20:00:00,2,Jackson Heights,1860.0,1699.0,2017,6,10,20,0,1
350544,168,2017-06-11 00:00:00,2,Jackson Heights,511.0,1043.0,2017,6,11,0,0,1
351010,168,2017-06-11 04:00:00,2,Jackson Heights,396.0,394.0,2017,6,11,4,0,1
351474,168,2017-06-11 08:00:00,2,Jackson Heights,2270.0,481.0,2017,6,11,8,0,1
351935,168,2017-06-11 12:00:00,2,Jackson Heights,3494.0,945.0,2017,6,11,12,0,1
352398,168,2017-06-11 16:00:00,2,Jackson Heights,2642.0,1429.0,2017,6,11,16,0,1
352858,168,2017-06-11 20:00:00,2,Jackson Heights,1493.0,1679.0,2017,6,11,20,0,1
353316,168,2017-06-12 00:00:00,2,Jackson Heights,38.0,602.0,2017,6,12,0,0,1
353771,168,2017-06-12 04:00:00,2,Jackson Heights,2405.0,178.0,2017,6,12,4,0,1
354237,168,2017-06-12 08:00:00,2,Jackson Heights,5839.0,731.0,2017,6,12,8,0,1
354703,168,2017-06-12 12:00:00,2,Jackson Heights,3825.0,1271.0,2017,6,12,12,0,1
355169,168,2017-06-12 16:00:00,2,Jackson Heights,2892.0,2458.0,2017,6,12,16,0,1
355635,168,2017-06-12 20:00:00,2,Jackson Heights,2084.0,2546.0,2017,6,12,20,0,1
356096,168,2017-06-13 00:00:00,2,Jackson Heights,58.0,722.0,2017,6,13,0,0,1
356554,168,2017-06-13 04:00:00,2,Jackson Heights,2754.0,298.0,2017,6,13,4,0,1
357020,168,2017-06-13 08:00:00,2,Jackson Heights,5746.0,705.0,2017,6,13,8,0,1
357486,168,2017-06-13 12:00:00,2,Jackson Heights,3833.0,1173.0,2017,6,13,12,0,1
357952,168,2017-06-13 16:00:00,2,Jackson Heights,2876.0,2348.0,2017,6,13,16,0,1
358418,168,2017-06-13 20:00:00,2,Jackson Heights,2065.0,2552.0,2017,6,13,20,0,1
358880,168,2017-06-14 00:00:00,2,Jackson Heights,71.0,835.0,2017,6,14,0,0,1
359338,168,2017-06-14 04:00:00,2,Jackson Heights,2169.0,234.0,2017,6,14,4,0,1
359804,168,2017-06-14 08:00:00,2,Jackson Heights,5630.0,812.0,2017,6,14,8,0,1
360270,168,2017-06-14 12:00:00,2,Jackson Heights,3862.0,1410.0,2017,6,14,12,0,1
360736,168,2017-06-14 16:00:00,2,Jackson Heights,2949.0,2399.0,2017,6,14,16,0,1
361202,168,2017-06-14 20:00:00,2,Jackson Heights,2102.0,2706.0,2017,6,14,20,0,1
361666,168,2017-06-15 00:00:00,2,Jackson Heights,55.0,781.0,2017,6,15,0,0,1
362127,168,2017-06-15 04:00:00,2,Jackson Heights,2273.0,258.0,2017,6,15,4,0,1
362595,168,2017-06-15 08:00:00,2,Jackson Heights,5628.0,726.0,2017,6,15,8,0,1
363063,168,2017-06-15 12:00:00,2,Jackson Heights,3755.0,1235.0,2017,6,15,12,0,1
363531,168,2017-06-15 16:00:00,2,Jackson Heights,3078.0,2362.0,2017,6,15,16,0,1
363999,168,2017-06-15 20:00:00,2,Jackson Heights,2164.0,2673.0,2017,6,15,20,0,1
364466,168,2017-06-16 00:00:00,2,Jackson Heights,124.0,1003.0,2017,6,16,0,0,1
364930,168,2017-06-16 04:00:00,2,Jackson Heights,2726.0,377.0,2017,6,16,4,0,1
365398,168,2017-06-16 08:00:00,2,Jackson Heights,5517.0,712.0,2017,6,16,8,0,1
365866,168,2017-06-16 12:00:00,2,Jackson Heights,3798.0,1197.0,2017,6,16,12,0,1
366334,168,2017-06-16 16:00:00,2,Jackson Heights,3164.0,2308.0,2017,6,16,16,0,1
366801,168,2017-06-16 20:00:00,2,Jackson Heights,2283.0,2574.0,2017,6,16,20,0,1
367269,168,2017-06-17 00:00:00,2,Jackson Heights,411.0,1130.0,2017,6,17,0,0,1
367735,168,2017-06-17 04:00:00,2,Jackson Heights,875.0,306.0,2017,6,17,4,0,1
368188,168,2017-06-17 08:00:00,2,Jackson Heights,2879.0,638.0,2017,6,17,8,0,1
368654,168,2017-06-17 12:00:00,2,Jackson Heights,3056.0,1272.0,2017,6,17,12,0,1
369108,168,2017-06-17 16:00:00,2,Jackson Heights,2546.0,1579.0,2017,6,17,16,0,1
369574,168,2017-06-17 20:00:00,2,Jackson Heights,1771.0,1673.0,2017,6,17,20,0,1
370028,168,2017-06-18 00:00:00,2,Jackson Heights,515.0,1062.0,2017,6,18,0,0,1
370493,168,2017-06-18 04:00:00,2,Jackson Heights,508.0,300.0,2017,6,18,4,0,1
370956,168,2017-06-18 08:00:00,2,Jackson Heights,2103.0,461.0,2017,6,18,8,0,1
371410,168,2017-06-18 12:00:00,2,Jackson Heights,3031.0,877.0,2017,6,18,12,0,1
371872,168,2017-06-18 16:00:00,2,Jackson Heights,2536.0,1262.0,2017,6,18,16,0,1
372325,168,2017-06-18 20:00:00,2,Jackson Heights,1603.0,1649.0,2017,6,18,20,0,1
372783,168,2017-06-19 00:00:00,2,Jackson Heights,50.0,581.0,2017,6,19,0,0,1
373236,168,2017-06-19 04:00:00,2,Jackson Heights,2563.0,248.0,2017,6,19,4,0,1
373702,168,2017-06-19 08:00:00,2,Jackson Heights,5258.0,705.0,2017,6,19,8,0,1
374170,168,2017-06-19 12:00:00,2,Jackson Heights,3653.0,1207.0,2017,6,19,12,0,1
374638,168,2017-06-19 16:00:00,2,Jackson Heights,2863.0,2507.0,2017,6,19,16,0,1
375106,168,2017-06-19 20:00:00,2,Jackson Heights,1858.0,2526.0,2017,6,19,20,0,1
375561,168,2017-06-20 00:00:00,2,Jackson Heights,9.0,199.0,2017,6,20,0,0,1
376011,168,2017-06-20 04:00:00,2,Jackson Heights,2779.0,313.0,2017,6,20,4,0,1
376479,168,2017-06-20 08:00:00,2,Jackson Heights,5560.0,683.0,2017,6,20,8,0,1
376947,168,2017-06-20 12:00:00,2,Jackson Heights,3752.0,1246.0,2017,6,20,12,0,1
377415,168,2017-06-20 16:00:00,2,Jackson Heights,3095.0,2443.0,2017,6,20,16,0,1
377883,168,2017-06-20 20:00:00,2,Jackson Heights,2185.0,2589.0,2017,6,20,20,0,1
378347,168,2017-06-21 00:00:00,2,Jackson Heights,110.0,786.0,2017,6,21,0,0,1
378807,168,2017-06-21 04:00:00,2,Jackson Heights,2627.0,304.0,2017,6,21,4,0,1
379274,168,2017-06-21 08:00:00,2,Jackson Heights,5538.0,707.0,2017,6,21,8,0,1
379742,168,2017-06-21 12:00:00,2,Jackson Heights,3832.0,1255.0,2017,6,21,12,0,1
380210,168,2017-06-21 16:00:00,2,Jackson Heights,2980.0,2376.0,2017,6,21,16,0,1
380678,168,2017-06-21 20:00:00,2,Jackson Heights,2103.0,2537.0,2017,6,21,20,0,1
381142,168,2017-06-22 00:00:00,2,Jackson Heights,101.0,791.0,2017,6,22,0,0,1
381604,168,2017-06-22 04:00:00,2,Jackson Heights,2649.0,279.0,2017,6,22,4,0,1
382072,168,2017-06-22 08:00:00,2,Jackson Heights,5566.0,701.0,2017,6,22,8,0,1
382540,168,2017-06-22 12:00:00,2,Jackson Heights,3846.0,1136.0,2017,6,22,12,0,1
383008,168,2017-06-22 16:00:00,2,Jackson Heights,3038.0,2209.0,2017,6,22,16,0,1
383476,168,2017-06-22 20:00:00,2,Jackson Heights,2150.0,2500.0,2017,6,22,20,0,1
383941,168,2017-06-23 00:00:00,2,Jackson Heights,78.0,759.0,2017,6,23,0,0,1
384402,168,2017-06-23 04:00:00,2,Jackson Heights,2584.0,368.0,2017,6,23,4,0,1
384870,168,2017-06-23 08:00:00,2,Jackson Heights,5361.0,694.0,2017,6,23,8,0,1
385338,168,2017-06-23 12:00:00,2,Jackson Heights,3701.0,1175.0,2017,6,23,12,0,1
385806,168,2017-06-23 16:00:00,2,Jackson Heights,3015.0,2229.0,2017,6,23,16,0,1
386274,168,2017-06-23 20:00:00,2,Jackson Heights,2182.0,2524.0,2017,6,23,20,0,1
386742,168,2017-06-24 00:00:00,2,Jackson Heights,388.0,1047.0,2017,6,24,0,0,1
387209,168,2017-06-24 04:00:00,2,Jackson Heights,863.0,299.0,2017,6,24,4,0,1
387668,168,2017-06-24 08:00:00,2,Jackson Heights,2474.0,423.0,2017,6,24,8,0,1
388131,168,2017-06-24 12:00:00,2,Jackson Heights,2827.0,588.0,2017,6,24,12,0,1
388592,168,2017-06-24 16:00:00,2,Jackson Heights,2293.0,803.0,2017,6,24,16,0,1
389060,168,2017-06-24 20:00:00,2,Jackson Heights,1383.0,878.0,2017,6,24,20,0,1
389523,168,2017-06-25 00:00:00,2,Jackson Heights,413.0,583.0,2017,6,25,0,0,1
389991,168,2017-06-25 04:00:00,2,Jackson Heights,377.0,266.0,2017,6,25,4,0,1
390456,168,2017-06-25 08:00:00,2,Jackson Heights,1650.0,278.0,2017,6,25,8,0,1
390916,168,2017-06-25 12:00:00,2,Jackson Heights,2549.0,459.0,2017,6,25,12,0,1
391384,168,2017-06-25 16:00:00,2,Jackson Heights,1932.0,659.0,2017,6,25,16,0,1
391844,168,2017-06-25 20:00:00,2,Jackson Heights,1054.0,906.0,2017,6,25,20,0,1
392309,168,2017-06-26 00:00:00,2,Jackson Heights,137.0,545.0,2017,6,26,0,0,1
392764,168,2017-06-26 04:00:00,2,Jackson Heights,2464.0,250.0,2017,6,26,4,0,1
393231,168,2017-06-26 08:00:00,2,Jackson Heights,5159.0,706.0,2017,6,26,8,0,1
393699,168,2017-06-26 12:00:00,2,Jackson Heights,3694.0,1255.0,2017,6,26,12,0,1
394167,168,2017-06-26 16:00:00,2,Jackson Heights,2974.0,2307.0,2017,6,26,16,0,1
394635,168,2017-06-26 20:00:00,2,Jackson Heights,2076.0,2486.0,2017,6,26,20,0,1
395099,168,2017-06-27 00:00:00,2,Jackson Heights,86.0,730.0,2017,6,27,0,0,1
395560,168,2017-06-27 04:00:00,2,Jackson Heights,2711.0,301.0,2017,6,27,4,0,1
396027,168,2017-06-27 08:00:00,2,Jackson Heights,5617.0,690.0,2017,6,27,8,0,1
396495,168,2017-06-27 12:00:00,2,Jackson Heights,3784.0,1233.0,2017,6,27,12,0,1
396963,168,2017-06-27 16:00:00,2,Jackson Heights,3016.0,2470.0,2017,6,27,16,0,1
397431,168,2017-06-27 20:00:00,2,Jackson Heights,2106.0,2577.0,2017,6,27,20,0,1
397893,168,2017-06-28 00:00:00,2,Jackson Heights,41.0,446.0,2017,6,28,0,0,1
398353,168,2017-06-28 04:00:00,2,Jackson Heights,2303.0,321.0,2017,6,28,4,0,1
398820,168,2017-06-28 08:00:00,2,Jackson Heights,5846.0,784.0,2017,6,28,8,0,1
399288,168,2017-06-28 12:00:00,2,Jackson Heights,4039.0,1708.0,2017,6,28,12,0,1
399756,168,2017-06-28 16:00:00,2,Jackson Heights,2885.0,2739.0,2017,6,28,16,0,1
400224,168,2017-06-28 20:00:00,2,Jackson Heights,2007.0,2745.0,2017,6,28,20,0,1
400687,168,2017-06-29 00:00:00,2,Jackson Heights,76.0,754.0,2017,6,29,0,0,1
401152,168,2017-06-29 04:00:00,2,Jackson Heights,1923.0,331.0,2017,6,29,4,0,1
401620,168,2017-06-29 08:00:00,2,Jackson Heights,5400.0,729.0,2017,6,29,8,0,1
402088,168,2017-06-29 12:00:00,2,Jackson Heights,3721.0,1302.0,2017,6,29,12,0,1
402556,168,2017-06-29 16:00:00,2,Jackson Heights,2910.0,2577.0,2017,6,29,16,0,1
403024,168,2017-06-29 20:00:00,2,Jackson Heights,2088.0,2971.0,2017,6,29,20,0,1
403490,168,2017-06-30 00:00:00,2,Jackson Heights,63.0,1034.0,2017,6,30,0,0,1
403954,168,2017-06-30 04:00:00,2,Jackson Heights,2458.0,399.0,2017,6,30,4,0,1
404422,168,2017-06-30 08:00:00,2,Jackson Heights,5192.0,742.0,2017,6,30,8,0,1
404890,168,2017-06-30 12:00:00,2,Jackson Heights,3721.0,1390.0,2017,6,30,12,0,1
405358,168,2017-06-30 16:00:00,2,Jackson Heights,3109.0,2402.0,2017,6,30,16,0,1
405826,168,2017-06-30 20:00:00,2,Jackson Heights,2279.0,2854.0,2017,6,30,20,0,1
406294,168,2017-07-01 00:00:00,2,Jackson Heights,434.0,1552.0,2017,7,1,0,0,1
406760,168,2017-07-01 04:00:00,2,Jackson Heights,917.0,429.0,2017,7,1,4,0,1
407217,168,2017-07-01 08:00:00,2,Jackson Heights,2955.0,677.0,2017,7,1,8,0,1
407683,168,2017-07-01 12:00:00,2,Jackson Heights,3258.0,1262.0,2017,7,1,12,0,1
408141,168,2017-07-01 16:00:00,2,Jackson Heights,2699.0,2013.0,2017,7,1,16,0,1
408607,168,2017-07-01 20:00:00,2,Jackson Heights,1636.0,2164.0,2017,7,1,20,0,1
409064,168,2017-07-02 00:00:00,2,Jackson Heights,435.0,1219.0,2017,7,2,0,0,1
409531,168,2017-07-02 04:00:00,2,Jackson Heights,563.0,338.0,2017,7,2,4,0,1
409993,168,2017-07-02 08:00:00,2,Jackson Heights,2183.0,505.0,2017,7,2,8,0,1
410455,168,2017-07-02 12:00:00,2,Jackson Heights,2999.0,1077.0,2017,7,2,12,0,1
410918,168,2017-07-02 16:00:00,2,Jackson Heights,2427.0,1519.0,2017,7,2,16,0,1
411380,168,2017-07-02 20:00:00,2,Jackson Heights,1496.0,1954.0,2017,7,2,20,0,1
411843,168,2017-07-03 00:00:00,2,Jackson Heights,169.0,1221.0,2017,7,3,0,0,1
412304,168,2017-07-03 04:00:00,2,Jackson Heights,1731.0,309.0,2017,7,3,4,0,1
412771,168,2017-07-03 08:00:00,2,Jackson Heights,4004.0,779.0,2017,7,3,8,0,1
413239,168,2017-07-03 12:00:00,2,Jackson Heights,3463.0,1433.0,2017,7,3,12,0,1
413707,168,2017-07-03 16:00:00,2,Jackson Heights,2859.0,2373.0,2017,7,3,16,0,1
414174,168,2017-07-03 20:00:00,2,Jackson Heights,1872.0,2616.0,2017,7,3,20,0,1
414642,168,2017-07-04 00:00:00,2,Jackson Heights,392.0,1201.0,2017,7,4,0,1,1
415110,168,2017-07-04 04:00:00,2,Jackson Heights,610.0,317.0,2017,7,4,4,1,1
415575,168,2017-07-04 08:00:00,2,Jackson Heights,2132.0,509.0,2017,7,4,8,1,1
416043,168,2017-07-04 12:00:00,2,Jackson Heights,2779.0,1037.0,2017,7,4,12,1,1
416510,168,2017-07-04 16:00:00,2,Jackson Heights,2611.0,1654.0,2017,7,4,16,1,1
416977,168,2017-07-04 20:00:00,2,Jackson Heights,1857.0,2029.0,2017,7,4,20,1,1
417442,168,2017-07-05 00:00:00,2,Jackson Heights,153.0,1282.0,2017,7,5,0,0,1
417906,168,2017-07-05 04:00:00,2,Jackson Heights,2475.0,398.0,2017,7,5,4,0,1
418371,168,2017-07-05 08:00:00,2,Jackson Heights,5255.0,828.0,2017,7,5,8,0,1
418839,168,2017-07-05 12:00:00,2,Jackson Heights,3589.0,1410.0,2017,7,5,12,0,1
419307,168,2017-07-05 16:00:00,2,Jackson Heights,2801.0,2622.0,2017,7,5,16,0,1
419775,168,2017-07-05 20:00:00,2,Jackson Heights,2039.0,3081.0,2017,7,5,20,0,1
420239,168,2017-07-06 00:00:00,2,Jackson Heights,67.0,1178.0,2017,7,6,0,0,1
420704,168,2017-07-06 04:00:00,2,Jackson Heights,1962.0,389.0,2017,7,6,4,0,1
421172,168,2017-07-06 08:00:00,2,Jackson Heights,5392.0,738.0,2017,7,6,8,0,1
421640,168,2017-07-06 12:00:00,2,Jackson Heights,3686.0,1500.0,2017,7,6,12,0,1
422107,168,2017-07-06 16:00:00,2,Jackson Heights,2847.0,2783.0,2017,7,6,16,0,1
422575,168,2017-07-06 20:00:00,2,Jackson Heights,2067.0,3051.0,2017,7,6,20,0,1
423039,168,2017-07-07 00:00:00,2,Jackson Heights,76.0,1148.0,2017,7,7,0,0,1
423502,168,2017-07-07 04:00:00,2,Jackson Heights,2441.0,433.0,2017,7,7,4,0,1
423969,168,2017-07-07 08:00:00,2,Jackson Heights,5087.0,771.0,2017,7,7,8,0,1
424437,168,2017-07-07 12:00:00,2,Jackson Heights,3452.0,1472.0,2017,7,7,12,0,1
424905,168,2017-07-07 16:00:00,2,Jackson Heights,2916.0,2615.0,2017,7,7,16,0,1
425373,168,2017-07-07 20:00:00,2,Jackson Heights,2184.0,3065.0,2017,7,7,20,0,1
425841,168,2017-07-08 00:00:00,2,Jackson Heights,340.0,1615.0,2017,7,8,0,0,1
426307,168,2017-07-08 04:00:00,2,Jackson Heights,1102.0,446.0,2017,7,8,4,0,1
426769,168,2017-07-08 08:00:00,2,Jackson Heights,3056.0,666.0,2017,7,8,8,0,1
427234,168,2017-07-08 12:00:00,2,Jackson Heights,3367.0,1362.0,2017,7,8,12,0,1
427697,168,2017-07-08 16:00:00,2,Jackson Heights,2805.0,2136.0,2017,7,8,16,0,1
428165,168,2017-07-08 20:00:00,2,Jackson Heights,1787.0,2331.0,2017,7,8,20,0,1
428628,168,2017-07-09 00:00:00,2,Jackson Heights,532.0,1372.0,2017,7,9,0,0,1
429096,168,2017-07-09 04:00:00,2,Jackson Heights,541.0,466.0,2017,7,9,4,0,1
429562,168,2017-07-09 08:00:00,2,Jackson Heights,2145.0,530.0,2017,7,9,8,0,1
430028,168,2017-07-09 12:00:00,2,Jackson Heights,3153.0,1096.0,2017,7,9,12,0,1
430496,168,2017-07-09 16:00:00,2,Jackson Heights,2479.0,1573.0,2017,7,9,16,0,1
430959,168,2017-07-09 20:00:00,2,Jackson Heights,1347.0,1998.0,2017,7,9,20,0,1
431422,168,2017-07-10 00:00:00,2,Jackson Heights,47.0,703.0,2017,7,10,0,0,1
431882,168,2017-07-10 04:00:00,2,Jackson Heights,1512.0,250.0,2017,7,10,4,0,1
432349,168,2017-07-10 08:00:00,2,Jackson Heights,5476.0,884.0,2017,7,10,8,0,1
432817,168,2017-07-10 12:00:00,2,Jackson Heights,3759.0,1488.0,2017,7,10,12,0,1
433285,168,2017-07-10 16:00:00,2,Jackson Heights,2986.0,2579.0,2017,7,10,16,0,1
433753,168,2017-07-10 20:00:00,2,Jackson Heights,2171.0,2576.0,2017,7,10,20,0,1
434208,168,2017-07-11 00:00:00,2,Jackson Heights,54.0,512.0,2017,7,11,0,0,1
434664,168,2017-07-11 04:00:00,2,Jackson Heights,2595.0,385.0,2017,7,11,4,0,1
435132,168,2017-07-11 08:00:00,2,Jackson Heights,5555.0,734.0,2017,7,11,8,0,1
435600,168,2017-07-11 12:00:00,2,Jackson Heights,3845.0,1300.0,2017,7,11,12,0,1
436068,168,2017-07-11 16:00:00,2,Jackson Heights,2845.0,2460.0,2017,7,11,16,0,1
436536,168,2017-07-11 20:00:00,2,Jackson Heights,1999.0,2637.0,2017,7,11,20,0,1
436994,168,2017-07-12 00:00:00,2,Jackson Heights,93.0,727.0,2017,7,12,0,0,1
437453,168,2017-07-12 04:00:00,2,Jackson Heights,2220.0,231.0,2017,7,12,4,0,1
437920,168,2017-07-12 08:00:00,2,Jackson Heights,5559.0,724.0,2017,7,12,8,0,1
438388,168,2017-07-12 12:00:00,2,Jackson Heights,3851.0,1270.0,2017,7,12,12,0,1
438856,168,2017-07-12 16:00:00,2,Jackson Heights,2900.0,2347.0,2017,7,12,16,0,1
439324,168,2017-07-12 20:00:00,2,Jackson Heights,2021.0,2495.0,2017,7,12,20,0,1
439784,168,2017-07-13 00:00:00,2,Jackson Heights,55.0,678.0,2017,7,13,0,0,1
440243,168,2017-07-13 04:00:00,2,Jackson Heights,2579.0,239.0,2017,7,13,4,0,1
440712,168,2017-07-13 08:00:00,2,Jackson Heights,5467.0,728.0,2017,7,13,8,0,1
441180,168,2017-07-13 12:00:00,2,Jackson Heights,3713.0,1232.0,2017,7,13,12,0,1
441648,168,2017-07-13 16:00:00,2,Jackson Heights,2809.0,2241.0,2017,7,13,16,0,1
442116,168,2017-07-13 20:00:00,2,Jackson Heights,2021.0,2518.0,2017,7,13,20,0,1
442580,168,2017-07-14 00:00:00,2,Jackson Heights,89.0,775.0,2017,7,14,0,0,1
443043,168,2017-07-14 04:00:00,2,Jackson Heights,2437.0,256.0,2017,7,14,4,0,1
443511,168,2017-07-14 08:00:00,2,Jackson Heights,5216.0,741.0,2017,7,14,8,0,1
443979,168,2017-07-14 12:00:00,2,Jackson Heights,3697.0,1223.0,2017,7,14,12,0,1
444448,168,2017-07-14 16:00:00,2,Jackson Heights,2904.0,2185.0,2017,7,14,16,0,1
444916,168,2017-07-14 20:00:00,2,Jackson Heights,2072.0,2402.0,2017,7,14,20,0,1
445385,168,2017-07-15 00:00:00,2,Jackson Heights,338.0,1037.0,2017,7,15,0,0,1
445852,168,2017-07-15 04:00:00,2,Jackson Heights,973.0,326.0,2017,7,15,4,0,1
446313,168,2017-07-15 08:00:00,2,Jackson Heights,3166.0,602.0,2017,7,15,8,0,1
446780,168,2017-07-15 12:00:00,2,Jackson Heights,3464.0,1112.0,2017,7,15,12,0,1
447243,168,2017-07-15 16:00:00,2,Jackson Heights,2859.0,1545.0,2017,7,15,16,0,1
447712,168,2017-07-15 20:00:00,2,Jackson Heights,1906.0,1829.0,2017,7,15,20,0,1
448173,168,2017-07-16 00:00:00,2,Jackson Heights,568.0,1098.0,2017,7,16,0,0,1
448640,168,2017-07-16 04:00:00,2,Jackson Heights,538.0,316.0,2017,7,16,4,0,1
449107,168,2017-07-16 08:00:00,2,Jackson Heights,2252.0,514.0,2017,7,16,8,0,1
449571,168,2017-07-16 12:00:00,2,Jackson Heights,3141.0,770.0,2017,7,16,12,0,1
450038,168,2017-07-16 16:00:00,2,Jackson Heights,2428.0,1031.0,2017,7,16,16,0,1
450500,168,2017-07-16 20:00:00,2,Jackson Heights,1437.0,1534.0,2017,7,16,20,0,1
450959,168,2017-07-17 00:00:00,2,Jackson Heights,112.0,842.0,2017,7,17,0,0,1
451418,168,2017-07-17 04:00:00,2,Jackson Heights,2552.0,209.0,2017,7,17,4,0,1
451885,168,2017-07-17 08:00:00,2,Jackson Heights,5392.0,674.0,2017,7,17,8,0,1
452354,168,2017-07-17 12:00:00,2,Jackson Heights,3690.0,1201.0,2017,7,17,12,0,1
452823,168,2017-07-17 16:00:00,2,Jackson Heights,2883.0,2324.0,2017,7,17,16,0,1
453292,168,2017-07-17 20:00:00,2,Jackson Heights,2099.0,2524.0,2017,7,17,20,0,1
453753,168,2017-07-18 00:00:00,2,Jackson Heights,69.0,794.0,2017,7,18,0,0,1
454212,168,2017-07-18 04:00:00,2,Jackson Heights,2230.0,244.0,2017,7,18,4,0,1
454681,168,2017-07-18 08:00:00,2,Jackson Heights,5524.0,669.0,2017,7,18,8,0,1
455150,168,2017-07-18 12:00:00,2,Jackson Heights,3740.0,1241.0,2017,7,18,12,0,1
455619,168,2017-07-18 16:00:00,2,Jackson Heights,2929.0,2328.0,2017,7,18,16,0,1
456088,168,2017-07-18 20:00:00,2,Jackson Heights,2152.0,2607.0,2017,7,18,20,0,1
456546,168,2017-07-19 00:00:00,2,Jackson Heights,55.0,894.0,2017,7,19,0,0,1
457006,168,2017-07-19 04:00:00,2,Jackson Heights,2265.0,218.0,2017,7,19,4,0,1
457475,168,2017-07-19 08:00:00,2,Jackson Heights,5534.0,682.0,2017,7,19,8,0,1
457943,168,2017-07-19 12:00:00,2,Jackson Heights,3855.0,1252.0,2017,7,19,12,0,1
458412,168,2017-07-19 16:00:00,2,Jackson Heights,3004.0,2280.0,2017,7,19,16,0,1
458881,168,2017-07-19 20:00:00,2,Jackson Heights,2081.0,2545.0,2017,7,19,20,0,1
459342,168,2017-07-20 00:00:00,2,Jackson Heights,73.0,910.0,2017,7,20,0,0,1
459803,168,2017-07-20 04:00:00,2,Jackson Heights,1316.0,329.0,2017,7,20,4,0,1
460272,168,2017-07-20 08:00:00,2,Jackson Heights,5548.0,700.0,2017,7,20,8,0,1
460741,168,2017-07-20 12:00:00,2,Jackson Heights,3781.0,1228.0,2017,7,20,12,0,1
461209,168,2017-07-20 16:00:00,2,Jackson Heights,2890.0,2271.0,2017,7,20,16,0,1
461677,168,2017-07-20 20:00:00,2,Jackson Heights,2092.0,2504.0,2017,7,20,20,0,1
462136,168,2017-07-21 00:00:00,2,Jackson Heights,78.0,940.0,2017,7,21,0,0,1
462597,168,2017-07-21 04:00:00,2,Jackson Heights,2168.0,274.0,2017,7,21,4,0,1
463064,168,2017-07-21 08:00:00,2,Jackson Heights,5331.0,661.0,2017,7,21,8,0,1
463532,168,2017-07-21 12:00:00,2,Jackson Heights,3707.0,1166.0,2017,7,21,12,0,1
464000,168,2017-07-21 16:00:00,2,Jackson Heights,3002.0,2188.0,2017,7,21,16,0,1
464468,168,2017-07-21 20:00:00,2,Jackson Heights,2258.0,2543.0,2017,7,21,20,0,1
464935,168,2017-07-22 00:00:00,2,Jackson Heights,421.0,1243.0,2017,7,22,0,0,1
465394,168,2017-07-22 04:00:00,2,Jackson Heights,1106.0,314.0,2017,7,22,4,0,1
465852,168,2017-07-22 08:00:00,2,Jackson Heights,3132.0,622.0,2017,7,22,8,0,1
466314,168,2017-07-22 12:00:00,2,Jackson Heights,3478.0,1156.0,2017,7,22,12,0,1
466773,168,2017-07-22 16:00:00,2,Jackson Heights,2911.0,1632.0,2017,7,22,16,0,1
467236,168,2017-07-22 20:00:00,2,Jackson Heights,1792.0,1780.0,2017,7,22,20,0,1
467694,168,2017-07-23 00:00:00,2,Jackson Heights,446.0,997.0,2017,7,23,0,0,1
468161,168,2017-07-23 04:00:00,2,Jackson Heights,525.0,308.0,2017,7,23,4,0,1
468625,168,2017-07-23 08:00:00,2,Jackson Heights,2140.0,409.0,2017,7,23,8,0,1
469085,168,2017-07-23 12:00:00,2,Jackson Heights,2955.0,882.0,2017,7,23,12,0,1
469548,168,2017-07-23 16:00:00,2,Jackson Heights,2344.0,1232.0,2017,7,23,16,0,1
470007,168,2017-07-23 20:00:00,2,Jackson Heights,1400.0,1441.0,2017,7,23,20,0,1
470460,168,2017-07-24 00:00:00,2,Jackson Heights,71.0,487.0,2017,7,24,0,0,1
470914,168,2017-07-24 04:00:00,2,Jackson Heights,2049.0,222.0,2017,7,24,4,0,1
471381,168,2017-07-24 08:00:00,2,Jackson Heights,4957.0,509.0,2017,7,24,8,0,1
471849,168,2017-07-24 12:00:00,2,Jackson Heights,3540.0,1134.0,2017,7,24,12,0,1
472317,168,2017-07-24 16:00:00,2,Jackson Heights,3163.0,2477.0,2017,7,24,16,0,1
472784,168,2017-07-24 20:00:00,2,Jackson Heights,2023.0,2406.0,2017,7,24,20,0,1
473242,168,2017-07-25 00:00:00,2,Jackson Heights,68.0,486.0,2017,7,25,0,0,1
473698,168,2017-07-25 04:00:00,2,Jackson Heights,2643.0,260.0,2017,7,25,4,0,1
474165,168,2017-07-25 08:00:00,2,Jackson Heights,5518.0,656.0,2017,7,25,8,0,1
474633,168,2017-07-25 12:00:00,2,Jackson Heights,3699.0,1170.0,2017,7,25,12,0,1
475101,168,2017-07-25 16:00:00,2,Jackson Heights,2825.0,2358.0,2017,7,25,16,0,1
475568,168,2017-07-25 20:00:00,2,Jackson Heights,2033.0,2516.0,2017,7,25,20,0,1
476028,168,2017-07-26 00:00:00,2,Jackson Heights,86.0,724.0,2017,7,26,0,0,1
476488,168,2017-07-26 04:00:00,2,Jackson Heights,2219.0,244.0,2017,7,26,4,0,1
476956,168,2017-07-26 08:00:00,2,Jackson Heights,5540.0,635.0,2017,7,26,8,0,1
477424,168,2017-07-26 12:00:00,2,Jackson Heights,3642.0,828.0,2017,7,26,12,0,1
477892,168,2017-07-26 16:00:00,2,Jackson Heights,2674.0,2038.0,2017,7,26,16,0,1
478360,168,2017-07-26 20:00:00,2,Jackson Heights,2045.0,2575.0,2017,7,26,20,0,1
478823,168,2017-07-27 00:00:00,2,Jackson Heights,85.0,756.0,2017,7,27,0,0,1
479283,168,2017-07-27 04:00:00,2,Jackson Heights,2558.0,254.0,2017,7,27,4,0,1
479751,168,2017-07-27 08:00:00,2,Jackson Heights,5435.0,657.0,2017,7,27,8,0,1
480219,168,2017-07-27 12:00:00,2,Jackson Heights,3440.0,852.0,2017,7,27,12,0,1
480687,168,2017-07-27 16:00:00,2,Jackson Heights,2596.0,1958.0,2017,7,27,16,0,1
481155,168,2017-07-27 20:00:00,2,Jackson Heights,2040.0,2463.0,2017,7,27,20,0,1
481618,168,2017-07-28 00:00:00,2,Jackson Heights,104.0,895.0,2017,7,28,0,0,1
482081,168,2017-07-28 04:00:00,2,Jackson Heights,2475.0,319.0,2017,7,28,4,0,1
482549,168,2017-07-28 08:00:00,2,Jackson Heights,5223.0,624.0,2017,7,28,8,0,1
483017,168,2017-07-28 12:00:00,2,Jackson Heights,3434.0,825.0,2017,7,28,12,0,1
483485,168,2017-07-28 16:00:00,2,Jackson Heights,2801.0,1914.0,2017,7,28,16,0,1
483953,168,2017-07-28 20:00:00,2,Jackson Heights,2264.0,2502.0,2017,7,28,20,0,1
484421,168,2017-07-29 00:00:00,2,Jackson Heights,422.0,1072.0,2017,7,29,0,0,1
484877,168,2017-07-29 04:00:00,2,Jackson Heights,895.0,286.0,2017,7,29,4,0,1
485333,168,2017-07-29 08:00:00,2,Jackson Heights,2587.0,559.0,2017,7,29,8,0,1
485792,168,2017-07-29 12:00:00,2,Jackson Heights,2705.0,1096.0,2017,7,29,12,0,1
486249,168,2017-07-29 16:00:00,2,Jackson Heights,2298.0,1814.0,2017,7,29,16,0,1
486711,168,2017-07-29 20:00:00,2,Jackson Heights,1481.0,2023.0,2017,7,29,20,0,1
487170,168,2017-07-30 00:00:00,2,Jackson Heights,397.0,1022.0,2017,7,30,0,0,1
487636,168,2017-07-30 04:00:00,2,Jackson Heights,479.0,263.0,2017,7,30,4,0,1
488095,168,2017-07-30 08:00:00,2,Jackson Heights,1857.0,455.0,2017,7,30,8,0,1
488554,168,2017-07-30 12:00:00,2,Jackson Heights,2504.0,866.0,2017,7,30,12,0,1
489011,168,2017-07-30 16:00:00,2,Jackson Heights,1884.0,1461.0,2017,7,30,16,0,1
489469,168,2017-07-30 20:00:00,2,Jackson Heights,1107.0,1878.0,2017,7,30,20,0,1
489923,168,2017-07-31 00:00:00,2,Jackson Heights,30.0,676.0,2017,7,31,0,0,1
490377,168,2017-07-31 04:00:00,2,Jackson Heights,2448.0,173.0,2017,7,31,4,0,1
490845,168,2017-07-31 08:00:00,2,Jackson Heights,5244.0,652.0,2017,7,31,8,0,1
491313,168,2017-07-31 12:00:00,2,Jackson Heights,3583.0,1140.0,2017,7,31,12,0,1
491781,168,2017-07-31 16:00:00,2,Jackson Heights,2845.0,2301.0,2017,7,31,16,0,1
492249,168,2017-07-31 20:00:00,2,Jackson Heights,2102.0,2400.0,2017,7,31,20,0,1
492711,168,2017-08-01 00:00:00,2,Jackson Heights,70.0,575.0,2017,8,1,0,0,1
493169,168,2017-08-01 04:00:00,2,Jackson Heights,2492.0,359.0,2017,8,1,4,0,1
493636,168,2017-08-01 08:00:00,2,Jackson Heights,5308.0,593.0,2017,8,1,8,0,1
494104,168,2017-08-01 12:00:00,2,Jackson Heights,3693.0,1099.0,2017,8,1,12,0,1
494572,168,2017-08-01 16:00:00,2,Jackson Heights,2909.0,2311.0,2017,8,1,16,0,1
495040,168,2017-08-01 20:00:00,2,Jackson Heights,2033.0,2434.0,2017,8,1,20,0,1
495502,168,2017-08-02 00:00:00,2,Jackson Heights,60.0,626.0,2017,8,2,0,0,1
495961,168,2017-08-02 04:00:00,2,Jackson Heights,2503.0,281.0,2017,8,2,4,0,1
496429,168,2017-08-02 08:00:00,2,Jackson Heights,5453.0,695.0,2017,8,2,8,0,1
496897,168,2017-08-02 12:00:00,2,Jackson Heights,3780.0,1218.0,2017,8,2,12,0,1
497365,168,2017-08-02 16:00:00,2,Jackson Heights,2760.0,2406.0,2017,8,2,16,0,1
497833,168,2017-08-02 20:00:00,2,Jackson Heights,1969.0,2512.0,2017,8,2,20,0,1
498292,168,2017-08-03 00:00:00,2,Jackson Heights,61.0,655.0,2017,8,3,0,0,1
498751,168,2017-08-03 04:00:00,2,Jackson Heights,2047.0,246.0,2017,8,3,4,0,1
499219,168,2017-08-03 08:00:00,2,Jackson Heights,5410.0,678.0,2017,8,3,8,0,1
499687,168,2017-08-03 12:00:00,2,Jackson Heights,3648.0,1214.0,2017,8,3,12,0,1
500155,168,2017-08-03 16:00:00,2,Jackson Heights,2782.0,2201.0,2017,8,3,16,0,1
500623,168,2017-08-03 20:00:00,2,Jackson Heights,2072.0,2457.0,2017,8,3,20,0,1
501089,168,2017-08-04 00:00:00,2,Jackson Heights,57.0,756.0,2017,8,4,0,0,1
501551,168,2017-08-04 04:00:00,2,Jackson Heights,1808.0,130.0,2017,8,4,4,0,1
502019,168,2017-08-04 08:00:00,2,Jackson Heights,5084.0,662.0,2017,8,4,8,0,1
502487,168,2017-08-04 12:00:00,2,Jackson Heights,3535.0,1180.0,2017,8,4,12,0,1
502955,168,2017-08-04 16:00:00,2,Jackson Heights,3060.0,2072.0,2017,8,4,16,0,1
503423,168,2017-08-04 20:00:00,2,Jackson Heights,2251.0,2366.0,2017,8,4,20,0,1
503891,168,2017-08-05 00:00:00,2,Jackson Heights,419.0,1158.0,2017,8,5,0,0,1
504350,168,2017-08-05 04:00:00,2,Jackson Heights,850.0,326.0,2017,8,5,4,0,1
504807,168,2017-08-05 08:00:00,2,Jackson Heights,2915.0,495.0,2017,8,5,8,0,1
505271,168,2017-08-05 12:00:00,2,Jackson Heights,3407.0,761.0,2017,8,5,12,0,1
505731,168,2017-08-05 16:00:00,2,Jackson Heights,2864.0,1407.0,2017,8,5,16,0,1
506194,168,2017-08-05 20:00:00,2,Jackson Heights,1834.0,1817.0,2017,8,5,20,0,1
506653,168,2017-08-06 00:00:00,2,Jackson Heights,524.0,954.0,2017,8,6,0,0,1
507120,168,2017-08-06 04:00:00,2,Jackson Heights,531.0,277.0,2017,8,6,4,0,1
507581,168,2017-08-06 08:00:00,2,Jackson Heights,2110.0,417.0,2017,8,6,8,0,1
508039,168,2017-08-06 12:00:00,2,Jackson Heights,3181.0,922.0,2017,8,6,12,0,1
508500,168,2017-08-06 16:00:00,2,Jackson Heights,2631.0,1332.0,2017,8,6,16,0,1
508958,168,2017-08-06 20:00:00,2,Jackson Heights,1444.0,1469.0,2017,8,6,20,0,1
509413,168,2017-08-07 00:00:00,2,Jackson Heights,74.0,520.0,2017,8,7,0,0,1
509865,168,2017-08-07 04:00:00,2,Jackson Heights,2377.0,218.0,2017,8,7,4,0,1
510332,168,2017-08-07 08:00:00,2,Jackson Heights,5128.0,725.0,2017,8,7,8,0,1
510800,168,2017-08-07 12:00:00,2,Jackson Heights,3616.0,1200.0,2017,8,7,12,0,1
511268,168,2017-08-07 16:00:00,2,Jackson Heights,2728.0,2285.0,2017,8,7,16,0,1
511736,168,2017-08-07 20:00:00,2,Jackson Heights,1908.0,2346.0,2017,8,7,20,0,1
512196,168,2017-08-08 00:00:00,2,Jackson Heights,36.0,427.0,2017,8,8,0,0,1
512655,168,2017-08-08 04:00:00,2,Jackson Heights,2490.0,226.0,2017,8,8,4,0,1
513123,168,2017-08-08 08:00:00,2,Jackson Heights,5381.0,666.0,2017,8,8,8,0,1
513591,168,2017-08-08 12:00:00,2,Jackson Heights,3733.0,1146.0,2017,8,8,12,0,1
514059,168,2017-08-08 16:00:00,2,Jackson Heights,2904.0,2255.0,2017,8,8,16,0,1
514527,168,2017-08-08 20:00:00,2,Jackson Heights,2098.0,2602.0,2017,8,8,20,0,1
514991,168,2017-08-09 00:00:00,2,Jackson Heights,85.0,944.0,2017,8,9,0,0,1
515453,168,2017-08-09 04:00:00,2,Jackson Heights,1678.0,239.0,2017,8,9,4,0,1
515920,168,2017-08-09 08:00:00,2,Jackson Heights,5432.0,700.0,2017,8,9,8,0,1
516388,168,2017-08-09 12:00:00,2,Jackson Heights,3883.0,1254.0,2017,8,9,12,0,1
516856,168,2017-08-09 16:00:00,2,Jackson Heights,2858.0,2258.0,2017,8,9,16,0,1
517324,168,2017-08-09 20:00:00,2,Jackson Heights,2012.0,2474.0,2017,8,9,20,0,1
517788,168,2017-08-10 00:00:00,2,Jackson Heights,98.0,979.0,2017,8,10,0,0,1
518246,168,2017-08-10 04:00:00,2,Jackson Heights,1227.0,271.0,2017,8,10,4,0,1
518713,168,2017-08-10 08:00:00,2,Jackson Heights,5283.0,629.0,2017,8,10,8,0,1
519181,168,2017-08-10 12:00:00,2,Jackson Heights,3562.0,1257.0,2017,8,10,12,0,1
519649,168,2017-08-10 16:00:00,2,Jackson Heights,2735.0,2295.0,2017,8,10,16,0,1
520117,168,2017-08-10 20:00:00,2,Jackson Heights,2066.0,2480.0,2017,8,10,20,0,1
520584,168,2017-08-11 00:00:00,2,Jackson Heights,106.0,894.0,2017,8,11,0,0,1
521048,168,2017-08-11 04:00:00,2,Jackson Heights,1664.0,268.0,2017,8,11,4,0,1
521516,168,2017-08-11 08:00:00,2,Jackson Heights,5245.0,716.0,2017,8,11,8,0,1
521984,168,2017-08-11 12:00:00,2,Jackson Heights,3541.0,1372.0,2017,8,11,12,0,1
522452,168,2017-08-11 16:00:00,2,Jackson Heights,2874.0,2254.0,2017,8,11,16,0,1
522920,168,2017-08-11 20:00:00,2,Jackson Heights,2234.0,2327.0,2017,8,11,20,0,1
523388,168,2017-08-12 00:00:00,2,Jackson Heights,373.0,1049.0,2017,8,12,0,0,1
523852,168,2017-08-12 04:00:00,2,Jackson Heights,1013.0,225.0,2017,8,12,4,0,1
524308,168,2017-08-12 08:00:00,2,Jackson Heights,2476.0,639.0,2017,8,12,8,0,1
524771,168,2017-08-12 12:00:00,2,Jackson Heights,2823.0,1207.0,2017,8,12,12,0,1
525227,168,2017-08-12 16:00:00,2,Jackson Heights,2354.0,1718.0,2017,8,12,16,0,1
525692,168,2017-08-12 20:00:00,2,Jackson Heights,1494.0,2009.0,2017,8,12,20,0,1
526150,168,2017-08-13 00:00:00,2,Jackson Heights,374.0,1113.0,2017,8,13,0,0,1
526617,168,2017-08-13 04:00:00,2,Jackson Heights,478.0,262.0,2017,8,13,4,0,1
527080,168,2017-08-13 08:00:00,2,Jackson Heights,1865.0,411.0,2017,8,13,8,0,1
527540,168,2017-08-13 12:00:00,2,Jackson Heights,2558.0,985.0,2017,8,13,12,0,1
528003,168,2017-08-13 16:00:00,2,Jackson Heights,1994.0,1607.0,2017,8,13,16,0,1
528461,168,2017-08-13 20:00:00,2,Jackson Heights,1142.0,1722.0,2017,8,13,20,0,1
528919,168,2017-08-14 00:00:00,2,Jackson Heights,30.0,335.0,2017,8,14,0,0,1
529372,168,2017-08-14 04:00:00,2,Jackson Heights,1676.0,189.0,2017,8,14,4,0,1
529839,168,2017-08-14 08:00:00,2,Jackson Heights,5142.0,726.0,2017,8,14,8,0,1
530307,168,2017-08-14 12:00:00,2,Jackson Heights,3468.0,1279.0,2017,8,14,12,0,1
530775,168,2017-08-14 16:00:00,2,Jackson Heights,2737.0,2229.0,2017,8,14,16,0,1
531243,168,2017-08-14 20:00:00,2,Jackson Heights,2001.0,2358.0,2017,8,14,20,0,1
531707,168,2017-08-15 00:00:00,2,Jackson Heights,57.0,521.0,2017,8,15,0,0,1
532166,168,2017-08-15 04:00:00,2,Jackson Heights,2021.0,222.0,2017,8,15,4,0,1
532634,168,2017-08-15 08:00:00,2,Jackson Heights,5266.0,699.0,2017,8,15,8,0,1
533102,168,2017-08-15 12:00:00,2,Jackson Heights,3675.0,1217.0,2017,8,15,12,0,1
533570,168,2017-08-15 16:00:00,2,Jackson Heights,2739.0,2101.0,2017,8,15,16,0,1
534038,168,2017-08-15 20:00:00,2,Jackson Heights,1880.0,2304.0,2017,8,15,20,0,1
534500,168,2017-08-16 00:00:00,2,Jackson Heights,86.0,832.0,2017,8,16,0,0,1
534960,168,2017-08-16 04:00:00,2,Jackson Heights,1545.0,256.0,2017,8,16,4,0,1
535428,168,2017-08-16 08:00:00,2,Jackson Heights,5293.0,712.0,2017,8,16,8,0,1
535896,168,2017-08-16 12:00:00,2,Jackson Heights,3498.0,1299.0,2017,8,16,12,0,1
536364,168,2017-08-16 16:00:00,2,Jackson Heights,2721.0,2362.0,2017,8,16,16,0,1
536832,168,2017-08-16 20:00:00,2,Jackson Heights,2054.0,2579.0,2017,8,16,20,0,1
537297,168,2017-08-17 00:00:00,2,Jackson Heights,89.0,787.0,2017,8,17,0,0,1
537762,168,2017-08-17 04:00:00,2,Jackson Heights,1213.0,234.0,2017,8,17,4,0,1
538229,168,2017-08-17 08:00:00,2,Jackson Heights,5192.0,716.0,2017,8,17,8,0,1
538697,168,2017-08-17 12:00:00,2,Jackson Heights,3510.0,1272.0,2017,8,17,12,0,1
539165,168,2017-08-17 16:00:00,2,Jackson Heights,2795.0,2182.0,2017,8,17,16,0,1
539633,168,2017-08-17 20:00:00,2,Jackson Heights,2086.0,2513.0,2017,8,17,20,0,1
540099,168,2017-08-18 00:00:00,2,Jackson Heights,166.0,916.0,2017,8,18,0,0,1
540565,168,2017-08-18 04:00:00,2,Jackson Heights,2366.0,239.0,2017,8,18,4,0,1
541033,168,2017-08-18 08:00:00,2,Jackson Heights,4909.0,682.0,2017,8,18,8,0,1
541501,168,2017-08-18 12:00:00,2,Jackson Heights,3486.0,1102.0,2017,8,18,12,0,1
541969,168,2017-08-18 16:00:00,2,Jackson Heights,2996.0,2041.0,2017,8,18,16,0,1
542437,168,2017-08-18 20:00:00,2,Jackson Heights,2063.0,2246.0,2017,8,18,20,0,1
542905,168,2017-08-19 00:00:00,2,Jackson Heights,270.0,901.0,2017,8,19,0,0,1
543368,168,2017-08-19 04:00:00,2,Jackson Heights,1104.0,306.0,2017,8,19,4,0,1
543830,168,2017-08-19 08:00:00,2,Jackson Heights,3146.0,596.0,2017,8,19,8,0,1
544291,168,2017-08-19 12:00:00,2,Jackson Heights,3410.0,1112.0,2017,8,19,12,0,1
544754,168,2017-08-19 16:00:00,2,Jackson Heights,2884.0,1646.0,2017,8,19,16,0,1
545215,168,2017-08-19 20:00:00,2,Jackson Heights,1859.0,1813.0,2017,8,19,20,0,1
545679,168,2017-08-20 00:00:00,2,Jackson Heights,480.0,987.0,2017,8,20,0,0,1
546145,168,2017-08-20 04:00:00,2,Jackson Heights,585.0,270.0,2017,8,20,4,0,1
546608,168,2017-08-20 08:00:00,2,Jackson Heights,2276.0,438.0,2017,8,20,8,0,1
547068,168,2017-08-20 12:00:00,2,Jackson Heights,3218.0,882.0,2017,8,20,12,0,1
547528,168,2017-08-20 16:00:00,2,Jackson Heights,2455.0,1302.0,2017,8,20,16,0,1
547986,168,2017-08-20 20:00:00,2,Jackson Heights,1387.0,1500.0,2017,8,20,20,0,1
548444,168,2017-08-21 00:00:00,2,Jackson Heights,98.0,628.0,2017,8,21,0,0,1
548900,168,2017-08-21 04:00:00,2,Jackson Heights,2367.0,209.0,2017,8,21,4,0,1
549367,168,2017-08-21 08:00:00,2,Jackson Heights,4958.0,737.0,2017,8,21,8,0,1
549835,168,2017-08-21 12:00:00,2,Jackson Heights,3461.0,1108.0,2017,8,21,12,0,1
550303,168,2017-08-21 16:00:00,2,Jackson Heights,2755.0,2130.0,2017,8,21,16,0,1
550771,168,2017-08-21 20:00:00,2,Jackson Heights,1951.0,2418.0,2017,8,21,20,0,1
551237,168,2017-08-22 00:00:00,2,Jackson Heights,90.0,688.0,2017,8,22,0,0,1
551699,168,2017-08-22 04:00:00,2,Jackson Heights,2461.0,246.0,2017,8,22,4,0,1
552167,168,2017-08-22 08:00:00,2,Jackson Heights,5113.0,672.0,2017,8,22,8,0,1
552635,168,2017-08-22 12:00:00,2,Jackson Heights,3508.0,1131.0,2017,8,22,12,0,1
553103,168,2017-08-22 16:00:00,2,Jackson Heights,2800.0,2210.0,2017,8,22,16,0,1
553571,168,2017-08-22 20:00:00,2,Jackson Heights,2012.0,2446.0,2017,8,22,20,0,1
554035,168,2017-08-23 00:00:00,2,Jackson Heights,86.0,780.0,2017,8,23,0,0,1
554500,168,2017-08-23 04:00:00,2,Jackson Heights,1159.0,236.0,2017,8,23,4,0,1
554968,168,2017-08-23 08:00:00,2,Jackson Heights,5018.0,735.0,2017,8,23,8,0,1
555436,168,2017-08-23 12:00:00,2,Jackson Heights,3540.0,1165.0,2017,8,23,12,0,1
555904,168,2017-08-23 16:00:00,2,Jackson Heights,2864.0,2178.0,2017,8,23,16,0,1
556372,168,2017-08-23 20:00:00,2,Jackson Heights,1957.0,2599.0,2017,8,23,20,0,1
556836,168,2017-08-24 00:00:00,2,Jackson Heights,64.0,875.0,2017,8,24,0,0,1
557300,168,2017-08-24 04:00:00,2,Jackson Heights,2456.0,265.0,2017,8,24,4,0,1
557768,168,2017-08-24 08:00:00,2,Jackson Heights,5097.0,652.0,2017,8,24,8,0,1
558236,168,2017-08-24 12:00:00,2,Jackson Heights,3444.0,1059.0,2017,8,24,12,0,1
558704,168,2017-08-24 16:00:00,2,Jackson Heights,2759.0,2213.0,2017,8,24,16,0,1
559172,168,2017-08-24 20:00:00,2,Jackson Heights,2040.0,2548.0,2017,8,24,20,0,1
559638,168,2017-08-25 00:00:00,2,Jackson Heights,125.0,891.0,2017,8,25,0,0,1
560101,168,2017-08-25 04:00:00,2,Jackson Heights,2416.0,258.0,2017,8,25,4,0,1
560569,168,2017-08-25 08:00:00,2,Jackson Heights,5178.0,655.0,2017,8,25,8,0,1
561037,168,2017-08-25 12:00:00,2,Jackson Heights,3572.0,1097.0,2017,8,25,12,0,1
561505,168,2017-08-25 16:00:00,2,Jackson Heights,2817.0,2063.0,2017,8,25,16,0,1
561973,168,2017-08-25 20:00:00,2,Jackson Heights,2126.0,2372.0,2017,8,25,20,0,1
562441,168,2017-08-26 00:00:00,2,Jackson Heights,392.0,1064.0,2017,8,26,0,0,1
562903,168,2017-08-26 04:00:00,2,Jackson Heights,1164.0,315.0,2017,8,26,4,0,1
563360,168,2017-08-26 08:00:00,2,Jackson Heights,3132.0,565.0,2017,8,26,8,0,1
563822,168,2017-08-26 12:00:00,2,Jackson Heights,3245.0,1111.0,2017,8,26,12,0,1
564282,168,2017-08-26 16:00:00,2,Jackson Heights,2784.0,1592.0,2017,8,26,16,0,1
564743,168,2017-08-26 20:00:00,2,Jackson Heights,1845.0,1667.0,2017,8,26,20,0,1
565204,168,2017-08-27 00:00:00,2,Jackson Heights,489.0,900.0,2017,8,27,0,0,1
565670,168,2017-08-27 04:00:00,2,Jackson Heights,568.0,255.0,2017,8,27,4,0,1
566130,168,2017-08-27 08:00:00,2,Jackson Heights,2142.0,421.0,2017,8,27,8,0,1
566591,168,2017-08-27 12:00:00,2,Jackson Heights,3064.0,889.0,2017,8,27,12,0,1
567051,168,2017-08-27 16:00:00,2,Jackson Heights,2414.0,1369.0,2017,8,27,16,0,1
567508,168,2017-08-27 20:00:00,2,Jackson Heights,1365.0,1490.0,2017,8,27,20,0,1
567965,168,2017-08-28 00:00:00,2,Jackson Heights,67.0,515.0,2017,8,28,0,0,1
568421,168,2017-08-28 04:00:00,2,Jackson Heights,2026.0,200.0,2017,8,28,4,0,1
568889,168,2017-08-28 08:00:00,2,Jackson Heights,5205.0,638.0,2017,8,28,8,0,1
569357,168,2017-08-28 12:00:00,2,Jackson Heights,3683.0,1144.0,2017,8,28,12,0,1
569825,168,2017-08-28 16:00:00,2,Jackson Heights,2910.0,2288.0,2017,8,28,16,0,1
570293,168,2017-08-28 20:00:00,2,Jackson Heights,1992.0,2514.0,2017,8,28,20,0,1
570756,168,2017-08-29 00:00:00,2,Jackson Heights,65.0,787.0,2017,8,29,0,0,1
571214,168,2017-08-29 04:00:00,2,Jackson Heights,2421.0,271.0,2017,8,29,4,0,1
571682,168,2017-08-29 08:00:00,2,Jackson Heights,5202.0,615.0,2017,8,29,8,0,1
572150,168,2017-08-29 12:00:00,2,Jackson Heights,3679.0,1126.0,2017,8,29,12,0,1
572618,168,2017-08-29 16:00:00,2,Jackson Heights,2738.0,2241.0,2017,8,29,16,0,1
573086,168,2017-08-29 20:00:00,2,Jackson Heights,1813.0,2321.0,2017,8,29,20,0,1
573545,168,2017-08-30 00:00:00,2,Jackson Heights,57.0,475.0,2017,8,30,0,0,1
574004,168,2017-08-30 04:00:00,2,Jackson Heights,2466.0,303.0,2017,8,30,4,0,1
574472,168,2017-08-30 08:00:00,2,Jackson Heights,5364.0,590.0,2017,8,30,8,0,1
574939,168,2017-08-30 12:00:00,2,Jackson Heights,3776.0,1138.0,2017,8,30,12,0,1
575406,168,2017-08-30 16:00:00,2,Jackson Heights,2869.0,2413.0,2017,8,30,16,0,1
575873,168,2017-08-30 20:00:00,2,Jackson Heights,1987.0,2611.0,2017,8,30,20,0,1
576337,168,2017-08-31 00:00:00,2,Jackson Heights,57.0,683.0,2017,8,31,0,0,1
576797,168,2017-08-31 04:00:00,2,Jackson Heights,2472.0,301.0,2017,8,31,4,0,1
577265,168,2017-08-31 08:00:00,2,Jackson Heights,5271.0,644.0,2017,8,31,8,0,1
577731,168,2017-08-31 12:00:00,2,Jackson Heights,3698.0,1148.0,2017,8,31,12,0,1
578199,168,2017-08-31 16:00:00,2,Jackson Heights,2774.0,1992.0,2017,8,31,16,0,1
578666,168,2017-08-31 20:00:00,2,Jackson Heights,1936.0,2491.0,2017,8,31,20,0,1
579132,168,2017-09-01 00:00:00,2,Jackson Heights,172.0,758.0,2017,9,1,0,0,1
579595,168,2017-09-01 04:00:00,2,Jackson Heights,2358.0,304.0,2017,9,1,4,0,1
580062,168,2017-09-01 08:00:00,2,Jackson Heights,5087.0,662.0,2017,9,1,8,0,1
580529,168,2017-09-01 12:00:00,2,Jackson Heights,3677.0,1092.0,2017,9,1,12,0,1
580997,168,2017-09-01 16:00:00,2,Jackson Heights,2993.0,2075.0,2017,9,1,16,0,1
581464,168,2017-09-01 20:00:00,2,Jackson Heights,2161.0,2343.0,2017,9,1,20,0,1
581932,168,2017-09-02 00:00:00,2,Jackson Heights,377.0,1073.0,2017,9,2,0,0,1
582395,168,2017-09-02 04:00:00,2,Jackson Heights,1019.0,335.0,2017,9,2,4,0,1
582851,168,2017-09-02 08:00:00,2,Jackson Heights,2877.0,527.0,2017,9,2,8,0,1
583315,168,2017-09-02 12:00:00,2,Jackson Heights,3291.0,1072.0,2017,9,2,12,0,1
583774,168,2017-09-02 16:00:00,2,Jackson Heights,2841.0,1635.0,2017,9,2,16,0,1
584239,168,2017-09-02 20:00:00,2,Jackson Heights,1652.0,1618.0,2017,9,2,20,0,1
584701,168,2017-09-03 00:00:00,2,Jackson Heights,345.0,857.0,2017,9,3,0,0,1
585166,168,2017-09-03 04:00:00,2,Jackson Heights,501.0,301.0,2017,9,3,4,0,1
585628,168,2017-09-03 08:00:00,2,Jackson Heights,1931.0,390.0,2017,9,3,8,0,1
586093,168,2017-09-03 12:00:00,2,Jackson Heights,2834.0,772.0,2017,9,3,12,0,1
586556,168,2017-09-03 16:00:00,2,Jackson Heights,2349.0,1197.0,2017,9,3,16,0,1
587019,168,2017-09-03 20:00:00,2,Jackson Heights,1323.0,1355.0,2017,9,3,20,0,1
587484,168,2017-09-04 00:00:00,2,Jackson Heights,297.0,761.0,2017,9,4,0,1,1
587943,168,2017-09-04 04:00:00,2,Jackson Heights,830.0,219.0,2017,9,4,4,1,1
588407,168,2017-09-04 08:00:00,2,Jackson Heights,2334.0,429.0,2017,9,4,8,1,1
588868,168,2017-09-04 12:00:00,2,Jackson Heights,2922.0,868.0,2017,9,4,12,1,1
589332,168,2017-09-04 16:00:00,2,Jackson Heights,2620.0,1411.0,2017,9,4,16,1,1
589791,168,2017-09-04 20:00:00,2,Jackson Heights,1502.0,1571.0,2017,9,4,20,1,1
590247,168,2017-09-05 00:00:00,2,Jackson Heights,36.0,445.0,2017,9,5,0,0,1
590697,168,2017-09-05 04:00:00,2,Jackson Heights,2502.0,199.0,2017,9,5,4,0,1
591165,168,2017-09-05 08:00:00,2,Jackson Heights,5349.0,700.0,2017,9,5,8,0,1
591633,168,2017-09-05 12:00:00,2,Jackson Heights,3802.0,1198.0,2017,9,5,12,0,1
592101,168,2017-09-05 16:00:00,2,Jackson Heights,2931.0,2293.0,2017,9,5,16,0,1
592569,168,2017-09-05 20:00:00,2,Jackson Heights,1969.0,2517.0,2017,9,5,20,0,1
593030,168,2017-09-06 00:00:00,2,Jackson Heights,53.0,626.0,2017,9,6,0,0,1
593492,168,2017-09-06 04:00:00,2,Jackson Heights,2507.0,261.0,2017,9,6,4,0,1
593959,168,2017-09-06 08:00:00,2,Jackson Heights,5418.0,742.0,2017,9,6,8,0,1
594427,168,2017-09-06 12:00:00,2,Jackson Heights,3813.0,1125.0,2017,9,6,12,0,1
594895,168,2017-09-06 16:00:00,2,Jackson Heights,2839.0,2290.0,2017,9,6,16,0,1
595363,168,2017-09-06 20:00:00,2,Jackson Heights,1900.0,2501.0,2017,9,6,20,0,1
595820,168,2017-09-07 00:00:00,2,Jackson Heights,7.0,209.0,2017,9,7,0,0,1
596273,168,2017-09-07 04:00:00,2,Jackson Heights,3071.0,364.0,2017,9,7,4,0,1
596741,168,2017-09-07 08:00:00,2,Jackson Heights,6023.0,652.0,2017,9,7,8,0,1
597209,168,2017-09-07 12:00:00,2,Jackson Heights,3662.0,1162.0,2017,9,7,12,0,1
597677,168,2017-09-07 16:00:00,2,Jackson Heights,2844.0,2481.0,2017,9,7,16,0,1
598145,168,2017-09-07 20:00:00,2,Jackson Heights,2084.0,2691.0,2017,9,7,20,0,1
598601,168,2017-09-08 00:00:00,2,Jackson Heights,84.0,725.0,2017,9,8,0,0,1
599058,168,2017-09-08 04:00:00,2,Jackson Heights,3114.0,316.0,2017,9,8,4,0,1
599526,168,2017-09-08 08:00:00,2,Jackson Heights,5995.0,693.0,2017,9,8,8,0,1
599994,168,2017-09-08 12:00:00,2,Jackson Heights,3648.0,1113.0,2017,9,8,12,0,1
600462,168,2017-09-08 16:00:00,2,Jackson Heights,2991.0,2302.0,2017,9,8,16,0,1
600930,168,2017-09-08 20:00:00,2,Jackson Heights,2195.0,2543.0,2017,9,8,20,0,1
601398,168,2017-09-09 00:00:00,2,Jackson Heights,327.0,1097.0,2017,9,9,0,0,1
601855,168,2017-09-09 04:00:00,2,Jackson Heights,1172.0,325.0,2017,9,9,4,0,1
602311,168,2017-09-09 08:00:00,2,Jackson Heights,3250.0,545.0,2017,9,9,8,0,1
602770,168,2017-09-09 12:00:00,2,Jackson Heights,3545.0,1186.0,2017,9,9,12,0,1
603228,168,2017-09-09 16:00:00,2,Jackson Heights,2974.0,1769.0,2017,9,9,16,0,1
603690,168,2017-09-09 20:00:00,2,Jackson Heights,1806.0,1737.0,2017,9,9,20,0,1
604151,168,2017-09-10 00:00:00,2,Jackson Heights,470.0,865.0,2017,9,10,0,0,1
604618,168,2017-09-10 04:00:00,2,Jackson Heights,559.0,233.0,2017,9,10,4,0,1
605079,168,2017-09-10 08:00:00,2,Jackson Heights,2282.0,437.0,2017,9,10,8,0,1
605534,168,2017-09-10 12:00:00,2,Jackson Heights,3234.0,927.0,2017,9,10,12,0,1
605991,168,2017-09-10 16:00:00,2,Jackson Heights,2441.0,1371.0,2017,9,10,16,0,1
606444,168,2017-09-10 20:00:00,2,Jackson Heights,1388.0,1499.0,2017,9,10,20,0,1
606888,168,2017-09-11 00:00:00,2,Jackson Heights,25.0,316.0,2017,9,11,0,0,1
607325,168,2017-09-11 04:00:00,2,Jackson Heights,3110.0,226.0,2017,9,11,4,0,1
607793,168,2017-09-11 08:00:00,2,Jackson Heights,6103.0,700.0,2017,9,11,8,0,1
608261,168,2017-09-11 12:00:00,2,Jackson Heights,3684.0,1268.0,2017,9,11,12,0,1
608729,168,2017-09-11 16:00:00,2,Jackson Heights,2918.0,2532.0,2017,9,11,16,0,1
609197,168,2017-09-11 20:00:00,2,Jackson Heights,2084.0,2624.0,2017,9,11,20,0,1
609649,168,2017-09-12 00:00:00,2,Jackson Heights,87.0,305.0,2017,9,12,0,0,1
610102,168,2017-09-12 04:00:00,2,Jackson Heights,2725.0,249.0,2017,9,12,4,0,1
610570,168,2017-09-12 08:00:00,2,Jackson Heights,6163.0,695.0,2017,9,12,8,0,1
611038,168,2017-09-12 12:00:00,2,Jackson Heights,3621.0,871.0,2017,9,12,12,0,1
611506,168,2017-09-12 16:00:00,2,Jackson Heights,2842.0,2448.0,2017,9,12,16,0,1
611974,168,2017-09-12 20:00:00,2,Jackson Heights,2065.0,2143.0,2017,9,12,20,0,1
612428,168,2017-09-13 00:00:00,2,Jackson Heights,29.0,437.0,2017,9,13,0,0,1
612884,168,2017-09-13 04:00:00,2,Jackson Heights,3212.0,299.0,2017,9,13,4,0,1
613351,168,2017-09-13 08:00:00,2,Jackson Heights,6214.0,648.0,2017,9,13,8,0,1
613819,168,2017-09-13 12:00:00,2,Jackson Heights,3766.0,1152.0,2017,9,13,12,0,1
614287,168,2017-09-13 16:00:00,2,Jackson Heights,2840.0,2608.0,2017,9,13,16,0,1
614755,168,2017-09-13 20:00:00,2,Jackson Heights,1957.0,2668.0,2017,9,13,20,0,1
615209,168,2017-09-14 00:00:00,2,Jackson Heights,24.0,521.0,2017,9,14,0,0,1
615661,168,2017-09-14 04:00:00,2,Jackson Heights,3152.0,309.0,2017,9,14,4,0,1
616129,168,2017-09-14 08:00:00,2,Jackson Heights,6135.0,646.0,2017,9,14,8,0,1
616597,168,2017-09-14 12:00:00,2,Jackson Heights,3641.0,1174.0,2017,9,14,12,0,1
617065,168,2017-09-14 16:00:00,2,Jackson Heights,2798.0,2419.0,2017,9,14,16,0,1
617533,168,2017-09-14 20:00:00,2,Jackson Heights,2029.0,2550.0,2017,9,14,20,0,1
617990,168,2017-09-15 00:00:00,2,Jackson Heights,96.0,406.0,2017,9,15,0,0,1
618447,168,2017-09-15 04:00:00,2,Jackson Heights,3107.0,356.0,2017,9,15,4,0,1
618915,168,2017-09-15 08:00:00,2,Jackson Heights,6026.0,664.0,2017,9,15,8,0,1
619383,168,2017-09-15 12:00:00,2,Jackson Heights,3669.0,1158.0,2017,9,15,12,0,1
619851,168,2017-09-15 16:00:00,2,Jackson Heights,3037.0,2281.0,2017,9,15,16,0,1
620319,168,2017-09-15 20:00:00,2,Jackson Heights,2266.0,2525.0,2017,9,15,20,0,1
620787,168,2017-09-16 00:00:00,2,Jackson Heights,361.0,1091.0,2017,9,16,0,0,1
621252,168,2017-09-16 04:00:00,2,Jackson Heights,981.0,279.0,2017,9,16,4,0,1
621710,168,2017-09-16 08:00:00,2,Jackson Heights,3203.0,590.0,2017,9,16,8,0,1
622174,168,2017-09-16 12:00:00,2,Jackson Heights,3403.0,1173.0,2017,9,16,12,0,1
622631,168,2017-09-16 16:00:00,2,Jackson Heights,2892.0,1868.0,2017,9,16,16,0,1
623096,168,2017-09-16 20:00:00,2,Jackson Heights,1922.0,1913.0,2017,9,16,20,0,1
623558,168,2017-09-17 00:00:00,2,Jackson Heights,548.0,959.0,2017,9,17,0,0,1
624025,168,2017-09-17 04:00:00,2,Jackson Heights,541.0,293.0,2017,9,17,4,0,1
624491,168,2017-09-17 08:00:00,2,Jackson Heights,2229.0,404.0,2017,9,17,8,0,1
624950,168,2017-09-17 12:00:00,2,Jackson Heights,3198.0,924.0,2017,9,17,12,0,1
625416,168,2017-09-17 16:00:00,2,Jackson Heights,2495.0,1370.0,2017,9,17,16,0,1
625875,168,2017-09-17 20:00:00,2,Jackson Heights,1437.0,1554.0,2017,9,17,20,0,1
626329,168,2017-09-18 00:00:00,2,Jackson Heights,20.0,362.0,2017,9,18,0,0,1
626773,168,2017-09-18 04:00:00,2,Jackson Heights,3109.0,198.0,2017,9,18,4,0,1
627240,168,2017-09-18 08:00:00,2,Jackson Heights,6123.0,691.0,2017,9,18,8,0,1
627708,168,2017-09-18 12:00:00,2,Jackson Heights,3795.0,1227.0,2017,9,18,12,0,1
628175,168,2017-09-18 16:00:00,2,Jackson Heights,2908.0,2502.0,2017,9,18,16,0,1
628643,168,2017-09-18 20:00:00,2,Jackson Heights,1987.0,2513.0,2017,9,18,20,0,1
629093,168,2017-09-19 00:00:00,2,Jackson Heights,13.0,191.0,2017,9,19,0,0,1
629548,168,2017-09-19 04:00:00,2,Jackson Heights,3076.0,309.0,2017,9,19,4,0,1
630014,168,2017-09-19 08:00:00,2,Jackson Heights,6080.0,665.0,2017,9,19,8,0,1
630482,168,2017-09-19 12:00:00,2,Jackson Heights,3775.0,1215.0,2017,9,19,12,0,1
630950,168,2017-09-19 16:00:00,2,Jackson Heights,2832.0,2460.0,2017,9,19,16,0,1
631418,168,2017-09-19 20:00:00,2,Jackson Heights,1609.0,2418.0,2017,9,19,20,0,1
631870,168,2017-09-20 00:00:00,2,Jackson Heights,1204.0,873.0,2017,9,20,0,0,1
632320,168,2017-09-20 04:00:00,2,Jackson Heights,2195.0,224.0,2017,9,20,4,0,1
632788,168,2017-09-20 08:00:00,2,Jackson Heights,4386.0,652.0,2017,9,20,8,0,1
633255,168,2017-09-20 12:00:00,2,Jackson Heights,3571.0,1280.0,2017,9,20,12,0,1
633723,168,2017-09-20 16:00:00,2,Jackson Heights,2732.0,2503.0,2017,9,20,16,0,1
634191,168,2017-09-20 20:00:00,2,Jackson Heights,1959.0,2471.0,2017,9,20,20,0,1
634653,168,2017-09-21 00:00:00,2,Jackson Heights,135.0,568.0,2017,9,21,0,0,1
635115,168,2017-09-21 04:00:00,2,Jackson Heights,1951.0,244.0,2017,9,21,4,0,1
635582,168,2017-09-21 08:00:00,2,Jackson Heights,4876.0,734.0,2017,9,21,8,0,1
636050,168,2017-09-21 12:00:00,2,Jackson Heights,3524.0,1334.0,2017,9,21,12,0,1
636518,168,2017-09-21 16:00:00,2,Jackson Heights,2856.0,2331.0,2017,9,21,16,0,1
636986,168,2017-09-21 20:00:00,2,Jackson Heights,2049.0,2389.0,2017,9,21,20,0,1
637446,168,2017-09-22 00:00:00,2,Jackson Heights,153.0,701.0,2017,9,22,0,0,1
637908,168,2017-09-22 04:00:00,2,Jackson Heights,2350.0,314.0,2017,9,22,4,0,1
638376,168,2017-09-22 08:00:00,2,Jackson Heights,4955.0,632.0,2017,9,22,8,0,1
638844,168,2017-09-22 12:00:00,2,Jackson Heights,3566.0,1122.0,2017,9,22,12,0,1
639312,168,2017-09-22 16:00:00,2,Jackson Heights,3119.0,2228.0,2017,9,22,16,0,1
639780,168,2017-09-22 20:00:00,2,Jackson Heights,2263.0,2350.0,2017,9,22,20,0,1
640248,168,2017-09-23 00:00:00,2,Jackson Heights,355.0,917.0,2017,9,23,0,0,1
640712,168,2017-09-23 04:00:00,2,Jackson Heights,1107.0,294.0,2017,9,23,4,0,1
641169,168,2017-09-23 08:00:00,2,Jackson Heights,3237.0,590.0,2017,9,23,8,0,1
641634,168,2017-09-23 12:00:00,2,Jackson Heights,3539.0,1168.0,2017,9,23,12,0,1
642097,168,2017-09-23 16:00:00,2,Jackson Heights,2921.0,1683.0,2017,9,23,16,0,1
642562,168,2017-09-23 20:00:00,2,Jackson Heights,1845.0,1762.0,2017,9,23,20,0,1
643023,168,2017-09-24 00:00:00,2,Jackson Heights,471.0,921.0,2017,9,24,0,0,1
643487,168,2017-09-24 04:00:00,2,Jackson Heights,566.0,271.0,2017,9,24,4,0,1
643948,168,2017-09-24 08:00:00,2,Jackson Heights,2323.0,436.0,2017,9,24,8,0,1
644405,168,2017-09-24 12:00:00,2,Jackson Heights,3238.0,925.0,2017,9,24,12,0,1
644866,168,2017-09-24 16:00:00,2,Jackson Heights,2482.0,1499.0,2017,9,24,16,0,1
645322,168,2017-09-24 20:00:00,2,Jackson Heights,1424.0,1530.0,2017,9,24,20,0,1
645773,168,2017-09-25 00:00:00,2,Jackson Heights,8.0,149.0,2017,9,25,0,0,1
646216,168,2017-09-25 04:00:00,2,Jackson Heights,3156.0,219.0,2017,9,25,4,0,1
646684,168,2017-09-25 08:00:00,2,Jackson Heights,6096.0,668.0,2017,9,25,8,0,1
647152,168,2017-09-25 12:00:00,2,Jackson Heights,3683.0,1279.0,2017,9,25,12,0,1
647620,168,2017-09-25 16:00:00,2,Jackson Heights,2963.0,2599.0,2017,9,25,16,0,1
648088,168,2017-09-25 20:00:00,2,Jackson Heights,2124.0,2672.0,2017,9,25,20,0,1
648542,168,2017-09-26 00:00:00,2,Jackson Heights,29.0,278.0,2017,9,26,0,0,1
648994,168,2017-09-26 04:00:00,2,Jackson Heights,3146.0,248.0,2017,9,26,4,0,1
649462,168,2017-09-26 08:00:00,2,Jackson Heights,6159.0,735.0,2017,9,26,8,0,1
649930,168,2017-09-26 12:00:00,2,Jackson Heights,3778.0,1176.0,2017,9,26,12,0,1
650398,168,2017-09-26 16:00:00,2,Jackson Heights,2945.0,2582.0,2017,9,26,16,0,1
650866,168,2017-09-26 20:00:00,2,Jackson Heights,2016.0,2768.0,2017,9,26,20,0,1
651320,168,2017-09-27 00:00:00,2,Jackson Heights,16.0,204.0,2017,9,27,0,0,1
651769,168,2017-09-27 04:00:00,2,Jackson Heights,3201.0,268.0,2017,9,27,4,0,1
652237,168,2017-09-27 08:00:00,2,Jackson Heights,6105.0,678.0,2017,9,27,8,0,1
652705,168,2017-09-27 12:00:00,2,Jackson Heights,3685.0,1210.0,2017,9,27,12,0,1
653173,168,2017-09-27 16:00:00,2,Jackson Heights,2906.0,2399.0,2017,9,27,16,0,1
653641,168,2017-09-27 20:00:00,2,Jackson Heights,1994.0,2581.0,2017,9,27,20,0,1
654094,168,2017-09-28 00:00:00,2,Jackson Heights,21.0,348.0,2017,9,28,0,0,1
654546,168,2017-09-28 04:00:00,2,Jackson Heights,2695.0,280.0,2017,9,28,4,0,1
655014,168,2017-09-28 08:00:00,2,Jackson Heights,6176.0,677.0,2017,9,28,8,0,1
655482,168,2017-09-28 12:00:00,2,Jackson Heights,3774.0,1063.0,2017,9,28,12,0,1
655950,168,2017-09-28 16:00:00,2,Jackson Heights,2917.0,2446.0,2017,9,28,16,0,1
656418,168,2017-09-28 20:00:00,2,Jackson Heights,2107.0,2766.0,2017,9,28,20,0,1
656877,168,2017-09-29 00:00:00,2,Jackson Heights,46.0,651.0,2017,9,29,0,0,1
657335,168,2017-09-29 04:00:00,2,Jackson Heights,3021.0,293.0,2017,9,29,4,0,1
657802,168,2017-09-29 08:00:00,2,Jackson Heights,5822.0,657.0,2017,9,29,8,0,1
658270,168,2017-09-29 12:00:00,2,Jackson Heights,3630.0,1171.0,2017,9,29,12,0,1
658738,168,2017-09-29 16:00:00,2,Jackson Heights,3116.0,2404.0,2017,9,29,16,0,1
659206,168,2017-09-29 20:00:00,2,Jackson Heights,2257.0,2486.0,2017,9,29,20,0,1
659674,168,2017-09-30 00:00:00,2,Jackson Heights,349.0,1026.0,2017,9,30,0,0,1
660138,168,2017-09-30 04:00:00,2,Jackson Heights,1097.0,332.0,2017,9,30,4,0,1
660600,168,2017-09-30 08:00:00,2,Jackson Heights,3213.0,594.0,2017,9,30,8,0,1
661067,168,2017-09-30 12:00:00,2,Jackson Heights,3524.0,1141.0,2017,9,30,12,0,1
661531,168,2017-09-30 16:00:00,2,Jackson Heights,2942.0,1668.0,2017,9,30,16,0,1
661998,168,2017-09-30 20:00:00,2,Jackson Heights,1851.0,1683.0,2017,9,30,20,0,1
662463,168,2017-10-01 00:00:00,2,Jackson Heights,445.0,827.0,2017,10,1,0,0,1
662930,168,2017-10-01 04:00:00,2,Jackson Heights,571.0,294.0,2017,10,1,4,0,1
663396,168,2017-10-01 08:00:00,2,Jackson Heights,2329.0,436.0,2017,10,1,8,0,1
663861,168,2017-10-01 12:00:00,2,Jackson Heights,3280.0,893.0,2017,10,1,12,0,1
664325,168,2017-10-01 16:00:00,2,Jackson Heights,2567.0,1454.0,2017,10,1,16,0,1
664788,168,2017-10-01 20:00:00,2,Jackson Heights,1461.0,1479.0,2017,10,1,20,0,1
665240,168,2017-10-02 00:00:00,2,Jackson Heights,13.0,245.0,2017,10,2,0,0,1
665688,168,2017-10-02 04:00:00,2,Jackson Heights,3094.0,252.0,2017,10,2,4,0,1
666155,168,2017-10-02 08:00:00,2,Jackson Heights,5954.0,567.0,2017,10,2,8,0,1
666623,168,2017-10-02 12:00:00,2,Jackson Heights,3580.0,1169.0,2017,10,2,12,0,1
667091,168,2017-10-02 16:00:00,2,Jackson Heights,3250.0,2731.0,2017,10,2,16,0,1
667559,168,2017-10-02 20:00:00,2,Jackson Heights,2031.0,2549.0,2017,10,2,20,0,1
668015,168,2017-10-03 00:00:00,2,Jackson Heights,7.0,187.0,2017,10,3,0,0,1
668468,168,2017-10-03 04:00:00,2,Jackson Heights,3146.0,259.0,2017,10,3,4,0,1
668936,168,2017-10-03 08:00:00,2,Jackson Heights,6169.0,696.0,2017,10,3,8,0,1
669404,168,2017-10-03 12:00:00,2,Jackson Heights,3640.0,894.0,2017,10,3,12,0,1
669872,168,2017-10-03 16:00:00,2,Jackson Heights,2861.0,2316.0,2017,10,3,16,0,1
670340,168,2017-10-03 20:00:00,2,Jackson Heights,2062.0,2699.0,2017,10,3,20,0,1
670795,168,2017-10-04 00:00:00,2,Jackson Heights,3.0,210.0,2017,10,4,0,0,1
671247,168,2017-10-04 04:00:00,2,Jackson Heights,3130.0,279.0,2017,10,4,4,0,1
671715,168,2017-10-04 08:00:00,2,Jackson Heights,6123.0,661.0,2017,10,4,8,0,1
672183,168,2017-10-04 12:00:00,2,Jackson Heights,3673.0,944.0,2017,10,4,12,0,1
672651,168,2017-10-04 16:00:00,2,Jackson Heights,2871.0,2272.0,2017,10,4,16,0,1
673119,168,2017-10-04 20:00:00,2,Jackson Heights,2063.0,2644.0,2017,10,4,20,0,1
673573,168,2017-10-05 00:00:00,2,Jackson Heights,26.0,258.0,2017,10,5,0,0,1
674030,168,2017-10-05 04:00:00,2,Jackson Heights,3053.0,298.0,2017,10,5,4,0,1
674498,168,2017-10-05 08:00:00,2,Jackson Heights,6061.0,682.0,2017,10,5,8,0,1
674966,168,2017-10-05 12:00:00,2,Jackson Heights,3640.0,1352.0,2017,10,5,12,0,1
675434,168,2017-10-05 16:00:00,2,Jackson Heights,2792.0,2661.0,2017,10,5,16,0,1
675902,168,2017-10-05 20:00:00,2,Jackson Heights,2084.0,2593.0,2017,10,5,20,0,1
676360,168,2017-10-06 00:00:00,2,Jackson Heights,64.0,458.0,2017,10,6,0,0,1
676815,168,2017-10-06 04:00:00,2,Jackson Heights,2933.0,302.0,2017,10,6,4,0,1
677283,168,2017-10-06 08:00:00,2,Jackson Heights,5939.0,647.0,2017,10,6,8,0,1
677751,168,2017-10-06 12:00:00,2,Jackson Heights,3812.0,1185.0,2017,10,6,12,0,1
678219,168,2017-10-06 16:00:00,2,Jackson Heights,3001.0,2415.0,2017,10,6,16,0,1
678687,168,2017-10-06 20:00:00,2,Jackson Heights,2168.0,2513.0,2017,10,6,20,0,1
679155,168,2017-10-07 00:00:00,2,Jackson Heights,378.0,1020.0,2017,10,7,0,0,1
679618,168,2017-10-07 04:00:00,2,Jackson Heights,1079.0,311.0,2017,10,7,4,0,1
680077,168,2017-10-07 08:00:00,2,Jackson Heights,2993.0,623.0,2017,10,7,8,0,1
680540,168,2017-10-07 12:00:00,2,Jackson Heights,3157.0,1358.0,2017,10,7,12,0,1
680997,168,2017-10-07 16:00:00,2,Jackson Heights,2429.0,1972.0,2017,10,7,16,0,1
681462,168,2017-10-07 20:00:00,2,Jackson Heights,1557.0,1828.0,2017,10,7,20,0,1
681919,168,2017-10-08 00:00:00,2,Jackson Heights,447.0,902.0,2017,10,8,0,0,1
682385,168,2017-10-08 04:00:00,2,Jackson Heights,430.0,257.0,2017,10,8,4,0,1
682845,168,2017-10-08 08:00:00,2,Jackson Heights,1970.0,525.0,2017,10,8,8,0,1
683303,168,2017-10-08 12:00:00,2,Jackson Heights,2659.0,1036.0,2017,10,8,12,0,1
683763,168,2017-10-08 16:00:00,2,Jackson Heights,2039.0,1545.0,2017,10,8,16,0,1
684220,168,2017-10-08 20:00:00,2,Jackson Heights,1237.0,1499.0,2017,10,8,20,0,1
684680,168,2017-10-09 00:00:00,2,Jackson Heights,80.0,568.0,2017,10,9,0,1,1
685134,168,2017-10-09 04:00:00,2,Jackson Heights,1964.0,232.0,2017,10,9,4,1,1
685602,168,2017-10-09 08:00:00,2,Jackson Heights,4189.0,625.0,2017,10,9,8,1,1
686069,168,2017-10-09 12:00:00,2,Jackson Heights,3196.0,1100.0,2017,10,9,12,1,1
686537,168,2017-10-09 16:00:00,2,Jackson Heights,2671.0,2000.0,2017,10,9,16,1,1
687004,168,2017-10-09 20:00:00,2,Jackson Heights,1789.0,2064.0,2017,10,9,20,1,1
687460,168,2017-10-10 00:00:00,2,Jackson Heights,9.0,171.0,2017,10,10,0,0,1
687911,168,2017-10-10 04:00:00,2,Jackson Heights,3094.0,381.0,2017,10,10,4,0,1
688379,168,2017-10-10 08:00:00,2,Jackson Heights,6030.0,890.0,2017,10,10,8,0,1
688847,168,2017-10-10 12:00:00,2,Jackson Heights,3648.0,1220.0,2017,10,10,12,0,1
689315,168,2017-10-10 16:00:00,2,Jackson Heights,2915.0,2644.0,2017,10,10,16,0,1
689783,168,2017-10-10 20:00:00,2,Jackson Heights,2077.0,2674.0,2017,10,10,20,0,1
690238,168,2017-10-11 00:00:00,2,Jackson Heights,15.0,398.0,2017,10,11,0,0,1
690694,168,2017-10-11 04:00:00,2,Jackson Heights,3062.0,293.0,2017,10,11,4,0,1
691161,168,2017-10-11 08:00:00,2,Jackson Heights,6041.0,705.0,2017,10,11,8,0,1
691629,168,2017-10-11 12:00:00,2,Jackson Heights,3642.0,1417.0,2017,10,11,12,0,1
692097,168,2017-10-11 16:00:00,2,Jackson Heights,2876.0,2693.0,2017,10,11,16,0,1
692565,168,2017-10-11 20:00:00,2,Jackson Heights,2087.0,2641.0,2017,10,11,20,0,1
693018,168,2017-10-12 00:00:00,2,Jackson Heights,1.0,204.0,2017,10,12,0,0,1
693472,168,2017-10-12 04:00:00,2,Jackson Heights,2614.0,284.0,2017,10,12,4,0,1
693940,168,2017-10-12 08:00:00,2,Jackson Heights,5989.0,666.0,2017,10,12,8,0,1
694408,168,2017-10-12 12:00:00,2,Jackson Heights,3590.0,1371.0,2017,10,12,12,0,1
694876,168,2017-10-12 16:00:00,2,Jackson Heights,2869.0,2644.0,2017,10,12,16,0,1
695343,168,2017-10-12 20:00:00,2,Jackson Heights,2145.0,2578.0,2017,10,12,20,0,1
695803,168,2017-10-13 00:00:00,2,Jackson Heights,42.0,398.0,2017,10,13,0,0,1
696258,168,2017-10-13 04:00:00,2,Jackson Heights,2934.0,321.0,2017,10,13,4,0,1
696725,168,2017-10-13 08:00:00,2,Jackson Heights,5865.0,671.0,2017,10,13,8,0,1
697193,168,2017-10-13 12:00:00,2,Jackson Heights,3593.0,1428.0,2017,10,13,12,0,1
697661,168,2017-10-13 16:00:00,2,Jackson Heights,2975.0,2636.0,2017,10,13,16,0,1
698129,168,2017-10-13 20:00:00,2,Jackson Heights,2267.0,2426.0,2017,10,13,20,0,1
698597,168,2017-10-14 00:00:00,2,Jackson Heights,306.0,952.0,2017,10,14,0,0,1
699059,168,2017-10-14 04:00:00,2,Jackson Heights,1135.0,333.0,2017,10,14,4,0,1
699515,168,2017-10-14 08:00:00,2,Jackson Heights,3198.0,600.0,2017,10,14,8,0,1
699978,168,2017-10-14 12:00:00,2,Jackson Heights,3519.0,1183.0,2017,10,14,12,0,1
700437,168,2017-10-14 16:00:00,2,Jackson Heights,2914.0,1758.0,2017,10,14,16,0,1
700902,168,2017-10-14 20:00:00,2,Jackson Heights,1763.0,1686.0,2017,10,14,20,0,1
701363,168,2017-10-15 00:00:00,2,Jackson Heights,458.0,861.0,2017,10,15,0,0,1
701829,168,2017-10-15 04:00:00,2,Jackson Heights,576.0,348.0,2017,10,15,4,0,1
702293,168,2017-10-15 08:00:00,2,Jackson Heights,2236.0,434.0,2017,10,15,8,0,1
702753,168,2017-10-15 12:00:00,2,Jackson Heights,3188.0,922.0,2017,10,15,12,0,1
703217,168,2017-10-15 16:00:00,2,Jackson Heights,2478.0,1465.0,2017,10,15,16,0,1
703677,168,2017-10-15 20:00:00,2,Jackson Heights,1341.0,1464.0,2017,10,15,20,0,1
704564,168,2017-10-16 04:00:00,2,Jackson Heights,3004.0,227.0,2017,10,16,4,0,1
705031,168,2017-10-16 08:00:00,2,Jackson Heights,6032.0,652.0,2017,10,16,8,0,1
705499,168,2017-10-16 12:00:00,2,Jackson Heights,3791.0,1170.0,2017,10,16,12,0,1
705967,168,2017-10-16 16:00:00,2,Jackson Heights,2976.0,2570.0,2017,10,16,16,0,1
706435,168,2017-10-16 20:00:00,2,Jackson Heights,2026.0,2627.0,2017,10,16,20,0,1
706883,168,2017-10-17 00:00:00,2,Jackson Heights,60.0,525.0,2017,10,17,0,0,1
707327,168,2017-10-17 04:00:00,2,Jackson Heights,2131.0,341.0,2017,10,17,4,0,1
707794,168,2017-10-17 08:00:00,2,Jackson Heights,6660.0,651.0,2017,10,17,8,0,1
708262,168,2017-10-17 12:00:00,2,Jackson Heights,4150.0,1038.0,2017,10,17,12,0,1
708730,168,2017-10-17 16:00:00,2,Jackson Heights,2851.0,2654.0,2017,10,17,16,0,1
709198,168,2017-10-17 20:00:00,2,Jackson Heights,2086.0,2715.0,2017,10,17,20,0,1
709649,168,2017-10-18 00:00:00,2,Jackson Heights,9.0,175.0,2017,10,18,0,0,1
710096,168,2017-10-18 04:00:00,2,Jackson Heights,2662.0,321.0,2017,10,18,4,0,1
710563,168,2017-10-18 08:00:00,2,Jackson Heights,6090.0,654.0,2017,10,18,8,0,1
711031,168,2017-10-18 12:00:00,2,Jackson Heights,3570.0,1420.0,2017,10,18,12,0,1
711499,168,2017-10-18 16:00:00,2,Jackson Heights,2712.0,2705.0,2017,10,18,16,0,1
711967,168,2017-10-18 20:00:00,2,Jackson Heights,2040.0,2543.0,2017,10,18,20,0,1
712421,168,2017-10-19 00:00:00,2,Jackson Heights,10.0,217.0,2017,10,19,0,0,1
712872,168,2017-10-19 04:00:00,2,Jackson Heights,3119.0,288.0,2017,10,19,4,0,1
713339,168,2017-10-19 08:00:00,2,Jackson Heights,6178.0,667.0,2017,10,19,8,0,1
713807,168,2017-10-19 12:00:00,2,Jackson Heights,3608.0,1370.0,2017,10,19,12,0,1
714275,168,2017-10-19 16:00:00,2,Jackson Heights,2783.0,2664.0,2017,10,19,16,0,1
714743,168,2017-10-19 20:00:00,2,Jackson Heights,2098.0,2627.0,2017,10,19,20,0,1
715201,168,2017-10-20 00:00:00,2,Jackson Heights,49.0,427.0,2017,10,20,0,0,1
715655,168,2017-10-20 04:00:00,2,Jackson Heights,2974.0,314.0,2017,10,20,4,0,1
716122,168,2017-10-20 08:00:00,2,Jackson Heights,5884.0,668.0,2017,10,20,8,0,1
716590,168,2017-10-20 12:00:00,2,Jackson Heights,3613.0,1376.0,2017,10,20,12,0,1
717058,168,2017-10-20 16:00:00,2,Jackson Heights,3090.0,2561.0,2017,10,20,16,0,1
717526,168,2017-10-20 20:00:00,2,Jackson Heights,2297.0,2440.0,2017,10,20,20,0,1
717993,168,2017-10-21 00:00:00,2,Jackson Heights,328.0,1020.0,2017,10,21,0,0,1
718456,168,2017-10-21 04:00:00,2,Jackson Heights,1077.0,357.0,2017,10,21,4,0,1
718905,168,2017-10-21 08:00:00,2,Jackson Heights,2624.0,644.0,2017,10,21,8,0,1
719369,168,2017-10-21 12:00:00,2,Jackson Heights,3172.0,1241.0,2017,10,21,12,0,1
719820,168,2017-10-21 16:00:00,2,Jackson Heights,2444.0,1880.0,2017,10,21,16,0,1
720284,168,2017-10-21 20:00:00,2,Jackson Heights,1450.0,1911.0,2017,10,21,20,0,1
720737,168,2017-10-22 00:00:00,2,Jackson Heights,409.0,964.0,2017,10,22,0,0,1
721201,168,2017-10-22 04:00:00,2,Jackson Heights,536.0,240.0,2017,10,22,4,0,1
721662,168,2017-10-22 08:00:00,2,Jackson Heights,2112.0,440.0,2017,10,22,8,0,1
722118,168,2017-10-22 12:00:00,2,Jackson Heights,3143.0,879.0,2017,10,22,12,0,1
722578,168,2017-10-22 16:00:00,2,Jackson Heights,2567.0,1478.0,2017,10,22,16,0,1
723031,168,2017-10-22 20:00:00,2,Jackson Heights,1378.0,1496.0,2017,10,22,20,0,1
723482,168,2017-10-23 00:00:00,2,Jackson Heights,2.0,83.0,2017,10,23,0,0,1
723925,168,2017-10-23 04:00:00,2,Jackson Heights,3008.0,227.0,2017,10,23,4,0,1
724392,168,2017-10-23 08:00:00,2,Jackson Heights,6017.0,650.0,2017,10,23,8,0,1
724860,168,2017-10-23 12:00:00,2,Jackson Heights,3662.0,1333.0,2017,10,23,12,0,1
725328,168,2017-10-23 16:00:00,2,Jackson Heights,2824.0,2756.0,2017,10,23,16,0,1
725796,168,2017-10-23 20:00:00,2,Jackson Heights,2033.0,2573.0,2017,10,23,20,0,1
726248,168,2017-10-24 00:00:00,2,Jackson Heights,10.0,247.0,2017,10,24,0,0,1
726693,168,2017-10-24 04:00:00,2,Jackson Heights,2954.0,269.0,2017,10,24,4,0,1
727160,168,2017-10-24 08:00:00,2,Jackson Heights,5954.0,625.0,2017,10,24,8,0,1
727628,168,2017-10-24 12:00:00,2,Jackson Heights,3555.0,1347.0,2017,10,24,12,0,1
728096,168,2017-10-24 16:00:00,2,Jackson Heights,2640.0,2627.0,2017,10,24,16,0,1
728564,168,2017-10-24 20:00:00,2,Jackson Heights,1918.0,2455.0,2017,10,24,20,0,1
729012,168,2017-10-25 00:00:00,2,Jackson Heights,9.0,194.0,2017,10,25,0,0,1
729460,168,2017-10-25 04:00:00,2,Jackson Heights,3100.0,300.0,2017,10,25,4,0,1
729927,168,2017-10-25 08:00:00,2,Jackson Heights,6049.0,667.0,2017,10,25,8,0,1
730395,168,2017-10-25 12:00:00,2,Jackson Heights,3544.0,1312.0,2017,10,25,12,0,1
730863,168,2017-10-25 16:00:00,2,Jackson Heights,2839.0,2573.0,2017,10,25,16,0,1
731331,168,2017-10-25 20:00:00,2,Jackson Heights,2117.0,2592.0,2017,10,25,20,0,1
731783,168,2017-10-26 00:00:00,2,Jackson Heights,21.0,330.0,2017,10,26,0,0,1
732234,168,2017-10-26 04:00:00,2,Jackson Heights,3077.0,245.0,2017,10,26,4,0,1
732701,168,2017-10-26 08:00:00,2,Jackson Heights,6063.0,649.0,2017,10,26,8,0,1
733169,168,2017-10-26 12:00:00,2,Jackson Heights,3501.0,1235.0,2017,10,26,12,0,1
733637,168,2017-10-26 16:00:00,2,Jackson Heights,2651.0,2588.0,2017,10,26,16,0,1
734105,168,2017-10-26 20:00:00,2,Jackson Heights,2042.0,2618.0,2017,10,26,20,0,1
734555,168,2017-10-27 00:00:00,2,Jackson Heights,52.0,323.0,2017,10,27,0,0,1
735008,168,2017-10-27 04:00:00,2,Jackson Heights,2966.0,317.0,2017,10,27,4,0,1
735477,168,2017-10-27 08:00:00,2,Jackson Heights,5916.0,615.0,2017,10,27,8,0,1
735945,168,2017-10-27 12:00:00,2,Jackson Heights,3527.0,1322.0,2017,10,27,12,0,1
736413,168,2017-10-27 16:00:00,2,Jackson Heights,2889.0,2508.0,2017,10,27,16,0,1
736882,168,2017-10-27 20:00:00,2,Jackson Heights,2251.0,2459.0,2017,10,27,20,0,1
737350,168,2017-10-28 00:00:00,2,Jackson Heights,340.0,1039.0,2017,10,28,0,0,1
737815,168,2017-10-28 04:00:00,2,Jackson Heights,1025.0,322.0,2017,10,28,4,0,1
738273,168,2017-10-28 08:00:00,2,Jackson Heights,2942.0,568.0,2017,10,28,8,0,1
738739,168,2017-10-28 12:00:00,2,Jackson Heights,3105.0,1188.0,2017,10,28,12,0,1
739197,168,2017-10-28 16:00:00,2,Jackson Heights,2431.0,1733.0,2017,10,28,16,0,1
739662,168,2017-10-28 20:00:00,2,Jackson Heights,1561.0,1773.0,2017,10,28,20,0,1
740120,168,2017-10-29 00:00:00,2,Jackson Heights,403.0,953.0,2017,10,29,0,0,1
740586,168,2017-10-29 04:00:00,2,Jackson Heights,500.0,255.0,2017,10,29,4,0,1
741049,168,2017-10-29 08:00:00,2,Jackson Heights,1870.0,449.0,2017,10,29,8,0,1
741507,168,2017-10-29 12:00:00,2,Jackson Heights,2301.0,959.0,2017,10,29,12,0,1
741971,168,2017-10-29 16:00:00,2,Jackson Heights,1535.0,1354.0,2017,10,29,16,0,1
742426,168,2017-10-29 20:00:00,2,Jackson Heights,894.0,1278.0,2017,10,29,20,0,1
743309,168,2017-10-30 04:00:00,2,Jackson Heights,2504.0,204.0,2017,10,30,4,0,1
743777,168,2017-10-30 08:00:00,2,Jackson Heights,5886.0,647.0,2017,10,30,8,0,1
744246,168,2017-10-30 12:00:00,2,Jackson Heights,3753.0,1277.0,2017,10,30,12,0,1
744715,168,2017-10-30 16:00:00,2,Jackson Heights,2901.0,2520.0,2017,10,30,16,0,1
745184,168,2017-10-30 20:00:00,2,Jackson Heights,2033.0,2509.0,2017,10,30,20,0,1
745637,168,2017-10-31 00:00:00,2,Jackson Heights,12.0,163.0,2017,10,31,0,0,1
746092,168,2017-10-31 04:00:00,2,Jackson Heights,2977.0,275.0,2017,10,31,4,0,1
746559,168,2017-10-31 08:00:00,2,Jackson Heights,5970.0,680.0,2017,10,31,8,0,1
747028,168,2017-10-31 12:00:00,2,Jackson Heights,3643.0,1248.0,2017,10,31,12,0,1
747497,168,2017-10-31 16:00:00,2,Jackson Heights,2878.0,2530.0,2017,10,31,16,0,1
747965,168,2017-10-31 20:00:00,2,Jackson Heights,2166.0,2458.0,2017,10,31,20,0,1
748421,168,2017-11-01 00:00:00,2,Jackson Heights,37.0,407.0,2017,11,1,0,0,1
748873,168,2017-11-01 04:00:00,2,Jackson Heights,2555.0,275.0,2017,11,1,4,0,1
749341,168,2017-11-01 08:00:00,2,Jackson Heights,5956.0,648.0,2017,11,1,8,0,1
749810,168,2017-11-01 12:00:00,2,Jackson Heights,3681.0,1151.0,2017,11,1,12,0,1
750279,168,2017-11-01 16:00:00,2,Jackson Heights,2826.0,2340.0,2017,11,1,16,0,1
750746,168,2017-11-01 20:00:00,2,Jackson Heights,1980.0,2474.0,2017,11,1,20,0,1
751198,168,2017-11-02 00:00:00,2,Jackson Heights,14.0,216.0,2017,11,2,0,0,1
751652,168,2017-11-02 04:00:00,2,Jackson Heights,2986.0,283.0,2017,11,2,4,0,1
752120,168,2017-11-02 08:00:00,2,Jackson Heights,6041.0,654.0,2017,11,2,8,0,1
752589,168,2017-11-02 12:00:00,2,Jackson Heights,3760.0,1082.0,2017,11,2,12,0,1
753058,168,2017-11-02 16:00:00,2,Jackson Heights,2818.0,2362.0,2017,11,2,16,0,1
753527,168,2017-11-02 20:00:00,2,Jackson Heights,2027.0,2540.0,2017,11,2,20,0,1
753981,168,2017-11-03 00:00:00,2,Jackson Heights,95.0,477.0,2017,11,3,0,0,1
754442,168,2017-11-03 04:00:00,2,Jackson Heights,2992.0,337.0,2017,11,3,4,0,1
754910,168,2017-11-03 08:00:00,2,Jackson Heights,5932.0,651.0,2017,11,3,8,0,1
755379,168,2017-11-03 12:00:00,2,Jackson Heights,3651.0,1198.0,2017,11,3,12,0,1
755848,168,2017-11-03 16:00:00,2,Jackson Heights,2949.0,2462.0,2017,11,3,16,0,1
756317,168,2017-11-03 20:00:00,2,Jackson Heights,2223.0,2480.0,2017,11,3,20,0,1
756785,168,2017-11-04 00:00:00,2,Jackson Heights,344.0,985.0,2017,11,4,0,0,1
757251,168,2017-11-04 04:00:00,2,Jackson Heights,1139.0,353.0,2017,11,4,4,0,1
757714,168,2017-11-04 08:00:00,2,Jackson Heights,3334.0,576.0,2017,11,4,8,0,1
758180,168,2017-11-04 12:00:00,2,Jackson Heights,3648.0,1102.0,2017,11,4,12,0,1
758644,168,2017-11-04 16:00:00,2,Jackson Heights,2871.0,1586.0,2017,11,4,16,0,1
759110,168,2017-11-04 20:00:00,2,Jackson Heights,1734.0,1545.0,2017,11,4,20,0,1
759573,168,2017-11-05 00:00:00,2,Jackson Heights,481.0,940.0,2017,11,5,0,0,1
760038,168,2017-11-05 04:00:00,2,Jackson Heights,550.0,257.0,2017,11,5,4,0,1
760506,168,2017-11-05 08:00:00,2,Jackson Heights,2615.0,445.0,2017,11,5,8,0,1
760968,168,2017-11-05 12:00:00,2,Jackson Heights,3131.0,942.0,2017,11,5,12,0,1
761434,168,2017-11-05 16:00:00,2,Jackson Heights,2393.0,1421.0,2017,11,5,16,0,1
761894,168,2017-11-05 20:00:00,2,Jackson Heights,1238.0,1224.0,2017,11,5,20,0,1
762351,168,2017-11-06 00:00:00,2,Jackson Heights,100.0,655.0,2017,11,6,0,0,1
762781,168,2017-11-06 04:00:00,2,Jackson Heights,1871.0,163.0,2017,11,6,4,0,1
763236,168,2017-11-06 08:00:00,2,Jackson Heights,6778.0,811.0,2017,11,6,8,0,1
763705,168,2017-11-06 12:00:00,2,Jackson Heights,3634.0,982.0,2017,11,6,12,0,1
764173,168,2017-11-06 16:00:00,2,Jackson Heights,2999.0,2898.0,2017,11,6,16,0,1
764641,168,2017-11-06 20:00:00,2,Jackson Heights,1760.0,2284.0,2017,11,6,20,0,1
765101,168,2017-11-07 00:00:00,2,Jackson Heights,96.0,917.0,2017,11,7,0,0,1
765539,168,2017-11-07 04:00:00,2,Jackson Heights,2143.0,236.0,2017,11,7,4,0,1
765999,168,2017-11-07 08:00:00,2,Jackson Heights,5937.0,793.0,2017,11,7,8,0,1
766467,168,2017-11-07 12:00:00,2,Jackson Heights,3546.0,1097.0,2017,11,7,12,0,1
766936,168,2017-11-07 16:00:00,2,Jackson Heights,3040.0,2737.0,2017,11,7,16,0,1
767405,168,2017-11-07 20:00:00,2,Jackson Heights,1449.0,2216.0,2017,11,7,20,0,1
767859,168,2017-11-08 00:00:00,2,Jackson Heights,99.0,416.0,2017,11,8,0,0,1
768290,168,2017-11-08 04:00:00,2,Jackson Heights,2310.0,184.0,2017,11,8,4,0,1
768746,168,2017-11-08 08:00:00,2,Jackson Heights,6877.0,788.0,2017,11,8,8,0,1
769215,168,2017-11-08 12:00:00,2,Jackson Heights,3184.0,1302.0,2017,11,8,12,0,1
769684,168,2017-11-08 16:00:00,2,Jackson Heights,3020.0,3096.0,2017,11,8,16,0,1
770152,168,2017-11-08 20:00:00,2,Jackson Heights,1777.0,2271.0,2017,11,8,20,0,1
770610,168,2017-11-09 00:00:00,2,Jackson Heights,101.0,941.0,2017,11,9,0,0,1
771047,168,2017-11-09 04:00:00,2,Jackson Heights,2194.0,222.0,2017,11,9,4,0,1
771503,168,2017-11-09 08:00:00,2,Jackson Heights,6859.0,763.0,2017,11,9,8,0,1
771971,168,2017-11-09 12:00:00,2,Jackson Heights,3322.0,1337.0,2017,11,9,12,0,1
772440,168,2017-11-09 16:00:00,2,Jackson Heights,3237.0,2941.0,2017,11,9,16,0,1
772909,168,2017-11-09 20:00:00,2,Jackson Heights,1834.0,2377.0,2017,11,9,20,0,1
773373,168,2017-11-10 00:00:00,2,Jackson Heights,144.0,1023.0,2017,11,10,0,1,1
773817,168,2017-11-10 04:00:00,2,Jackson Heights,2031.0,253.0,2017,11,10,4,1,1
774277,168,2017-11-10 08:00:00,2,Jackson Heights,6240.0,736.0,2017,11,10,8,1,1
774746,168,2017-11-10 12:00:00,2,Jackson Heights,3294.0,1514.0,2017,11,10,12,1,1
775215,168,2017-11-10 16:00:00,2,Jackson Heights,2988.0,2727.0,2017,11,10,16,1,1
775684,168,2017-11-10 20:00:00,2,Jackson Heights,1781.0,2015.0,2017,11,10,20,1,1
776151,168,2017-11-11 00:00:00,2,Jackson Heights,298.0,1010.0,2017,11,11,0,1,1
776618,168,2017-11-11 04:00:00,2,Jackson Heights,791.0,244.0,2017,11,11,4,1,1
777084,168,2017-11-11 08:00:00,2,Jackson Heights,3350.0,471.0,2017,11,11,8,1,1
777552,168,2017-11-11 12:00:00,2,Jackson Heights,3236.0,1013.0,2017,11,11,12,1,1
778021,168,2017-11-11 16:00:00,2,Jackson Heights,2756.0,1474.0,2017,11,11,16,1,1
778490,168,2017-11-11 20:00:00,2,Jackson Heights,1443.0,1266.0,2017,11,11,20,1,1
778956,168,2017-11-12 00:00:00,2,Jackson Heights,329.0,778.0,2017,11,12,0,0,1
779424,168,2017-11-12 04:00:00,2,Jackson Heights,453.0,182.0,2017,11,12,4,0,1
779890,168,2017-11-12 08:00:00,2,Jackson Heights,2393.0,475.0,2017,11,12,8,0,1
780358,168,2017-11-12 12:00:00,2,Jackson Heights,2683.0,750.0,2017,11,12,12,0,1
780822,168,2017-11-12 16:00:00,2,Jackson Heights,2293.0,1309.0,2017,11,12,16,0,1
781290,168,2017-11-12 20:00:00,2,Jackson Heights,1145.0,1197.0,2017,11,12,20,0,1
781748,168,2017-11-13 00:00:00,2,Jackson Heights,70.0,526.0,2017,11,13,0,0,1
782188,168,2017-11-13 04:00:00,2,Jackson Heights,1695.0,121.0,2017,11,13,4,0,1
782643,168,2017-11-13 08:00:00,2,Jackson Heights,6578.0,864.0,2017,11,13,8,0,1
783112,168,2017-11-13 12:00:00,2,Jackson Heights,3598.0,991.0,2017,11,13,12,0,1
783581,168,2017-11-13 16:00:00,2,Jackson Heights,3120.0,2802.0,2017,11,13,16,0,1
784050,168,2017-11-13 20:00:00,2,Jackson Heights,1771.0,2209.0,2017,11,13,20,0,1
784509,168,2017-11-14 00:00:00,2,Jackson Heights,116.0,888.0,2017,11,14,0,0,1
784943,168,2017-11-14 04:00:00,2,Jackson Heights,2118.0,219.0,2017,11,14,4,0,1
785400,168,2017-11-14 08:00:00,2,Jackson Heights,6808.0,835.0,2017,11,14,8,0,1
785869,168,2017-11-14 12:00:00,2,Jackson Heights,3509.0,920.0,2017,11,14,12,0,1
786338,168,2017-11-14 16:00:00,2,Jackson Heights,3095.0,2799.0,2017,11,14,16,0,1
786806,168,2017-11-14 20:00:00,2,Jackson Heights,1787.0,2217.0,2017,11,14,20,0,1
787264,168,2017-11-15 00:00:00,2,Jackson Heights,122.0,930.0,2017,11,15,0,0,1
787697,168,2017-11-15 04:00:00,2,Jackson Heights,2078.0,248.0,2017,11,15,4,0,1
788152,168,2017-11-15 08:00:00,2,Jackson Heights,6781.0,726.0,2017,11,15,8,0,1
788620,168,2017-11-15 12:00:00,2,Jackson Heights,3249.0,1355.0,2017,11,15,12,0,1
789089,168,2017-11-15 16:00:00,2,Jackson Heights,2980.0,2978.0,2017,11,15,16,0,1
789558,168,2017-11-15 20:00:00,2,Jackson Heights,1737.0,2257.0,2017,11,15,20,0,1
790018,168,2017-11-16 00:00:00,2,Jackson Heights,126.0,961.0,2017,11,16,0,0,1
790455,168,2017-11-16 04:00:00,2,Jackson Heights,2090.0,252.0,2017,11,16,4,0,1
790909,168,2017-11-16 08:00:00,2,Jackson Heights,6868.0,760.0,2017,11,16,8,0,1
791377,168,2017-11-16 12:00:00,2,Jackson Heights,3209.0,1241.0,2017,11,16,12,0,1
791845,168,2017-11-16 16:00:00,2,Jackson Heights,2916.0,2918.0,2017,11,16,16,0,1
792313,168,2017-11-16 20:00:00,2,Jackson Heights,1780.0,2204.0,2017,11,16,20,0,1
792773,168,2017-11-17 00:00:00,2,Jackson Heights,140.0,986.0,2017,11,17,0,0,1
793208,168,2017-11-17 04:00:00,2,Jackson Heights,2101.0,257.0,2017,11,17,4,0,1
793662,168,2017-11-17 08:00:00,2,Jackson Heights,6651.0,768.0,2017,11,17,8,0,1
794130,168,2017-11-17 12:00:00,2,Jackson Heights,3194.0,1226.0,2017,11,17,12,0,1
794597,168,2017-11-17 16:00:00,2,Jackson Heights,3196.0,2875.0,2017,11,17,16,0,1
795065,168,2017-11-17 20:00:00,2,Jackson Heights,2010.0,2248.0,2017,11,17,20,0,1
795531,168,2017-11-18 00:00:00,2,Jackson Heights,368.0,1035.0,2017,11,18,0,0,1
795995,168,2017-11-18 04:00:00,2,Jackson Heights,819.0,263.0,2017,11,18,4,0,1
796458,168,2017-11-18 08:00:00,2,Jackson Heights,3202.0,678.0,2017,11,18,8,0,1
796918,168,2017-11-18 12:00:00,2,Jackson Heights,2741.0,1179.0,2017,11,18,12,0,1
797381,168,2017-11-18 16:00:00,2,Jackson Heights,2354.0,2013.0,2017,11,18,16,0,1
797845,168,2017-11-18 20:00:00,2,Jackson Heights,1297.0,1829.0,2017,11,18,20,0,1
798308,168,2017-11-19 00:00:00,2,Jackson Heights,264.0,933.0,2017,11,19,0,0,1
798773,168,2017-11-19 04:00:00,2,Jackson Heights,397.0,217.0,2017,11,19,4,0,1
799231,168,2017-11-19 08:00:00,2,Jackson Heights,2107.0,504.0,2017,11,19,8,0,1
799692,168,2017-11-19 12:00:00,2,Jackson Heights,2335.0,840.0,2017,11,19,12,0,1
800151,168,2017-11-19 16:00:00,2,Jackson Heights,2013.0,1504.0,2017,11,19,16,0,1
800612,168,2017-11-19 20:00:00,2,Jackson Heights,1010.0,1523.0,2017,11,19,20,0,1
801066,168,2017-11-20 00:00:00,2,Jackson Heights,32.0,534.0,2017,11,20,0,0,1
801502,168,2017-11-20 04:00:00,2,Jackson Heights,1317.0,134.0,2017,11,20,4,0,1
801958,168,2017-11-20 08:00:00,2,Jackson Heights,6780.0,785.0,2017,11,20,8,0,1
802426,168,2017-11-20 12:00:00,2,Jackson Heights,3624.0,1075.0,2017,11,20,12,0,1
802893,168,2017-11-20 16:00:00,2,Jackson Heights,3134.0,2781.0,2017,11,20,16,0,1
803361,168,2017-11-20 20:00:00,2,Jackson Heights,1790.0,2326.0,2017,11,20,20,0,1
803819,168,2017-11-21 00:00:00,2,Jackson Heights,114.0,883.0,2017,11,21,0,0,1
804252,168,2017-11-21 04:00:00,2,Jackson Heights,2105.0,201.0,2017,11,21,4,0,1
804709,168,2017-11-21 08:00:00,2,Jackson Heights,6652.0,786.0,2017,11,21,8,0,1
805178,168,2017-11-21 12:00:00,2,Jackson Heights,3537.0,879.0,2017,11,21,12,0,1
805647,168,2017-11-21 16:00:00,2,Jackson Heights,3050.0,2702.0,2017,11,21,16,0,1
806116,168,2017-11-21 20:00:00,2,Jackson Heights,1807.0,2256.0,2017,11,21,20,0,1
806577,168,2017-11-22 00:00:00,2,Jackson Heights,171.0,953.0,2017,11,22,0,0,1
807027,168,2017-11-22 04:00:00,2,Jackson Heights,2021.0,230.0,2017,11,22,4,0,1
807490,168,2017-11-22 08:00:00,2,Jackson Heights,6547.0,770.0,2017,11,22,8,0,1
807958,168,2017-11-22 12:00:00,2,Jackson Heights,3413.0,1519.0,2017,11,22,12,0,1
808426,168,2017-11-22 16:00:00,2,Jackson Heights,3199.0,2985.0,2017,11,22,16,0,1
808895,168,2017-11-22 20:00:00,2,Jackson Heights,1883.0,2231.0,2017,11,22,20,0,1
809362,168,2017-11-23 00:00:00,2,Jackson Heights,328.0,955.0,2017,11,23,0,1,1
809830,168,2017-11-23 04:00:00,2,Jackson Heights,644.0,231.0,2017,11,23,4,1,1
810298,168,2017-11-23 08:00:00,2,Jackson Heights,2211.0,420.0,2017,11,23,8,1,1
810767,168,2017-11-23 12:00:00,2,Jackson Heights,2410.0,943.0,2017,11,23,12,1,1
811234,168,2017-11-23 16:00:00,2,Jackson Heights,2362.0,1307.0,2017,11,23,16,1,1
811703,168,2017-11-23 20:00:00,2,Jackson Heights,1302.0,1043.0,2017,11,23,20,1,1
812170,168,2017-11-24 00:00:00,2,Jackson Heights,273.0,475.0,2017,11,24,0,0,1
812639,168,2017-11-24 04:00:00,2,Jackson Heights,1125.0,170.0,2017,11,24,4,0,1
813108,168,2017-11-24 08:00:00,2,Jackson Heights,3565.0,501.0,2017,11,24,8,0,1
813577,168,2017-11-24 12:00:00,2,Jackson Heights,2692.0,1061.0,2017,11,24,12,0,1
814046,168,2017-11-24 16:00:00,2,Jackson Heights,2797.0,1930.0,2017,11,24,16,0,1
814514,168,2017-11-24 20:00:00,2,Jackson Heights,1605.0,1787.0,2017,11,24,20,0,1
814982,168,2017-11-25 00:00:00,2,Jackson Heights,358.0,985.0,2017,11,25,0,0,1
815447,168,2017-11-25 04:00:00,2,Jackson Heights,714.0,206.0,2017,11,25,4,0,1
815912,168,2017-11-25 08:00:00,2,Jackson Heights,2682.0,567.0,2017,11,25,8,0,1
816375,168,2017-11-25 12:00:00,2,Jackson Heights,2725.0,1045.0,2017,11,25,12,0,1
816841,168,2017-11-25 16:00:00,2,Jackson Heights,2430.0,1833.0,2017,11,25,16,0,1
817304,168,2017-11-25 20:00:00,2,Jackson Heights,1305.0,1797.0,2017,11,25,20,0,1
817771,168,2017-11-26 00:00:00,2,Jackson Heights,281.0,1006.0,2017,11,26,0,0,1
818237,168,2017-11-26 04:00:00,2,Jackson Heights,427.0,252.0,2017,11,26,4,0,1
818700,168,2017-11-26 08:00:00,2,Jackson Heights,2089.0,470.0,2017,11,26,8,0,1
819164,168,2017-11-26 12:00:00,2,Jackson Heights,2323.0,849.0,2017,11,26,12,0,1
819627,168,2017-11-26 16:00:00,2,Jackson Heights,1963.0,1497.0,2017,11,26,16,0,1
820093,168,2017-11-26 20:00:00,2,Jackson Heights,980.0,1515.0,2017,11,26,20,0,1
820551,168,2017-11-27 00:00:00,2,Jackson Heights,67.0,567.0,2017,11,27,0,0,1
820991,168,2017-11-27 04:00:00,2,Jackson Heights,1652.0,154.0,2017,11,27,4,0,1
821445,168,2017-11-27 08:00:00,2,Jackson Heights,6686.0,874.0,2017,11,27,8,0,1
821913,168,2017-11-27 12:00:00,2,Jackson Heights,3617.0,1087.0,2017,11,27,12,0,1
822382,168,2017-11-27 16:00:00,2,Jackson Heights,3091.0,2802.0,2017,11,27,16,0,1
822849,168,2017-11-27 20:00:00,2,Jackson Heights,1758.0,2348.0,2017,11,27,20,0,1
823309,168,2017-11-28 00:00:00,2,Jackson Heights,120.0,872.0,2017,11,28,0,0,1
823742,168,2017-11-28 04:00:00,2,Jackson Heights,1636.0,193.0,2017,11,28,4,0,1
824193,168,2017-11-28 08:00:00,2,Jackson Heights,6754.0,864.0,2017,11,28,8,0,1
824661,168,2017-11-28 12:00:00,2,Jackson Heights,3610.0,962.0,2017,11,28,12,0,1
825130,168,2017-11-28 16:00:00,2,Jackson Heights,2920.0,2778.0,2017,11,28,16,0,1
825598,168,2017-11-28 20:00:00,2,Jackson Heights,1718.0,2253.0,2017,11,28,20,0,1
826056,168,2017-11-29 00:00:00,2,Jackson Heights,131.0,914.0,2017,11,29,0,0,1
826487,168,2017-11-29 04:00:00,2,Jackson Heights,1640.0,206.0,2017,11,29,4,0,1
826938,168,2017-11-29 08:00:00,2,Jackson Heights,6923.0,809.0,2017,11,29,8,0,1
827406,168,2017-11-29 12:00:00,2,Jackson Heights,3608.0,993.0,2017,11,29,12,0,1
827874,168,2017-11-29 16:00:00,2,Jackson Heights,3207.0,2945.0,2017,11,29,16,0,1
828342,168,2017-11-29 20:00:00,2,Jackson Heights,1851.0,2311.0,2017,11,29,20,0,1
828802,168,2017-11-30 00:00:00,2,Jackson Heights,133.0,913.0,2017,11,30,0,0,1
829238,168,2017-11-30 04:00:00,2,Jackson Heights,2071.0,209.0,2017,11,30,4,0,1
829691,168,2017-11-30 08:00:00,2,Jackson Heights,6826.0,763.0,2017,11,30,8,0,1
830160,168,2017-11-30 12:00:00,2,Jackson Heights,3281.0,1178.0,2017,11,30,12,0,1
830628,168,2017-11-30 16:00:00,2,Jackson Heights,2916.0,2780.0,2017,11,30,16,0,1
831096,168,2017-11-30 20:00:00,2,Jackson Heights,1812.0,2254.0,2017,11,30,20,0,1
831556,168,2017-12-01 00:00:00,2,Jackson Heights,150.0,1028.0,2017,12,1,0,0,1
831999,168,2017-12-01 04:00:00,2,Jackson Heights,2060.0,258.0,2017,12,1,4,0,1
832455,168,2017-12-01 08:00:00,2,Jackson Heights,6595.0,744.0,2017,12,1,8,0,1
832923,168,2017-12-01 12:00:00,2,Jackson Heights,3505.0,1057.0,2017,12,1,12,0,1
833392,168,2017-12-01 16:00:00,2,Jackson Heights,3191.0,2612.0,2017,12,1,16,0,1
833860,168,2017-12-01 20:00:00,2,Jackson Heights,2032.0,2134.0,2017,12,1,20,0,1
834326,168,2017-12-02 00:00:00,2,Jackson Heights,355.0,1093.0,2017,12,2,0,0,1
834792,168,2017-12-02 04:00:00,2,Jackson Heights,825.0,290.0,2017,12,2,4,0,1
835247,168,2017-12-02 08:00:00,2,Jackson Heights,3232.0,746.0,2017,12,2,8,0,1
835712,168,2017-12-02 12:00:00,2,Jackson Heights,2921.0,1334.0,2017,12,2,12,0,1
836167,168,2017-12-02 16:00:00,2,Jackson Heights,2591.0,2403.0,2017,12,2,16,0,1
836633,168,2017-12-02 20:00:00,2,Jackson Heights,1441.0,2084.0,2017,12,2,20,0,1
837089,168,2017-12-03 00:00:00,2,Jackson Heights,305.0,1060.0,2017,12,3,0,0,1
837556,168,2017-12-03 04:00:00,2,Jackson Heights,471.0,298.0,2017,12,3,4,0,1
838020,168,2017-12-03 08:00:00,2,Jackson Heights,2102.0,523.0,2017,12,3,8,0,1
838480,168,2017-12-03 12:00:00,2,Jackson Heights,2333.0,1005.0,2017,12,3,12,0,1
838935,168,2017-12-03 16:00:00,2,Jackson Heights,2067.0,1822.0,2017,12,3,16,0,1
839393,168,2017-12-03 20:00:00,2,Jackson Heights,1135.0,1363.0,2017,12,3,20,0,1
839843,168,2017-12-04 00:00:00,2,Jackson Heights,79.0,603.0,2017,12,4,0,0,1
840272,168,2017-12-04 04:00:00,2,Jackson Heights,2060.0,199.0,2017,12,4,4,0,1
840724,168,2017-12-04 08:00:00,2,Jackson Heights,6639.0,809.0,2017,12,4,8,0,1
841193,168,2017-12-04 12:00:00,2,Jackson Heights,1979.0,504.0,2017,12,4,12,0,1
841661,168,2017-12-04 16:00:00,2,Jackson Heights,2975.0,2653.0,2017,12,4,16,0,1
842129,168,2017-12-04 20:00:00,2,Jackson Heights,1801.0,2282.0,2017,12,4,20,0,1
842588,168,2017-12-05 00:00:00,2,Jackson Heights,126.0,889.0,2017,12,5,0,0,1
843022,168,2017-12-05 04:00:00,2,Jackson Heights,2049.0,220.0,2017,12,5,4,0,1
843477,168,2017-12-05 08:00:00,2,Jackson Heights,6691.0,801.0,2017,12,5,8,0,1
843946,168,2017-12-05 12:00:00,2,Jackson Heights,1976.0,552.0,2017,12,5,12,0,1
844414,168,2017-12-05 16:00:00,2,Jackson Heights,2808.0,2564.0,2017,12,5,16,0,1
844883,168,2017-12-05 20:00:00,2,Jackson Heights,1707.0,2243.0,2017,12,5,20,0,1
845342,168,2017-12-06 00:00:00,2,Jackson Heights,106.0,851.0,2017,12,6,0,0,1
845773,168,2017-12-06 04:00:00,2,Jackson Heights,2080.0,215.0,2017,12,6,4,0,1
846230,168,2017-12-06 08:00:00,2,Jackson Heights,6747.0,782.0,2017,12,6,8,0,1
846697,168,2017-12-06 12:00:00,2,Jackson Heights,2312.0,562.0,2017,12,6,12,0,1
847165,168,2017-12-06 16:00:00,2,Jackson Heights,2711.0,2425.0,2017,12,6,16,0,1
847634,168,2017-12-06 20:00:00,2,Jackson Heights,1737.0,2285.0,2017,12,6,20,0,1
848093,168,2017-12-07 00:00:00,2,Jackson Heights,148.0,944.0,2017,12,7,0,0,1
848529,168,2017-12-07 04:00:00,2,Jackson Heights,1763.0,226.0,2017,12,7,4,0,1
848983,168,2017-12-07 08:00:00,2,Jackson Heights,6707.0,770.0,2017,12,7,8,0,1
849451,168,2017-12-07 12:00:00,2,Jackson Heights,2534.0,587.0,2017,12,7,12,0,1
849919,168,2017-12-07 16:00:00,2,Jackson Heights,2840.0,2381.0,2017,12,7,16,0,1
850388,168,2017-12-07 20:00:00,2,Jackson Heights,1750.0,2298.0,2017,12,7,20,0,1
850850,168,2017-12-08 00:00:00,2,Jackson Heights,152.0,969.0,2017,12,8,0,0,1
851295,168,2017-12-08 04:00:00,2,Jackson Heights,1985.0,235.0,2017,12,8,4,0,1
851756,168,2017-12-08 08:00:00,2,Jackson Heights,6367.0,698.0,2017,12,8,8,0,1
852224,168,2017-12-08 12:00:00,2,Jackson Heights,2219.0,605.0,2017,12,8,12,0,1
852692,168,2017-12-08 16:00:00,2,Jackson Heights,2827.0,2346.0,2017,12,8,16,0,1
853160,168,2017-12-08 20:00:00,2,Jackson Heights,1868.0,2132.0,2017,12,8,20,0,1
853627,168,2017-12-09 00:00:00,2,Jackson Heights,323.0,1072.0,2017,12,9,0,0,1
854094,168,2017-12-09 04:00:00,2,Jackson Heights,810.0,263.0,2017,12,9,4,0,1
854561,168,2017-12-09 08:00:00,2,Jackson Heights,3231.0,625.0,2017,12,9,8,0,1
855026,168,2017-12-09 12:00:00,2,Jackson Heights,3028.0,1065.0,2017,12,9,12,0,1
855493,168,2017-12-09 16:00:00,2,Jackson Heights,2498.0,1644.0,2017,12,9,16,0,1
855959,168,2017-12-09 20:00:00,2,Jackson Heights,1411.0,1336.0,2017,12,9,20,0,1
856426,168,2017-12-10 00:00:00,2,Jackson Heights,377.0,841.0,2017,12,10,0,0,1
856893,168,2017-12-10 04:00:00,2,Jackson Heights,460.0,223.0,2017,12,10,4,0,1
857359,168,2017-12-10 08:00:00,2,Jackson Heights,2300.0,426.0,2017,12,10,8,0,1
857826,168,2017-12-10 12:00:00,2,Jackson Heights,2789.0,831.0,2017,12,10,12,0,1
858291,168,2017-12-10 16:00:00,2,Jackson Heights,2436.0,1428.0,2017,12,10,16,0,1
858758,168,2017-12-10 20:00:00,2,Jackson Heights,1244.0,1177.0,2017,12,10,20,0,1
859214,168,2017-12-11 00:00:00,2,Jackson Heights,72.0,618.0,2017,12,11,0,0,1
859653,168,2017-12-11 04:00:00,2,Jackson Heights,1974.0,153.0,2017,12,11,4,0,1
860107,168,2017-12-11 08:00:00,2,Jackson Heights,6354.0,794.0,2017,12,11,8,0,1
860575,168,2017-12-11 12:00:00,2,Jackson Heights,3021.0,994.0,2017,12,11,12,0,1
861043,168,2017-12-11 16:00:00,2,Jackson Heights,2792.0,2897.0,2017,12,11,16,0,1
861511,168,2017-12-11 20:00:00,2,Jackson Heights,1651.0,2231.0,2017,12,11,20,0,1
861970,168,2017-12-12 00:00:00,2,Jackson Heights,137.0,941.0,2017,12,12,0,0,1
862396,168,2017-12-12 04:00:00,2,Jackson Heights,1972.0,232.0,2017,12,12,4,0,1
862847,168,2017-12-12 08:00:00,2,Jackson Heights,6582.0,761.0,2017,12,12,8,0,1
863315,168,2017-12-12 12:00:00,2,Jackson Heights,3126.0,1038.0,2017,12,12,12,0,1
863783,168,2017-12-12 16:00:00,2,Jackson Heights,2924.0,2948.0,2017,12,12,16,0,1
864251,168,2017-12-12 20:00:00,2,Jackson Heights,1706.0,2195.0,2017,12,12,20,0,1
864710,168,2017-12-13 00:00:00,2,Jackson Heights,128.0,984.0,2017,12,13,0,0,1
865145,168,2017-12-13 04:00:00,2,Jackson Heights,1990.0,248.0,2017,12,13,4,0,1
865595,168,2017-12-13 08:00:00,2,Jackson Heights,6515.0,727.0,2017,12,13,8,0,1
866064,168,2017-12-13 12:00:00,2,Jackson Heights,3041.0,1161.0,2017,12,13,12,0,1
866532,168,2017-12-13 16:00:00,2,Jackson Heights,2639.0,2823.0,2017,12,13,16,0,1
866999,168,2017-12-13 20:00:00,2,Jackson Heights,1601.0,2190.0,2017,12,13,20,0,1
867457,168,2017-12-14 00:00:00,2,Jackson Heights,136.0,966.0,2017,12,14,0,0,1
867895,168,2017-12-14 04:00:00,2,Jackson Heights,1964.0,231.0,2017,12,14,4,0,1
868351,168,2017-12-14 08:00:00,2,Jackson Heights,6505.0,741.0,2017,12,14,8,0,1
868819,168,2017-12-14 12:00:00,2,Jackson Heights,3448.0,916.0,2017,12,14,12,0,1
869287,168,2017-12-14 16:00:00,2,Jackson Heights,2896.0,2687.0,2017,12,14,16,0,1
869755,168,2017-12-14 20:00:00,2,Jackson Heights,1719.0,2202.0,2017,12,14,20,0,1
870217,168,2017-12-15 00:00:00,2,Jackson Heights,180.0,1017.0,2017,12,15,0,0,1
870656,168,2017-12-15 04:00:00,2,Jackson Heights,1879.0,263.0,2017,12,15,4,0,1
871106,168,2017-12-15 08:00:00,2,Jackson Heights,6317.0,705.0,2017,12,15,8,0,1
871574,168,2017-12-15 12:00:00,2,Jackson Heights,3156.0,1060.0,2017,12,15,12,0,1
872042,168,2017-12-15 16:00:00,2,Jackson Heights,2912.0,2678.0,2017,12,15,16,0,1
872510,168,2017-12-15 20:00:00,2,Jackson Heights,1819.0,2017.0,2017,12,15,20,0,1
872977,168,2017-12-16 00:00:00,2,Jackson Heights,324.0,1098.0,2017,12,16,0,0,1
873442,168,2017-12-16 04:00:00,2,Jackson Heights,830.0,270.0,2017,12,16,4,0,1
873900,168,2017-12-16 08:00:00,2,Jackson Heights,3356.0,640.0,2017,12,16,8,0,1
874363,168,2017-12-16 12:00:00,2,Jackson Heights,3325.0,1042.0,2017,12,16,12,0,1
874822,168,2017-12-16 16:00:00,2,Jackson Heights,3027.0,1691.0,2017,12,16,16,0,1
875286,168,2017-12-16 20:00:00,2,Jackson Heights,1632.0,1447.0,2017,12,16,20,0,1
875746,168,2017-12-17 00:00:00,2,Jackson Heights,381.0,882.0,2017,12,17,0,0,1
876213,168,2017-12-17 04:00:00,2,Jackson Heights,457.0,205.0,2017,12,17,4,0,1
876672,168,2017-12-17 08:00:00,2,Jackson Heights,2301.0,421.0,2017,12,17,8,0,1
877134,168,2017-12-17 12:00:00,2,Jackson Heights,2783.0,855.0,2017,12,17,12,0,1
877593,168,2017-12-17 16:00:00,2,Jackson Heights,2517.0,1346.0,2017,12,17,16,0,1
878055,168,2017-12-17 20:00:00,2,Jackson Heights,1338.0,1218.0,2017,12,17,20,0,1
878508,168,2017-12-18 00:00:00,2,Jackson Heights,129.0,630.0,2017,12,18,0,0,1
878945,168,2017-12-18 04:00:00,2,Jackson Heights,1653.0,138.0,2017,12,18,4,0,1
879397,168,2017-12-18 08:00:00,2,Jackson Heights,6349.0,850.0,2017,12,18,8,0,1
879865,168,2017-12-18 12:00:00,2,Jackson Heights,2123.0,560.0,2017,12,18,12,0,1
880333,168,2017-12-18 16:00:00,2,Jackson Heights,2874.0,2391.0,2017,12,18,16,0,1
880800,168,2017-12-18 20:00:00,2,Jackson Heights,1835.0,2339.0,2017,12,18,20,0,1
881257,168,2017-12-19 00:00:00,2,Jackson Heights,188.0,956.0,2017,12,19,0,0,1
881687,168,2017-12-19 04:00:00,2,Jackson Heights,994.0,151.0,2017,12,19,4,0,1
882141,168,2017-12-19 08:00:00,2,Jackson Heights,6175.0,1156.0,2017,12,19,8,0,1
882608,168,2017-12-19 12:00:00,2,Jackson Heights,2901.0,614.0,2017,12,19,12,0,1
883075,168,2017-12-19 16:00:00,2,Jackson Heights,2940.0,2543.0,2017,12,19,16,0,1
883543,168,2017-12-19 20:00:00,2,Jackson Heights,1835.0,2177.0,2017,12,19,20,0,1
884000,168,2017-12-20 00:00:00,2,Jackson Heights,140.0,1043.0,2017,12,20,0,0,1
884434,168,2017-12-20 04:00:00,2,Jackson Heights,2042.0,239.0,2017,12,20,4,0,1
884887,168,2017-12-20 08:00:00,2,Jackson Heights,6291.0,718.0,2017,12,20,8,0,1
885355,168,2017-12-20 12:00:00,2,Jackson Heights,3241.0,1009.0,2017,12,20,12,0,1
885822,168,2017-12-20 16:00:00,2,Jackson Heights,3058.0,2661.0,2017,12,20,16,0,1
886289,168,2017-12-20 20:00:00,2,Jackson Heights,1832.0,2320.0,2017,12,20,20,0,1
886747,168,2017-12-21 00:00:00,2,Jackson Heights,141.0,1006.0,2017,12,21,0,0,1
887185,168,2017-12-21 04:00:00,2,Jackson Heights,1995.0,178.0,2017,12,21,4,0,1
887639,168,2017-12-21 08:00:00,2,Jackson Heights,6241.0,752.0,2017,12,21,8,0,1
888106,168,2017-12-21 12:00:00,2,Jackson Heights,3311.0,887.0,2017,12,21,12,0,1
888573,168,2017-12-21 16:00:00,2,Jackson Heights,3066.0,2639.0,2017,12,21,16,0,1
889040,168,2017-12-21 20:00:00,2,Jackson Heights,1920.0,2181.0,2017,12,21,20,0,1
889498,168,2017-12-22 00:00:00,2,Jackson Heights,177.0,1024.0,2017,12,22,0,0,1
889944,168,2017-12-22 04:00:00,2,Jackson Heights,1638.0,245.0,2017,12,22,4,0,1
890406,168,2017-12-22 08:00:00,2,Jackson Heights,5864.0,718.0,2017,12,22,8,0,1
890873,168,2017-12-22 12:00:00,2,Jackson Heights,3424.0,1063.0,2017,12,22,12,0,1
891340,168,2017-12-22 16:00:00,2,Jackson Heights,3272.0,2567.0,2017,12,22,16,0,1
891807,168,2017-12-22 20:00:00,2,Jackson Heights,2136.0,2108.0,2017,12,22,20,0,1
892274,168,2017-12-23 00:00:00,2,Jackson Heights,437.0,1059.0,2017,12,23,0,0,1
892739,168,2017-12-23 04:00:00,2,Jackson Heights,687.0,259.0,2017,12,23,4,0,1
893205,168,2017-12-23 08:00:00,2,Jackson Heights,2889.0,558.0,2017,12,23,8,0,1
893670,168,2017-12-23 12:00:00,2,Jackson Heights,3115.0,1018.0,2017,12,23,12,0,1
894136,168,2017-12-23 16:00:00,2,Jackson Heights,3063.0,1672.0,2017,12,23,16,0,1
894602,168,2017-12-23 20:00:00,2,Jackson Heights,1712.0,1481.0,2017,12,23,20,0,1
895067,168,2017-12-24 00:00:00,2,Jackson Heights,396.0,940.0,2017,12,24,0,0,1
895532,168,2017-12-24 04:00:00,2,Jackson Heights,463.0,252.0,2017,12,24,4,0,1
895998,168,2017-12-24 08:00:00,2,Jackson Heights,2152.0,477.0,2017,12,24,8,0,1
896464,168,2017-12-24 12:00:00,2,Jackson Heights,2722.0,887.0,2017,12,24,12,0,1
896930,168,2017-12-24 16:00:00,2,Jackson Heights,2399.0,1340.0,2017,12,24,16,0,1
897397,168,2017-12-24 20:00:00,2,Jackson Heights,1384.0,1137.0,2017,12,24,20,0,1
897863,168,2017-12-25 00:00:00,2,Jackson Heights,422.0,583.0,2017,12,25,0,1,1
898330,168,2017-12-25 04:00:00,2,Jackson Heights,404.0,140.0,2017,12,25,4,1,1
898795,168,2017-12-25 08:00:00,2,Jackson Heights,1070.0,285.0,2017,12,25,8,1,1
899262,168,2017-12-25 12:00:00,2,Jackson Heights,1700.0,577.0,2017,12,25,12,1,1
899726,168,2017-12-25 16:00:00,2,Jackson Heights,1965.0,974.0,2017,12,25,16,1,1
900193,168,2017-12-25 20:00:00,2,Jackson Heights,1083.0,853.0,2017,12,25,20,1,1
900654,168,2017-12-26 00:00:00,2,Jackson Heights,89.0,489.0,2017,12,26,0,0,1
901116,168,2017-12-26 04:00:00,2,Jackson Heights,1291.0,106.0,2017,12,26,4,0,1
901581,168,2017-12-26 08:00:00,2,Jackson Heights,4327.0,686.0,2017,12,26,8,0,1
902048,168,2017-12-26 12:00:00,2,Jackson Heights,3116.0,925.0,2017,12,26,12,0,1
902515,168,2017-12-26 16:00:00,2,Jackson Heights,2999.0,2173.0,2017,12,26,16,0,1
902982,168,2017-12-26 20:00:00,2,Jackson Heights,1576.0,1929.0,2017,12,26,20,0,1
903446,168,2017-12-27 00:00:00,2,Jackson Heights,125.0,925.0,2017,12,27,0,0,1
903909,168,2017-12-27 04:00:00,2,Jackson Heights,1675.0,209.0,2017,12,27,4,0,1
904374,168,2017-12-27 08:00:00,2,Jackson Heights,4715.0,635.0,2017,12,27,8,0,1
904841,168,2017-12-27 12:00:00,2,Jackson Heights,3264.0,804.0,2017,12,27,12,0,1
905308,168,2017-12-27 16:00:00,2,Jackson Heights,2943.0,2257.0,2017,12,27,16,0,1
905775,168,2017-12-27 20:00:00,2,Jackson Heights,1663.0,2059.0,2017,12,27,20,0,1
906238,168,2017-12-28 00:00:00,2,Jackson Heights,183.0,920.0,2017,12,28,0,0,1
906698,168,2017-12-28 04:00:00,2,Jackson Heights,1625.0,197.0,2017,12,28,4,0,1
907162,168,2017-12-28 08:00:00,2,Jackson Heights,4653.0,636.0,2017,12,28,8,0,1
907629,168,2017-12-28 12:00:00,2,Jackson Heights,3247.0,768.0,2017,12,28,12,0,1
908096,168,2017-12-28 16:00:00,2,Jackson Heights,2876.0,2166.0,2017,12,28,16,0,1
908563,168,2017-12-28 20:00:00,2,Jackson Heights,1530.0,1917.0,2017,12,28,20,0,1
909028,168,2017-12-29 00:00:00,2,Jackson Heights,151.0,919.0,2017,12,29,0,0,1
909486,168,2017-12-29 04:00:00,2,Jackson Heights,1528.0,215.0,2017,12,29,4,0,1
909950,168,2017-12-29 08:00:00,2,Jackson Heights,4559.0,580.0,2017,12,29,8,0,1
910417,168,2017-12-29 12:00:00,2,Jackson Heights,3292.0,875.0,2017,12,29,12,0,1
910884,168,2017-12-29 16:00:00,2,Jackson Heights,3237.0,2053.0,2017,12,29,16,0,1
911351,168,2017-12-29 20:00:00,2,Jackson Heights,1830.0,1786.0,2017,12,29,20,0,1
911818,168,2017-12-30 00:00:00,2,Jackson Heights,363.0,944.0,2017,12,30,0,0,1
912285,168,2017-12-30 04:00:00,2,Jackson Heights,676.0,232.0,2017,12,30,4,0,1
912750,168,2017-12-30 08:00:00,2,Jackson Heights,2683.0,451.0,2017,12,30,8,0,1
913216,168,2017-12-30 12:00:00,2,Jackson Heights,2880.0,916.0,2017,12,30,12,0,1
913682,168,2017-12-30 16:00:00,2,Jackson Heights,2752.0,1453.0,2017,12,30,16,0,1
914148,168,2017-12-30 20:00:00,2,Jackson Heights,1520.0,1271.0,2017,12,30,20,0,1
914615,168,2017-12-31 00:00:00,2,Jackson Heights,333.0,828.0,2017,12,31,0,0,1
915080,168,2017-12-31 04:00:00,2,Jackson Heights,405.0,174.0,2017,12,31,4,0,1
915546,168,2017-12-31 08:00:00,2,Jackson Heights,1984.0,428.0,2017,12,31,8,0,1
916012,168,2017-12-31 12:00:00,2,Jackson Heights,2513.0,807.0,2017,12,31,12,0,1
916478,168,2017-12-31 16:00:00,2,Jackson Heights,2189.0,1175.0,2017,12,31,16,0,1
916945,168,2017-12-31 20:00:00,2,Jackson Heights,1410.0,999.0,2017,12,31,20,0,1
917411,168,2018-01-01 00:00:00,2,Jackson Heights,370.0,642.0,2018,1,1,0,1,1
917878,168,2018-01-01 04:00:00,2,Jackson Heights,418.0,264.0,2018,1,1,4,1,1
918343,168,2018-01-01 08:00:00,2,Jackson Heights,1213.0,272.0,2018,1,1,8,1,1
918810,168,2018-01-01 12:00:00,2,Jackson Heights,1587.0,439.0,2018,1,1,12,1,1
919275,168,2018-01-01 16:00:00,2,Jackson Heights,1851.0,951.0,2018,1,1,16,1,1
919742,168,2018-01-01 20:00:00,2,Jackson Heights,981.0,874.0,2018,1,1,20,1,1
920196,168,2018-01-02 00:00:00,2,Jackson Heights,72.0,502.0,2018,1,2,0,0,1
920638,168,2018-01-02 04:00:00,2,Jackson Heights,1638.0,127.0,2018,1,2,4,0,1
921095,168,2018-01-02 08:00:00,2,Jackson Heights,5527.0,686.0,2018,1,2,8,0,1
921562,168,2018-01-02 12:00:00,2,Jackson Heights,2311.0,520.0,2018,1,2,12,0,1
922029,168,2018-01-02 16:00:00,2,Jackson Heights,2722.0,2510.0,2018,1,2,16,0,1
922496,168,2018-01-02 20:00:00,2,Jackson Heights,1588.0,2006.0,2018,1,2,20,0,1
922954,168,2018-01-03 00:00:00,2,Jackson Heights,128.0,770.0,2018,1,3,0,0,1
923387,168,2018-01-03 04:00:00,2,Jackson Heights,1760.0,188.0,2018,1,3,4,0,1
923841,168,2018-01-03 08:00:00,2,Jackson Heights,5976.0,670.0,2018,1,3,8,0,1
924308,168,2018-01-03 12:00:00,2,Jackson Heights,1855.0,525.0,2018,1,3,12,0,1
924775,168,2018-01-03 16:00:00,2,Jackson Heights,2782.0,2352.0,2018,1,3,16,0,1
925242,168,2018-01-03 20:00:00,2,Jackson Heights,1702.0,2143.0,2018,1,3,20,0,1
925705,168,2018-01-04 00:00:00,2,Jackson Heights,153.0,854.0,2018,1,4,0,0,1
926160,168,2018-01-04 04:00:00,2,Jackson Heights,1607.0,191.0,2018,1,4,4,0,1
926623,168,2018-01-04 08:00:00,2,Jackson Heights,3561.0,485.0,2018,1,4,8,0,1
927090,168,2018-01-04 12:00:00,2,Jackson Heights,1684.0,713.0,2018,1,4,12,0,1
927557,168,2018-01-04 16:00:00,2,Jackson Heights,1285.0,1342.0,2018,1,4,16,0,1
928024,168,2018-01-04 20:00:00,2,Jackson Heights,735.0,913.0,2018,1,4,20,0,1
928480,168,2018-01-05 00:00:00,2,Jackson Heights,55.0,420.0,2018,1,5,0,0,1
928916,168,2018-01-05 04:00:00,2,Jackson Heights,1370.0,98.0,2018,1,5,4,0,1
929364,168,2018-01-05 08:00:00,2,Jackson Heights,5523.0,648.0,2018,1,5,8,0,1
929831,168,2018-01-05 12:00:00,2,Jackson Heights,3210.0,867.0,2018,1,5,12,0,1
930298,168,2018-01-05 16:00:00,2,Jackson Heights,2883.0,2120.0,2018,1,5,16,0,1
930765,168,2018-01-05 20:00:00,2,Jackson Heights,1576.0,1758.0,2018,1,5,20,0,1
931231,168,2018-01-06 00:00:00,2,Jackson Heights,252.0,903.0,2018,1,6,0,0,1
931696,168,2018-01-06 04:00:00,2,Jackson Heights,683.0,214.0,2018,1,6,4,0,1
932161,168,2018-01-06 08:00:00,2,Jackson Heights,2745.0,484.0,2018,1,6,8,0,1
932625,168,2018-01-06 12:00:00,2,Jackson Heights,2791.0,849.0,2018,1,6,12,0,1
933089,168,2018-01-06 16:00:00,2,Jackson Heights,2560.0,1329.0,2018,1,6,16,0,1
933553,168,2018-01-06 20:00:00,2,Jackson Heights,1281.0,1133.0,2018,1,6,20,0,1
934018,168,2018-01-07 00:00:00,2,Jackson Heights,270.0,728.0,2018,1,7,0,0,1
934483,168,2018-01-07 04:00:00,2,Jackson Heights,387.0,207.0,2018,1,7,4,0,1
934948,168,2018-01-07 08:00:00,2,Jackson Heights,2052.0,337.0,2018,1,7,8,0,1
935411,168,2018-01-07 12:00:00,2,Jackson Heights,2273.0,650.0,2018,1,7,12,0,1
935876,168,2018-01-07 16:00:00,2,Jackson Heights,2083.0,1199.0,2018,1,7,16,0,1
936341,168,2018-01-07 20:00:00,2,Jackson Heights,1074.0,1043.0,2018,1,7,20,0,1
936796,168,2018-01-08 00:00:00,2,Jackson Heights,83.0,502.0,2018,1,8,0,0,1
937232,168,2018-01-08 04:00:00,2,Jackson Heights,1579.0,144.0,2018,1,8,4,0,1
937681,168,2018-01-08 08:00:00,2,Jackson Heights,6313.0,649.0,2018,1,8,8,0,1
938148,168,2018-01-08 12:00:00,2,Jackson Heights,3337.0,877.0,2018,1,8,12,0,1
938615,168,2018-01-08 16:00:00,2,Jackson Heights,2834.0,2671.0,2018,1,8,16,0,1
939082,168,2018-01-08 20:00:00,2,Jackson Heights,1623.0,2059.0,2018,1,8,20,0,1
939541,168,2018-01-09 00:00:00,2,Jackson Heights,128.0,776.0,2018,1,9,0,0,1
939975,168,2018-01-09 04:00:00,2,Jackson Heights,1918.0,164.0,2018,1,9,4,0,1
940426,168,2018-01-09 08:00:00,2,Jackson Heights,6283.0,808.0,2018,1,9,8,0,1
940893,168,2018-01-09 12:00:00,2,Jackson Heights,3449.0,848.0,2018,1,9,12,0,1
941360,168,2018-01-09 16:00:00,2,Jackson Heights,2975.0,2784.0,2018,1,9,16,0,1
941825,168,2018-01-09 20:00:00,2,Jackson Heights,1766.0,2196.0,2018,1,9,20,0,1
942283,168,2018-01-10 00:00:00,2,Jackson Heights,119.0,824.0,2018,1,10,0,0,1
942723,168,2018-01-10 04:00:00,2,Jackson Heights,1921.0,214.0,2018,1,10,4,0,1
943172,168,2018-01-10 08:00:00,2,Jackson Heights,6319.0,768.0,2018,1,10,8,0,1
943639,168,2018-01-10 12:00:00,2,Jackson Heights,3349.0,1026.0,2018,1,10,12,0,1
944106,168,2018-01-10 16:00:00,2,Jackson Heights,2923.0,2710.0,2018,1,10,16,0,1
944573,168,2018-01-10 20:00:00,2,Jackson Heights,1660.0,2212.0,2018,1,10,20,0,1
945032,168,2018-01-11 00:00:00,2,Jackson Heights,122.0,850.0,2018,1,11,0,0,1
945470,168,2018-01-11 04:00:00,2,Jackson Heights,1971.0,186.0,2018,1,11,4,0,1
945924,168,2018-01-11 08:00:00,2,Jackson Heights,6225.0,756.0,2018,1,11,8,0,1
946391,168,2018-01-11 12:00:00,2,Jackson Heights,1850.0,560.0,2018,1,11,12,0,1
946858,168,2018-01-11 16:00:00,2,Jackson Heights,2817.0,2639.0,2018,1,11,16,0,1
947325,168,2018-01-11 20:00:00,2,Jackson Heights,1750.0,2270.0,2018,1,11,20,0,1
947786,168,2018-01-12 00:00:00,2,Jackson Heights,190.0,949.0,2018,1,12,0,0,1
948229,168,2018-01-12 04:00:00,2,Jackson Heights,1499.0,177.0,2018,1,12,4,0,1
948686,168,2018-01-12 08:00:00,2,Jackson Heights,6028.0,1119.0,2018,1,12,8,0,1
949153,168,2018-01-12 12:00:00,2,Jackson Heights,3193.0,1011.0,2018,1,12,12,0,1
949619,168,2018-01-12 16:00:00,2,Jackson Heights,2795.0,2392.0,2018,1,12,16,0,1
950085,168,2018-01-12 20:00:00,2,Jackson Heights,1845.0,2046.0,2018,1,12,20,0,1
950551,168,2018-01-13 00:00:00,2,Jackson Heights,359.0,1063.0,2018,1,13,0,0,1
951013,168,2018-01-13 04:00:00,2,Jackson Heights,752.0,276.0,2018,1,13,4,0,1
951474,168,2018-01-13 08:00:00,2,Jackson Heights,3101.0,557.0,2018,1,13,8,0,1
951934,168,2018-01-13 12:00:00,2,Jackson Heights,3161.0,939.0,2018,1,13,12,0,1
952390,168,2018-01-13 16:00:00,2,Jackson Heights,2761.0,1591.0,2018,1,13,16,0,1
952854,168,2018-01-13 20:00:00,2,Jackson Heights,1550.0,1305.0,2018,1,13,20,0,1
953310,168,2018-01-14 00:00:00,2,Jackson Heights,332.0,813.0,2018,1,14,0,0,1
953774,168,2018-01-14 04:00:00,2,Jackson Heights,426.0,196.0,2018,1,14,4,0,1
954232,168,2018-01-14 08:00:00,2,Jackson Heights,2088.0,367.0,2018,1,14,8,0,1
954690,168,2018-01-14 12:00:00,2,Jackson Heights,2432.0,724.0,2018,1,14,12,0,1
955149,168,2018-01-14 16:00:00,2,Jackson Heights,2145.0,1164.0,2018,1,14,16,0,1
955607,168,2018-01-14 20:00:00,2,Jackson Heights,1118.0,1005.0,2018,1,14,20,0,1
956068,168,2018-01-15 00:00:00,2,Jackson Heights,92.0,620.0,2018,1,15,0,1,1
956525,168,2018-01-15 04:00:00,2,Jackson Heights,1583.0,177.0,2018,1,15,4,1,1
956988,168,2018-01-15 08:00:00,2,Jackson Heights,3852.0,614.0,2018,1,15,8,1,1
957455,168,2018-01-15 12:00:00,2,Jackson Heights,2825.0,810.0,2018,1,15,12,1,1
957922,168,2018-01-15 16:00:00,2,Jackson Heights,2782.0,2070.0,2018,1,15,16,1,1
958389,168,2018-01-15 20:00:00,2,Jackson Heights,1521.0,1710.0,2018,1,15,20,1,1
958848,168,2018-01-16 00:00:00,2,Jackson Heights,98.0,730.0,2018,1,16,0,0,1
959288,168,2018-01-16 04:00:00,2,Jackson Heights,1653.0,204.0,2018,1,16,4,0,1
959739,168,2018-01-16 08:00:00,2,Jackson Heights,6216.0,805.0,2018,1,16,8,0,1
960206,168,2018-01-16 12:00:00,2,Jackson Heights,3278.0,849.0,2018,1,16,12,0,1
960673,168,2018-01-16 16:00:00,2,Jackson Heights,2791.0,2808.0,2018,1,16,16,0,1
961140,168,2018-01-16 20:00:00,2,Jackson Heights,1675.0,2122.0,2018,1,16,20,0,1
961599,168,2018-01-17 00:00:00,2,Jackson Heights,130.0,795.0,2018,1,17,0,0,1
962034,168,2018-01-17 04:00:00,2,Jackson Heights,1914.0,198.0,2018,1,17,4,0,1
962488,168,2018-01-17 08:00:00,2,Jackson Heights,6108.0,708.0,2018,1,17,8,0,1
962955,168,2018-01-17 12:00:00,2,Jackson Heights,3163.0,819.0,2018,1,17,12,0,1
963422,168,2018-01-17 16:00:00,2,Jackson Heights,2756.0,2701.0,2018,1,17,16,0,1
963889,168,2018-01-17 20:00:00,2,Jackson Heights,1591.0,2097.0,2018,1,17,20,0,1
964347,168,2018-01-18 00:00:00,2,Jackson Heights,106.0,858.0,2018,1,18,0,0,1
964786,168,2018-01-18 04:00:00,2,Jackson Heights,1970.0,197.0,2018,1,18,4,0,1
965239,168,2018-01-18 08:00:00,2,Jackson Heights,6285.0,728.0,2018,1,18,8,0,1
965706,168,2018-01-18 12:00:00,2,Jackson Heights,3346.0,856.0,2018,1,18,12,0,1
966173,168,2018-01-18 16:00:00,2,Jackson Heights,2815.0,2610.0,2018,1,18,16,0,1
966640,168,2018-01-18 20:00:00,2,Jackson Heights,1747.0,2080.0,2018,1,18,20,0,1
967101,168,2018-01-19 00:00:00,2,Jackson Heights,111.0,839.0,2018,1,19,0,0,1
967538,168,2018-01-19 04:00:00,2,Jackson Heights,1880.0,211.0,2018,1,19,4,0,1
967994,168,2018-01-19 08:00:00,2,Jackson Heights,6182.0,707.0,2018,1,19,8,0,1
968461,168,2018-01-19 12:00:00,2,Jackson Heights,3224.0,897.0,2018,1,19,12,0,1
968928,168,2018-01-19 16:00:00,2,Jackson Heights,3072.0,2636.0,2018,1,19,16,0,1
969395,168,2018-01-19 20:00:00,2,Jackson Heights,1896.0,2113.0,2018,1,19,20,0,1
969861,168,2018-01-20 00:00:00,2,Jackson Heights,467.0,990.0,2018,1,20,0,0,1
970325,168,2018-01-20 04:00:00,2,Jackson Heights,540.0,317.0,2018,1,20,4,0,1
970788,168,2018-01-20 08:00:00,2,Jackson Heights,3262.0,625.0,2018,1,20,8,0,1
971253,168,2018-01-20 12:00:00,2,Jackson Heights,3220.0,1066.0,2018,1,20,12,0,1
971714,168,2018-01-20 16:00:00,2,Jackson Heights,2923.0,1617.0,2018,1,20,16,0,1
972179,168,2018-01-20 20:00:00,2,Jackson Heights,1589.0,1445.0,2018,1,20,20,0,1
972642,168,2018-01-21 00:00:00,2,Jackson Heights,359.0,886.0,2018,1,21,0,0,1
973107,168,2018-01-21 04:00:00,2,Jackson Heights,429.0,233.0,2018,1,21,4,0,1
973570,168,2018-01-21 08:00:00,2,Jackson Heights,2124.0,396.0,2018,1,21,8,0,1
974030,168,2018-01-21 12:00:00,2,Jackson Heights,2576.0,801.0,2018,1,21,12,0,1
974489,168,2018-01-21 16:00:00,2,Jackson Heights,2269.0,1315.0,2018,1,21,16,0,1
974950,168,2018-01-21 20:00:00,2,Jackson Heights,1209.0,1208.0,2018,1,21,20,0,1
975405,168,2018-01-22 00:00:00,2,Jackson Heights,92.0,606.0,2018,1,22,0,0,1
975846,168,2018-01-22 04:00:00,2,Jackson Heights,1889.0,172.0,2018,1,22,4,0,1
976295,168,2018-01-22 08:00:00,2,Jackson Heights,5681.0,721.0,2018,1,22,8,0,1
976762,168,2018-01-22 12:00:00,2,Jackson Heights,3438.0,956.0,2018,1,22,12,0,1
977229,168,2018-01-22 16:00:00,2,Jackson Heights,3030.0,2895.0,2018,1,22,16,0,1
977695,168,2018-01-22 20:00:00,2,Jackson Heights,1654.0,2241.0,2018,1,22,20,0,1
978152,168,2018-01-23 00:00:00,2,Jackson Heights,102.0,855.0,2018,1,23,0,0,1
978591,168,2018-01-23 04:00:00,2,Jackson Heights,1847.0,197.0,2018,1,23,4,0,1
979043,168,2018-01-23 08:00:00,2,Jackson Heights,5565.0,760.0,2018,1,23,8,0,1
979509,168,2018-01-23 12:00:00,2,Jackson Heights,3353.0,986.0,2018,1,23,12,0,1
979975,168,2018-01-23 16:00:00,2,Jackson Heights,3064.0,2533.0,2018,1,23,16,0,1
980441,168,2018-01-23 20:00:00,2,Jackson Heights,1707.0,2117.0,2018,1,23,20,0,1
980901,168,2018-01-24 00:00:00,2,Jackson Heights,122.0,922.0,2018,1,24,0,0,1
981340,168,2018-01-24 04:00:00,2,Jackson Heights,1953.0,196.0,2018,1,24,4,0,1
981792,168,2018-01-24 08:00:00,2,Jackson Heights,5793.0,827.0,2018,1,24,8,0,1
982258,168,2018-01-24 12:00:00,2,Jackson Heights,3178.0,1253.0,2018,1,24,12,0,1
982724,168,2018-01-24 16:00:00,2,Jackson Heights,3021.0,2822.0,2018,1,24,16,0,1
983190,168,2018-01-24 20:00:00,2,Jackson Heights,1685.0,2186.0,2018,1,24,20,0,1
983648,168,2018-01-25 00:00:00,2,Jackson Heights,106.0,905.0,2018,1,25,0,0,1
984084,168,2018-01-25 04:00:00,2,Jackson Heights,1932.0,184.0,2018,1,25,4,0,1
984536,168,2018-01-25 08:00:00,2,Jackson Heights,5815.0,755.0,2018,1,25,8,0,1
985002,168,2018-01-25 12:00:00,2,Jackson Heights,3341.0,927.0,2018,1,25,12,0,1
985468,168,2018-01-25 16:00:00,2,Jackson Heights,3026.0,2590.0,2018,1,25,16,0,1
985934,168,2018-01-25 20:00:00,2,Jackson Heights,1740.0,2162.0,2018,1,25,20,0,1
986394,168,2018-01-26 00:00:00,2,Jackson Heights,130.0,920.0,2018,1,26,0,0,1
986844,168,2018-01-26 04:00:00,2,Jackson Heights,1882.0,200.0,2018,1,26,4,0,1
987299,168,2018-01-26 08:00:00,2,Jackson Heights,5605.0,797.0,2018,1,26,8,0,1
987765,168,2018-01-26 12:00:00,2,Jackson Heights,3416.0,1018.0,2018,1,26,12,0,1
988231,168,2018-01-26 16:00:00,2,Jackson Heights,3185.0,2515.0,2018,1,26,16,0,1
988697,168,2018-01-26 20:00:00,2,Jackson Heights,1857.0,2061.0,2018,1,26,20,0,1
989163,168,2018-01-27 00:00:00,2,Jackson Heights,338.0,1085.0,2018,1,27,0,0,1
989628,168,2018-01-27 04:00:00,2,Jackson Heights,709.0,282.0,2018,1,27,4,0,1
990089,168,2018-01-27 08:00:00,2,Jackson Heights,3358.0,625.0,2018,1,27,8,0,1
990556,168,2018-01-27 12:00:00,2,Jackson Heights,3258.0,983.0,2018,1,27,12,0,1
991015,168,2018-01-27 16:00:00,2,Jackson Heights,2911.0,1626.0,2018,1,27,16,0,1
991482,168,2018-01-27 20:00:00,2,Jackson Heights,1603.0,1365.0,2018,1,27,20,0,1
991945,168,2018-01-28 00:00:00,2,Jackson Heights,424.0,907.0,2018,1,28,0,0,1
992409,168,2018-01-28 04:00:00,2,Jackson Heights,433.0,259.0,2018,1,28,4,0,1
992875,168,2018-01-28 08:00:00,2,Jackson Heights,2282.0,409.0,2018,1,28,8,0,1
993331,168,2018-01-28 12:00:00,2,Jackson Heights,2591.0,875.0,2018,1,28,12,0,1
993794,168,2018-01-28 16:00:00,2,Jackson Heights,2255.0,1275.0,2018,1,28,16,0,1
994251,168,2018-01-28 20:00:00,2,Jackson Heights,1184.0,1135.0,2018,1,28,20,0,1
994704,168,2018-01-29 00:00:00,2,Jackson Heights,79.0,605.0,2018,1,29,0,0,1
995142,168,2018-01-29 04:00:00,2,Jackson Heights,1922.0,154.0,2018,1,29,4,0,1
995594,168,2018-01-29 08:00:00,2,Jackson Heights,5874.0,864.0,2018,1,29,8,0,1
996061,168,2018-01-29 12:00:00,2,Jackson Heights,3530.0,992.0,2018,1,29,12,0,1
996528,168,2018-01-29 16:00:00,2,Jackson Heights,3064.0,2646.0,2018,1,29,16,0,1
996995,168,2018-01-29 20:00:00,2,Jackson Heights,1754.0,2173.0,2018,1,29,20,0,1
997453,168,2018-01-30 00:00:00,2,Jackson Heights,127.0,826.0,2018,1,30,0,0,1
997879,168,2018-01-30 04:00:00,2,Jackson Heights,1952.0,177.0,2018,1,30,4,0,1
998330,168,2018-01-30 08:00:00,2,Jackson Heights,6407.0,653.0,2018,1,30,8,0,1
998797,168,2018-01-30 12:00:00,2,Jackson Heights,3439.0,869.0,2018,1,30,12,0,1
999264,168,2018-01-30 16:00:00,2,Jackson Heights,2969.0,2890.0,2018,1,30,16,0,1
999731,168,2018-01-30 20:00:00,2,Jackson Heights,1725.0,2231.0,2018,1,30,20,0,1
1000187,168,2018-01-31 00:00:00,2,Jackson Heights,102.0,865.0,2018,1,31,0,0,1
1000613,168,2018-01-31 04:00:00,2,Jackson Heights,1879.0,200.0,2018,1,31,4,0,1
1001066,168,2018-01-31 08:00:00,2,Jackson Heights,6490.0,710.0,2018,1,31,8,0,1
1001533,168,2018-01-31 12:00:00,2,Jackson Heights,3478.0,962.0,2018,1,31,12,0,1
1002000,168,2018-01-31 16:00:00,2,Jackson Heights,2926.0,2812.0,2018,1,31,16,0,1
1002467,168,2018-01-31 20:00:00,2,Jackson Heights,1680.0,2319.0,2018,1,31,20,0,1
1002927,168,2018-02-01 00:00:00,2,Jackson Heights,124.0,886.0,2018,2,1,0,0,1
1003356,168,2018-02-01 04:00:00,2,Jackson Heights,1934.0,205.0,2018,2,1,4,0,1
1003805,168,2018-02-01 08:00:00,2,Jackson Heights,6232.0,725.0,2018,2,1,8,0,1
1004271,168,2018-02-01 12:00:00,2,Jackson Heights,3738.0,962.0,2018,2,1,12,0,1
1004738,168,2018-02-01 16:00:00,2,Jackson Heights,2961.0,2926.0,2018,2,1,16,0,1
1005205,168,2018-02-01 20:00:00,2,Jackson Heights,1733.0,2299.0,2018,2,1,20,0,1
1005663,168,2018-02-02 00:00:00,2,Jackson Heights,176.0,950.0,2018,2,2,0,0,1
1006101,168,2018-02-02 04:00:00,2,Jackson Heights,1589.0,187.0,2018,2,2,4,0,1
1006551,168,2018-02-02 08:00:00,2,Jackson Heights,6304.0,735.0,2018,2,2,8,0,1
1007018,168,2018-02-02 12:00:00,2,Jackson Heights,3412.0,962.0,2018,2,2,12,0,1
1007485,168,2018-02-02 16:00:00,2,Jackson Heights,3070.0,2890.0,2018,2,2,16,0,1
1007952,168,2018-02-02 20:00:00,2,Jackson Heights,1793.0,2058.0,2018,2,2,20,0,1
1008418,168,2018-02-03 00:00:00,2,Jackson Heights,276.0,1030.0,2018,2,3,0,0,1
1008882,168,2018-02-03 04:00:00,2,Jackson Heights,590.0,294.0,2018,2,3,4,0,1
1009346,168,2018-02-03 08:00:00,2,Jackson Heights,3284.0,622.0,2018,2,3,8,0,1
1009811,168,2018-02-03 12:00:00,2,Jackson Heights,3149.0,1026.0,2018,2,3,12,0,1
1010275,168,2018-02-03 16:00:00,2,Jackson Heights,2820.0,1770.0,2018,2,3,16,0,1
1010740,168,2018-02-03 20:00:00,2,Jackson Heights,1589.0,1437.0,2018,2,3,20,0,1
1011202,168,2018-02-04 00:00:00,2,Jackson Heights,349.0,856.0,2018,2,4,0,0,1
1011667,168,2018-02-04 04:00:00,2,Jackson Heights,406.0,239.0,2018,2,4,4,0,1
1012128,168,2018-02-04 08:00:00,2,Jackson Heights,2203.0,472.0,2018,2,4,8,0,1
1012595,168,2018-02-04 12:00:00,2,Jackson Heights,2611.0,901.0,2018,2,4,12,0,1
1013058,168,2018-02-04 16:00:00,2,Jackson Heights,2237.0,1413.0,2018,2,4,16,0,1
1013524,168,2018-02-04 20:00:00,2,Jackson Heights,1136.0,1091.0,2018,2,4,20,0,1
1013979,168,2018-02-05 00:00:00,2,Jackson Heights,70.0,597.0,2018,2,5,0,0,1
1014414,168,2018-02-05 04:00:00,2,Jackson Heights,1894.0,165.0,2018,2,5,4,0,1
1014864,168,2018-02-05 08:00:00,2,Jackson Heights,6400.0,807.0,2018,2,5,8,0,1
1015331,168,2018-02-05 12:00:00,2,Jackson Heights,3482.0,1007.0,2018,2,5,12,0,1
1015798,168,2018-02-05 16:00:00,2,Jackson Heights,2981.0,2905.0,2018,2,5,16,0,1
1016265,168,2018-02-05 20:00:00,2,Jackson Heights,1685.0,2351.0,2018,2,5,20,0,1
1016718,168,2018-02-06 00:00:00,2,Jackson Heights,111.0,872.0,2018,2,6,0,0,1
1017144,168,2018-02-06 04:00:00,2,Jackson Heights,1926.0,177.0,2018,2,6,4,0,1
1017592,168,2018-02-06 08:00:00,2,Jackson Heights,6476.0,789.0,2018,2,6,8,0,1
1018059,168,2018-02-06 12:00:00,2,Jackson Heights,3475.0,990.0,2018,2,6,12,0,1
1018526,168,2018-02-06 16:00:00,2,Jackson Heights,3029.0,2785.0,2018,2,6,16,0,1
1018993,168,2018-02-06 20:00:00,2,Jackson Heights,1744.0,2287.0,2018,2,6,20,0,1
1019452,168,2018-02-07 00:00:00,2,Jackson Heights,147.0,937.0,2018,2,7,0,0,1
1019890,168,2018-02-07 04:00:00,2,Jackson Heights,1818.0,199.0,2018,2,7,4,0,1
1020341,168,2018-02-07 08:00:00,2,Jackson Heights,6366.0,727.0,2018,2,7,8,0,1
1020808,168,2018-02-07 12:00:00,2,Jackson Heights,3379.0,957.0,2018,2,7,12,0,1
1021275,168,2018-02-07 16:00:00,2,Jackson Heights,2724.0,2655.0,2018,2,7,16,0,1
1021742,168,2018-02-07 20:00:00,2,Jackson Heights,1540.0,2073.0,2018,2,7,20,0,1
1022197,168,2018-02-08 00:00:00,2,Jackson Heights,93.0,905.0,2018,2,8,0,0,1
1022632,168,2018-02-08 04:00:00,2,Jackson Heights,1857.0,222.0,2018,2,8,4,0,1
1023082,168,2018-02-08 08:00:00,2,Jackson Heights,6501.0,756.0,2018,2,8,8,0,1
1023549,168,2018-02-08 12:00:00,2,Jackson Heights,3493.0,833.0,2018,2,8,12,0,1
1024016,168,2018-02-08 16:00:00,2,Jackson Heights,2905.0,2695.0,2018,2,8,16,0,1
1024483,168,2018-02-08 20:00:00,2,Jackson Heights,1741.0,2166.0,2018,2,8,20,0,1
1024943,168,2018-02-09 00:00:00,2,Jackson Heights,153.0,978.0,2018,2,9,0,0,1
1025380,168,2018-02-09 04:00:00,2,Jackson Heights,1876.0,248.0,2018,2,9,4,0,1
1025834,168,2018-02-09 08:00:00,2,Jackson Heights,6294.0,746.0,2018,2,9,8,0,1
1026301,168,2018-02-09 12:00:00,2,Jackson Heights,3463.0,1032.0,2018,2,9,12,0,1
1026768,168,2018-02-09 16:00:00,2,Jackson Heights,3190.0,2780.0,2018,2,9,16,0,1
1027235,168,2018-02-09 20:00:00,2,Jackson Heights,1958.0,2091.0,2018,2,9,20,0,1
1027700,168,2018-02-10 00:00:00,2,Jackson Heights,355.0,1095.0,2018,2,10,0,0,1
1028165,168,2018-02-10 04:00:00,2,Jackson Heights,758.0,265.0,2018,2,10,4,0,1
1028629,168,2018-02-10 08:00:00,2,Jackson Heights,3362.0,634.0,2018,2,10,8,0,1
1029091,168,2018-02-10 12:00:00,2,Jackson Heights,3188.0,1061.0,2018,2,10,12,0,1
1029554,168,2018-02-10 16:00:00,2,Jackson Heights,2728.0,1623.0,2018,2,10,16,0,1
1030018,168,2018-02-10 20:00:00,2,Jackson Heights,1498.0,1384.0,2018,2,10,20,0,1
1030482,168,2018-02-11 00:00:00,2,Jackson Heights,352.0,927.0,2018,2,11,0,0,1
1030945,168,2018-02-11 04:00:00,2,Jackson Heights,391.0,246.0,2018,2,11,4,0,1
1031409,168,2018-02-11 08:00:00,2,Jackson Heights,2114.0,360.0,2018,2,11,8,0,1
1031874,168,2018-02-11 12:00:00,2,Jackson Heights,2364.0,765.0,2018,2,11,12,0,1
1032335,168,2018-02-11 16:00:00,2,Jackson Heights,2033.0,1249.0,2018,2,11,16,0,1
1032800,168,2018-02-11 20:00:00,2,Jackson Heights,1145.0,1116.0,2018,2,11,20,0,1
1033249,168,2018-02-12 00:00:00,2,Jackson Heights,116.0,583.0,2018,2,12,0,0,1
1033682,168,2018-02-12 04:00:00,2,Jackson Heights,1588.0,166.0,2018,2,12,4,0,1
1034132,168,2018-02-12 08:00:00,2,Jackson Heights,6167.0,760.0,2018,2,12,8,0,1
1034599,168,2018-02-12 12:00:00,2,Jackson Heights,3370.0,1036.0,2018,2,12,12,0,1
1035066,168,2018-02-12 16:00:00,2,Jackson Heights,2965.0,2778.0,2018,2,12,16,0,1
1035533,168,2018-02-12 20:00:00,2,Jackson Heights,1804.0,2126.0,2018,2,12,20,0,1
1035992,168,2018-02-13 00:00:00,2,Jackson Heights,133.0,918.0,2018,2,13,0,0,1
1036418,168,2018-02-13 04:00:00,2,Jackson Heights,2021.0,199.0,2018,2,13,4,0,1
1036870,168,2018-02-13 08:00:00,2,Jackson Heights,6528.0,798.0,2018,2,13,8,0,1
1037337,168,2018-02-13 12:00:00,2,Jackson Heights,3153.0,1248.0,2018,2,13,12,0,1
1037804,168,2018-02-13 16:00:00,2,Jackson Heights,2908.0,2838.0,2018,2,13,16,0,1
1038271,168,2018-02-13 20:00:00,2,Jackson Heights,1705.0,2238.0,2018,2,13,20,0,1
1038727,168,2018-02-14 00:00:00,2,Jackson Heights,127.0,1043.0,2018,2,14,0,0,1
1039162,168,2018-02-14 04:00:00,2,Jackson Heights,1986.0,233.0,2018,2,14,4,0,1
1039612,168,2018-02-14 08:00:00,2,Jackson Heights,6525.0,756.0,2018,2,14,8,0,1
1040079,168,2018-02-14 12:00:00,2,Jackson Heights,3463.0,883.0,2018,2,14,12,0,1
1040546,168,2018-02-14 16:00:00,2,Jackson Heights,3014.0,2635.0,2018,2,14,16,0,1
1041013,168,2018-02-14 20:00:00,2,Jackson Heights,1762.0,2134.0,2018,2,14,20,0,1
1041470,168,2018-02-15 00:00:00,2,Jackson Heights,181.0,1099.0,2018,2,15,0,0,1
1041909,168,2018-02-15 04:00:00,2,Jackson Heights,1958.0,260.0,2018,2,15,4,0,1
1042366,168,2018-02-15 08:00:00,2,Jackson Heights,6412.0,710.0,2018,2,15,8,0,1
1042833,168,2018-02-15 12:00:00,2,Jackson Heights,3391.0,911.0,2018,2,15,12,0,1
1043300,168,2018-02-15 16:00:00,2,Jackson Heights,3044.0,2686.0,2018,2,15,16,0,1
1043767,168,2018-02-15 20:00:00,2,Jackson Heights,1871.0,2255.0,2018,2,15,20,0,1
1044230,168,2018-02-16 00:00:00,2,Jackson Heights,203.0,1038.0,2018,2,16,0,0,1
1044680,168,2018-02-16 04:00:00,2,Jackson Heights,1835.0,270.0,2018,2,16,4,0,1
1045132,168,2018-02-16 08:00:00,2,Jackson Heights,5200.0,671.0,2018,2,16,8,0,1
1045599,168,2018-02-16 12:00:00,2,Jackson Heights,3318.0,1024.0,2018,2,16,12,0,1
1046066,168,2018-02-16 16:00:00,2,Jackson Heights,3205.0,2456.0,2018,2,16,16,0,1
1046533,168,2018-02-16 20:00:00,2,Jackson Heights,1991.0,1977.0,2018,2,16,20,0,1
1047000,168,2018-02-17 00:00:00,2,Jackson Heights,363.0,1033.0,2018,2,17,0,0,1
1047457,168,2018-02-17 04:00:00,2,Jackson Heights,789.0,299.0,2018,2,17,4,0,1
1047918,168,2018-02-17 08:00:00,2,Jackson Heights,3155.0,710.0,2018,2,17,8,0,1
1048374,168,2018-02-17 12:00:00,2,Jackson Heights,3177.0,1138.0,2018,2,17,12,0,1
1048833,168,2018-02-17 16:00:00,2,Jackson Heights,2924.0,1753.0,2018,2,17,16,0,1
1049286,168,2018-02-17 20:00:00,2,Jackson Heights,1516.0,1352.0,2018,2,17,20,0,1
1049745,168,2018-02-18 00:00:00,2,Jackson Heights,335.0,878.0,2018,2,18,0,0,1
1050198,168,2018-02-18 04:00:00,2,Jackson Heights,386.0,229.0,2018,2,18,4,0,1
1050658,168,2018-02-18 08:00:00,2,Jackson Heights,2085.0,359.0,2018,2,18,8,0,1
1051119,168,2018-02-18 12:00:00,2,Jackson Heights,2601.0,812.0,2018,2,18,12,0,1
1051580,168,2018-02-18 16:00:00,2,Jackson Heights,2489.0,1321.0,2018,2,18,16,0,1
1052038,168,2018-02-18 20:00:00,2,Jackson Heights,1234.0,1202.0,2018,2,18,20,0,1
1052494,168,2018-02-19 00:00:00,2,Jackson Heights,118.0,708.0,2018,2,19,0,1,1
1052949,168,2018-02-19 04:00:00,2,Jackson Heights,1448.0,166.0,2018,2,19,4,1,1
1053402,168,2018-02-19 08:00:00,2,Jackson Heights,3835.0,615.0,2018,2,19,8,1,1
1053861,168,2018-02-19 12:00:00,2,Jackson Heights,2965.0,986.0,2018,2,19,12,1,1
1054315,168,2018-02-19 16:00:00,2,Jackson Heights,2897.0,2014.0,2018,2,19,16,1,1
1054770,168,2018-02-19 20:00:00,2,Jackson Heights,1627.0,1737.0,2018,2,19,20,1,1
1055221,168,2018-02-20 00:00:00,2,Jackson Heights,128.0,765.0,2018,2,20,0,0,1
1055658,168,2018-02-20 04:00:00,2,Jackson Heights,1938.0,179.0,2018,2,20,4,0,1
1056112,168,2018-02-20 08:00:00,2,Jackson Heights,5686.0,725.0,2018,2,20,8,0,1
1056579,168,2018-02-20 12:00:00,2,Jackson Heights,3499.0,1041.0,2018,2,20,12,0,1
1057046,168,2018-02-20 16:00:00,2,Jackson Heights,3080.0,2556.0,2018,2,20,16,0,1
1057513,168,2018-02-20 20:00:00,2,Jackson Heights,1816.0,2336.0,2018,2,20,20,0,1
1057973,168,2018-02-21 00:00:00,2,Jackson Heights,160.0,1080.0,2018,2,21,0,0,1
1058417,168,2018-02-21 04:00:00,2,Jackson Heights,1923.0,231.0,2018,2,21,4,0,1
1058873,168,2018-02-21 08:00:00,2,Jackson Heights,5604.0,708.0,2018,2,21,8,0,1
1059340,168,2018-02-21 12:00:00,2,Jackson Heights,3582.0,1051.0,2018,2,21,12,0,1
1059807,168,2018-02-21 16:00:00,2,Jackson Heights,3162.0,2639.0,2018,2,21,16,0,1
1060274,168,2018-02-21 20:00:00,2,Jackson Heights,1783.0,2295.0,2018,2,21,20,0,1
1060735,168,2018-02-22 00:00:00,2,Jackson Heights,166.0,1131.0,2018,2,22,0,0,1
1061182,168,2018-02-22 04:00:00,2,Jackson Heights,1882.0,238.0,2018,2,22,4,0,1
1061636,168,2018-02-22 08:00:00,2,Jackson Heights,5604.0,798.0,2018,2,22,8,0,1
1062103,168,2018-02-22 12:00:00,2,Jackson Heights,3385.0,1008.0,2018,2,22,12,0,1
1062570,168,2018-02-22 16:00:00,2,Jackson Heights,2899.0,2655.0,2018,2,22,16,0,1
1063037,168,2018-02-22 20:00:00,2,Jackson Heights,1710.0,2250.0,2018,2,22,20,0,1
1063497,168,2018-02-23 00:00:00,2,Jackson Heights,178.0,1111.0,2018,2,23,0,0,1
1063944,168,2018-02-23 04:00:00,2,Jackson Heights,1898.0,284.0,2018,2,23,4,0,1
1064399,168,2018-02-23 08:00:00,2,Jackson Heights,5438.0,710.0,2018,2,23,8,0,1
1064866,168,2018-02-23 12:00:00,2,Jackson Heights,3372.0,998.0,2018,2,23,12,0,1
1065333,168,2018-02-23 16:00:00,2,Jackson Heights,3074.0,2526.0,2018,2,23,16,0,1
1065800,168,2018-02-23 20:00:00,2,Jackson Heights,1850.0,2164.0,2018,2,23,20,0,1
1066267,168,2018-02-24 00:00:00,2,Jackson Heights,536.0,962.0,2018,2,24,0,0,1
1066726,168,2018-02-24 04:00:00,2,Jackson Heights,505.0,171.0,2018,2,24,4,0,1
1067172,168,2018-02-24 08:00:00,2,Jackson Heights,2900.0,691.0,2018,2,24,8,0,1
1067618,168,2018-02-24 12:00:00,2,Jackson Heights,2644.0,1262.0,2018,2,24,12,0,1
1068078,168,2018-02-24 16:00:00,2,Jackson Heights,2237.0,1775.0,2018,2,24,16,0,1
1068527,168,2018-02-24 20:00:00,2,Jackson Heights,1254.0,1648.0,2018,2,24,20,0,1
1068984,168,2018-02-25 00:00:00,2,Jackson Heights,280.0,869.0,2018,2,25,0,0,1
1069435,168,2018-02-25 04:00:00,2,Jackson Heights,357.0,213.0,2018,2,25,4,0,1
1069895,168,2018-02-25 08:00:00,2,Jackson Heights,1740.0,374.0,2018,2,25,8,0,1
1070346,168,2018-02-25 12:00:00,2,Jackson Heights,2006.0,829.0,2018,2,25,12,0,1
1070802,168,2018-02-25 16:00:00,2,Jackson Heights,1714.0,1410.0,2018,2,25,16,0,1
1071253,168,2018-02-25 20:00:00,2,Jackson Heights,990.0,1361.0,2018,2,25,20,0,1
1071701,168,2018-02-26 00:00:00,2,Jackson Heights,50.0,524.0,2018,2,26,0,0,1
1072127,168,2018-02-26 04:00:00,2,Jackson Heights,1929.0,131.0,2018,2,26,4,0,1
1072578,168,2018-02-26 08:00:00,2,Jackson Heights,6418.0,780.0,2018,2,26,8,0,1
1073045,168,2018-02-26 12:00:00,2,Jackson Heights,3407.0,1059.0,2018,2,26,12,0,1
1073512,168,2018-02-26 16:00:00,2,Jackson Heights,2938.0,2931.0,2018,2,26,16,0,1
1073979,168,2018-02-26 20:00:00,2,Jackson Heights,1779.0,2376.0,2018,2,26,20,0,1
1074434,168,2018-02-27 00:00:00,2,Jackson Heights,133.0,901.0,2018,2,27,0,0,1
1074864,168,2018-02-27 04:00:00,2,Jackson Heights,2037.0,210.0,2018,2,27,4,0,1
1075314,168,2018-02-27 08:00:00,2,Jackson Heights,6550.0,797.0,2018,2,27,8,0,1
1075781,168,2018-02-27 12:00:00,2,Jackson Heights,3467.0,1058.0,2018,2,27,12,0,1
1076248,168,2018-02-27 16:00:00,2,Jackson Heights,3037.0,2858.0,2018,2,27,16,0,1
1076715,168,2018-02-27 20:00:00,2,Jackson Heights,1780.0,2389.0,2018,2,27,20,0,1
1077173,168,2018-02-28 00:00:00,2,Jackson Heights,125.0,978.0,2018,2,28,0,0,1
1077602,168,2018-02-28 04:00:00,2,Jackson Heights,2058.0,204.0,2018,2,28,4,0,1
1078053,168,2018-02-28 08:00:00,2,Jackson Heights,6595.0,828.0,2018,2,28,8,0,1
1078520,168,2018-02-28 12:00:00,2,Jackson Heights,3378.0,992.0,2018,2,28,12,0,1
1078987,168,2018-02-28 16:00:00,2,Jackson Heights,3033.0,2834.0,2018,2,28,16,0,1
1079454,168,2018-02-28 20:00:00,2,Jackson Heights,1781.0,2587.0,2018,2,28,20,0,1
1079909,168,2018-03-01 00:00:00,2,Jackson Heights,119.0,1084.0,2018,3,1,0,0,1
1080344,168,2018-03-01 04:00:00,2,Jackson Heights,2012.0,224.0,2018,3,1,4,0,1
1080795,168,2018-03-01 08:00:00,2,Jackson Heights,6453.0,810.0,2018,3,1,8,0,1
1081262,168,2018-03-01 12:00:00,2,Jackson Heights,3546.0,913.0,2018,3,1,12,0,1
1081729,168,2018-03-01 16:00:00,2,Jackson Heights,2935.0,2879.0,2018,3,1,16,0,1
1082196,168,2018-03-01 20:00:00,2,Jackson Heights,1729.0,2464.0,2018,3,1,20,0,1
1082653,168,2018-03-02 00:00:00,2,Jackson Heights,163.0,989.0,2018,3,2,0,0,1
1083088,168,2018-03-02 04:00:00,2,Jackson Heights,1813.0,226.0,2018,3,2,4,0,1
1083540,168,2018-03-02 08:00:00,2,Jackson Heights,5927.0,716.0,2018,3,2,8,0,1
1084007,168,2018-03-02 12:00:00,2,Jackson Heights,3225.0,964.0,2018,3,2,12,0,1
1084474,168,2018-03-02 16:00:00,2,Jackson Heights,2670.0,2741.0,2018,3,2,16,0,1
1084939,168,2018-03-02 20:00:00,2,Jackson Heights,1553.0,2087.0,2018,3,2,20,0,1
1085405,168,2018-03-03 00:00:00,2,Jackson Heights,269.0,980.0,2018,3,3,0,0,1
1085870,168,2018-03-03 04:00:00,2,Jackson Heights,608.0,289.0,2018,3,3,4,0,1
1086332,168,2018-03-03 08:00:00,2,Jackson Heights,2473.0,366.0,2018,3,3,8,0,1
1086790,168,2018-03-03 12:00:00,2,Jackson Heights,2873.0,558.0,2018,3,3,12,0,1
1087253,168,2018-03-03 16:00:00,2,Jackson Heights,2340.0,779.0,2018,3,3,16,0,1
1087714,168,2018-03-03 20:00:00,2,Jackson Heights,1270.0,668.0,2018,3,3,20,0,1
1088175,168,2018-03-04 00:00:00,2,Jackson Heights,289.0,547.0,2018,3,4,0,0,1
1088635,168,2018-03-04 04:00:00,2,Jackson Heights,267.0,203.0,2018,3,4,4,0,1
1089094,168,2018-03-04 08:00:00,2,Jackson Heights,1613.0,260.0,2018,3,4,8,0,1
1089556,168,2018-03-04 12:00:00,2,Jackson Heights,1926.0,417.0,2018,3,4,12,0,1
1090015,168,2018-03-04 16:00:00,2,Jackson Heights,1621.0,554.0,2018,3,4,16,0,1
1090477,168,2018-03-04 20:00:00,2,Jackson Heights,935.0,564.0,2018,3,4,20,0,1
1090930,168,2018-03-05 00:00:00,2,Jackson Heights,82.0,484.0,2018,3,5,0,0,1
1091363,168,2018-03-05 04:00:00,2,Jackson Heights,1942.0,154.0,2018,3,5,4,0,1
1091809,168,2018-03-05 08:00:00,2,Jackson Heights,6482.0,816.0,2018,3,5,8,0,1
1092276,168,2018-03-05 12:00:00,2,Jackson Heights,3444.0,1011.0,2018,3,5,12,0,1
1092743,168,2018-03-05 16:00:00,2,Jackson Heights,2942.0,3007.0,2018,3,5,16,0,1
1093210,168,2018-03-05 20:00:00,2,Jackson Heights,1704.0,2392.0,2018,3,5,20,0,1
1093666,168,2018-03-06 00:00:00,2,Jackson Heights,106.0,873.0,2018,3,6,0,0,1
1094096,168,2018-03-06 04:00:00,2,Jackson Heights,2095.0,223.0,2018,3,6,4,0,1
1094547,168,2018-03-06 08:00:00,2,Jackson Heights,6600.0,769.0,2018,3,6,8,0,1
1095014,168,2018-03-06 12:00:00,2,Jackson Heights,3453.0,935.0,2018,3,6,12,0,1
1095481,168,2018-03-06 16:00:00,2,Jackson Heights,2962.0,2957.0,2018,3,6,16,0,1
1095948,168,2018-03-06 20:00:00,2,Jackson Heights,1783.0,2400.0,2018,3,6,20,0,1
1096409,168,2018-03-07 00:00:00,2,Jackson Heights,176.0,969.0,2018,3,7,0,0,1
1096850,168,2018-03-07 04:00:00,2,Jackson Heights,1643.0,197.0,2018,3,7,4,0,1
1097306,168,2018-03-07 08:00:00,2,Jackson Heights,5822.0,628.0,2018,3,7,8,0,1
1097773,168,2018-03-07 12:00:00,2,Jackson Heights,2991.0,1124.0,2018,3,7,12,0,1
1098240,168,2018-03-07 16:00:00,2,Jackson Heights,1904.0,2503.0,2018,3,7,16,0,1
1098707,168,2018-03-07 20:00:00,2,Jackson Heights,990.0,1552.0,2018,3,7,20,0,1
1099157,168,2018-03-08 00:00:00,2,Jackson Heights,38.0,406.0,2018,3,8,0,0,1
1099591,168,2018-03-08 04:00:00,2,Jackson Heights,1679.0,175.0,2018,3,8,4,0,1
1100039,168,2018-03-08 08:00:00,2,Jackson Heights,6556.0,790.0,2018,3,8,8,0,1
1100506,168,2018-03-08 12:00:00,2,Jackson Heights,3530.0,961.0,2018,3,8,12,0,1
1100973,168,2018-03-08 16:00:00,2,Jackson Heights,3077.0,2701.0,2018,3,8,16,0,1
1101440,168,2018-03-08 20:00:00,2,Jackson Heights,1756.0,2327.0,2018,3,8,20,0,1
1101897,168,2018-03-09 00:00:00,2,Jackson Heights,131.0,935.0,2018,3,9,0,0,1
1102337,168,2018-03-09 04:00:00,2,Jackson Heights,2001.0,220.0,2018,3,9,4,0,1
1102795,168,2018-03-09 08:00:00,2,Jackson Heights,6343.0,743.0,2018,3,9,8,0,1
1103262,168,2018-03-09 12:00:00,2,Jackson Heights,3533.0,1147.0,2018,3,9,12,0,1
1103729,168,2018-03-09 16:00:00,2,Jackson Heights,3069.0,2678.0,2018,3,9,16,0,1
1104196,168,2018-03-09 20:00:00,2,Jackson Heights,1989.0,2244.0,2018,3,9,20,0,1
1104662,168,2018-03-10 00:00:00,2,Jackson Heights,377.0,1028.0,2018,3,10,0,0,1
1105128,168,2018-03-10 04:00:00,2,Jackson Heights,640.0,256.0,2018,3,10,4,0,1
1105595,168,2018-03-10 08:00:00,2,Jackson Heights,2838.0,384.0,2018,3,10,8,0,1
1106062,168,2018-03-10 12:00:00,2,Jackson Heights,2540.0,487.0,2018,3,10,12,0,1
1106529,168,2018-03-10 16:00:00,2,Jackson Heights,2126.0,768.0,2018,3,10,16,0,1
1106996,168,2018-03-10 20:00:00,2,Jackson Heights,1237.0,714.0,2018,3,10,20,0,1
1107462,168,2018-03-11 00:00:00,2,Jackson Heights,244.0,480.0,2018,3,11,0,0,1
1107928,168,2018-03-11 04:00:00,2,Jackson Heights,305.0,234.0,2018,3,11,4,0,1
1108394,168,2018-03-11 08:00:00,2,Jackson Heights,1273.0,198.0,2018,3,11,8,0,1
1108857,168,2018-03-11 12:00:00,2,Jackson Heights,1891.0,381.0,2018,3,11,12,0,1
1109323,168,2018-03-11 16:00:00,2,Jackson Heights,1581.0,541.0,2018,3,11,16,0,1
1109785,168,2018-03-11 20:00:00,2,Jackson Heights,996.0,695.0,2018,3,11,20,0,1
1110238,168,2018-03-12 00:00:00,2,Jackson Heights,19.0,108.0,2018,3,12,0,0,1
1110690,168,2018-03-12 04:00:00,2,Jackson Heights,2714.0,238.0,2018,3,12,4,0,1
1111154,168,2018-03-12 08:00:00,2,Jackson Heights,5622.0,620.0,2018,3,12,8,0,1
1111621,168,2018-03-12 12:00:00,2,Jackson Heights,3623.0,1225.0,2018,3,12,12,0,1
1112087,168,2018-03-12 16:00:00,2,Jackson Heights,2799.0,2440.0,2018,3,12,16,0,1
1112554,168,2018-03-12 20:00:00,2,Jackson Heights,1967.0,2471.0,2018,3,12,20,0,1
1113011,168,2018-03-13 00:00:00,2,Jackson Heights,37.0,364.0,2018,3,13,0,0,1
1113463,168,2018-03-13 04:00:00,2,Jackson Heights,2705.0,204.0,2018,3,13,4,0,1
1113929,168,2018-03-13 08:00:00,2,Jackson Heights,5362.0,602.0,2018,3,13,8,0,1
1114396,168,2018-03-13 12:00:00,2,Jackson Heights,3373.0,1103.0,2018,3,13,12,0,1
1114863,168,2018-03-13 16:00:00,2,Jackson Heights,2656.0,2430.0,2018,3,13,16,0,1
1115330,168,2018-03-13 20:00:00,2,Jackson Heights,1851.0,2550.0,2018,3,13,20,0,1
1115780,168,2018-03-14 00:00:00,2,Jackson Heights,14.0,219.0,2018,3,14,0,0,1
1116233,168,2018-03-14 04:00:00,2,Jackson Heights,2897.0,272.0,2018,3,14,4,0,1
1116699,168,2018-03-14 08:00:00,2,Jackson Heights,5760.0,612.0,2018,3,14,8,0,1
1117166,168,2018-03-14 12:00:00,2,Jackson Heights,3622.0,1132.0,2018,3,14,12,0,1
1117633,168,2018-03-14 16:00:00,2,Jackson Heights,2891.0,2480.0,2018,3,14,16,0,1
1118099,168,2018-03-14 20:00:00,2,Jackson Heights,1974.0,2573.0,2018,3,14,20,0,1
1118545,168,2018-03-15 00:00:00,2,Jackson Heights,11.0,343.0,2018,3,15,0,0,1
1118997,168,2018-03-15 04:00:00,2,Jackson Heights,2873.0,259.0,2018,3,15,4,0,1
1119462,168,2018-03-15 08:00:00,2,Jackson Heights,5816.0,610.0,2018,3,15,8,0,1
1119928,168,2018-03-15 12:00:00,2,Jackson Heights,3617.0,1153.0,2018,3,15,12,0,1
1120395,168,2018-03-15 16:00:00,2,Jackson Heights,2598.0,2430.0,2018,3,15,16,0,1
1120861,168,2018-03-15 20:00:00,2,Jackson Heights,1883.0,2607.0,2018,3,15,20,0,1
1121311,168,2018-03-16 00:00:00,2,Jackson Heights,59.0,689.0,2018,3,16,0,0,1
1121766,168,2018-03-16 04:00:00,2,Jackson Heights,2432.0,253.0,2018,3,16,4,0,1
1122232,168,2018-03-16 08:00:00,2,Jackson Heights,5232.0,952.0,2018,3,16,8,0,1
1122698,168,2018-03-16 12:00:00,2,Jackson Heights,3055.0,1470.0,2018,3,16,12,0,1
1123165,168,2018-03-16 16:00:00,2,Jackson Heights,2860.0,2354.0,2018,3,16,16,0,1
1123631,168,2018-03-16 20:00:00,2,Jackson Heights,2093.0,2481.0,2018,3,16,20,0,1
1124097,168,2018-03-17 00:00:00,2,Jackson Heights,370.0,1005.0,2018,3,17,0,0,1
1124558,168,2018-03-17 04:00:00,2,Jackson Heights,924.0,326.0,2018,3,17,4,0,1
1125019,168,2018-03-17 08:00:00,2,Jackson Heights,2909.0,538.0,2018,3,17,8,0,1
1125478,168,2018-03-17 12:00:00,2,Jackson Heights,3343.0,1129.0,2018,3,17,12,0,1
1125940,168,2018-03-17 16:00:00,2,Jackson Heights,2663.0,1647.0,2018,3,17,16,0,1
1126398,168,2018-03-17 20:00:00,2,Jackson Heights,1631.0,1599.0,2018,3,17,20,0,1
1126859,168,2018-03-18 00:00:00,2,Jackson Heights,444.0,857.0,2018,3,18,0,0,1
1127317,168,2018-03-18 04:00:00,2,Jackson Heights,484.0,301.0,2018,3,18,4,0,1
1127781,168,2018-03-18 08:00:00,2,Jackson Heights,1944.0,362.0,2018,3,18,8,0,1
1128233,168,2018-03-18 12:00:00,2,Jackson Heights,2768.0,810.0,2018,3,18,12,0,1
1128696,168,2018-03-18 16:00:00,2,Jackson Heights,2261.0,1312.0,2018,3,18,16,0,1
1129150,168,2018-03-18 20:00:00,2,Jackson Heights,1358.0,1362.0,2018,3,18,20,0,1
1129602,168,2018-03-19 00:00:00,2,Jackson Heights,24.0,254.0,2018,3,19,0,0,1
1130046,168,2018-03-19 04:00:00,2,Jackson Heights,2430.0,206.0,2018,3,19,4,0,1
1130511,168,2018-03-19 08:00:00,2,Jackson Heights,5795.0,730.0,2018,3,19,8,0,1
1130977,168,2018-03-19 12:00:00,2,Jackson Heights,3620.0,1384.0,2018,3,19,12,0,1
1131443,168,2018-03-19 16:00:00,2,Jackson Heights,2820.0,2833.0,2018,3,19,16,0,1
1131909,168,2018-03-19 20:00:00,2,Jackson Heights,2043.0,2980.0,2018,3,19,20,0,1
1132361,168,2018-03-20 00:00:00,2,Jackson Heights,19.0,316.0,2018,3,20,0,0,1
1132808,168,2018-03-20 04:00:00,2,Jackson Heights,2945.0,389.0,2018,3,20,4,0,1
1133272,168,2018-03-20 08:00:00,2,Jackson Heights,5852.0,848.0,2018,3,20,8,0,1
1133739,168,2018-03-20 12:00:00,2,Jackson Heights,3667.0,1532.0,2018,3,20,12,0,1
1134206,168,2018-03-20 16:00:00,2,Jackson Heights,2768.0,2741.0,2018,3,20,16,0,1
1134672,168,2018-03-20 20:00:00,2,Jackson Heights,1844.0,2916.0,2018,3,20,20,0,1
1135130,168,2018-03-21 00:00:00,2,Jackson Heights,86.0,1060.0,2018,3,21,0,0,1
1135592,168,2018-03-21 04:00:00,2,Jackson Heights,2014.0,322.0,2018,3,21,4,0,1
1136059,168,2018-03-21 08:00:00,2,Jackson Heights,3771.0,659.0,2018,3,21,8,0,1
1136525,168,2018-03-21 12:00:00,2,Jackson Heights,2311.0,1265.0,2018,3,21,12,0,1
1136992,168,2018-03-21 16:00:00,2,Jackson Heights,1584.0,1761.0,2018,3,21,16,0,1
1137458,168,2018-03-21 20:00:00,2,Jackson Heights,994.0,1538.0,2018,3,21,20,0,1
1138351,168,2018-03-22 04:00:00,2,Jackson Heights,2702.0,233.0,2018,3,22,4,0,1
1138816,168,2018-03-22 08:00:00,2,Jackson Heights,5596.0,617.0,2018,3,22,8,0,1
1139282,168,2018-03-22 12:00:00,2,Jackson Heights,3673.0,1127.0,2018,3,22,12,0,1
1139748,168,2018-03-22 16:00:00,2,Jackson Heights,2664.0,2340.0,2018,3,22,16,0,1
1140214,168,2018-03-22 20:00:00,2,Jackson Heights,1910.0,2528.0,2018,3,22,20,0,1
1140668,168,2018-03-23 00:00:00,2,Jackson Heights,117.0,730.0,2018,3,23,0,0,1
1141120,168,2018-03-23 04:00:00,2,Jackson Heights,2803.0,309.0,2018,3,23,4,0,1
1141585,168,2018-03-23 08:00:00,2,Jackson Heights,5667.0,628.0,2018,3,23,8,0,1
1142051,168,2018-03-23 12:00:00,2,Jackson Heights,3555.0,1136.0,2018,3,23,12,0,1
1142517,168,2018-03-23 16:00:00,2,Jackson Heights,2854.0,2302.0,2018,3,23,16,0,1
1142984,168,2018-03-23 20:00:00,2,Jackson Heights,2138.0,2422.0,2018,3,23,20,0,1
1143449,168,2018-03-24 00:00:00,2,Jackson Heights,334.0,951.0,2018,3,24,0,0,1
1143907,168,2018-03-24 04:00:00,2,Jackson Heights,1015.0,308.0,2018,3,24,4,0,1
1144360,168,2018-03-24 08:00:00,2,Jackson Heights,3039.0,589.0,2018,3,24,8,0,1
1144817,168,2018-03-24 12:00:00,2,Jackson Heights,3425.0,1232.0,2018,3,24,12,0,1
1145271,168,2018-03-24 16:00:00,2,Jackson Heights,2746.0,1670.0,2018,3,24,16,0,1
1145724,168,2018-03-24 20:00:00,2,Jackson Heights,1680.0,1547.0,2018,3,24,20,0,1
1146179,168,2018-03-25 00:00:00,2,Jackson Heights,422.0,844.0,2018,3,25,0,0,1
1146634,168,2018-03-25 04:00:00,2,Jackson Heights,482.0,283.0,2018,3,25,4,0,1
1147091,168,2018-03-25 08:00:00,2,Jackson Heights,2026.0,460.0,2018,3,25,8,0,1
1147540,168,2018-03-25 12:00:00,2,Jackson Heights,2832.0,928.0,2018,3,25,12,0,1
1147995,168,2018-03-25 16:00:00,2,Jackson Heights,2211.0,1248.0,2018,3,25,16,0,1
1148443,168,2018-03-25 20:00:00,2,Jackson Heights,1246.0,1338.0,2018,3,25,20,0,1
1148891,168,2018-03-26 00:00:00,2,Jackson Heights,11.0,234.0,2018,3,26,0,0,1
1149331,168,2018-03-26 04:00:00,2,Jackson Heights,2883.0,207.0,2018,3,26,4,0,1
1149795,168,2018-03-26 08:00:00,2,Jackson Heights,5804.0,632.0,2018,3,26,8,0,1
1150262,168,2018-03-26 12:00:00,2,Jackson Heights,3578.0,1199.0,2018,3,26,12,0,1
1150728,168,2018-03-26 16:00:00,2,Jackson Heights,2772.0,2436.0,2018,3,26,16,0,1
1151195,168,2018-03-26 20:00:00,2,Jackson Heights,2038.0,2589.0,2018,3,26,20,0,1
1151648,168,2018-03-27 00:00:00,2,Jackson Heights,24.0,368.0,2018,3,27,0,0,1
1152097,168,2018-03-27 04:00:00,2,Jackson Heights,2498.0,220.0,2018,3,27,4,0,1
1152563,168,2018-03-27 08:00:00,2,Jackson Heights,5880.0,630.0,2018,3,27,8,0,1
1153030,168,2018-03-27 12:00:00,2,Jackson Heights,3614.0,1133.0,2018,3,27,12,0,1
1153497,168,2018-03-27 16:00:00,2,Jackson Heights,2782.0,2572.0,2018,3,27,16,0,1
1153963,168,2018-03-27 20:00:00,2,Jackson Heights,1913.0,2647.0,2018,3,27,20,0,1
1154416,168,2018-03-28 00:00:00,2,Jackson Heights,1.0,208.0,2018,3,28,0,0,1
1154865,168,2018-03-28 04:00:00,2,Jackson Heights,2935.0,294.0,2018,3,28,4,0,1
1155331,168,2018-03-28 08:00:00,2,Jackson Heights,5917.0,653.0,2018,3,28,8,0,1
1155798,168,2018-03-28 12:00:00,2,Jackson Heights,3722.0,1229.0,2018,3,28,12,0,1
1156265,168,2018-03-28 16:00:00,2,Jackson Heights,2766.0,2419.0,2018,3,28,16,0,1
1156732,168,2018-03-28 20:00:00,2,Jackson Heights,1908.0,2598.0,2018,3,28,20,0,1
1157186,168,2018-03-29 00:00:00,2,Jackson Heights,24.0,640.0,2018,3,29,0,0,1
1157641,168,2018-03-29 04:00:00,2,Jackson Heights,2412.0,256.0,2018,3,29,4,0,1
1158107,168,2018-03-29 08:00:00,2,Jackson Heights,5772.0,637.0,2018,3,29,8,0,1
1158574,168,2018-03-29 12:00:00,2,Jackson Heights,3560.0,1117.0,2018,3,29,12,0,1
1159041,168,2018-03-29 16:00:00,2,Jackson Heights,2700.0,2390.0,2018,3,29,16,0,1
1159508,168,2018-03-29 20:00:00,2,Jackson Heights,2010.0,2581.0,2018,3,29,20,0,1
1159972,168,2018-03-30 00:00:00,2,Jackson Heights,241.0,827.0,2018,3,30,0,0,1
1160437,168,2018-03-30 04:00:00,2,Jackson Heights,1481.0,270.0,2018,3,30,4,0,1
1160902,168,2018-03-30 08:00:00,2,Jackson Heights,4108.0,577.0,2018,3,30,8,0,1
1161369,168,2018-03-30 12:00:00,2,Jackson Heights,3395.0,1073.0,2018,3,30,12,0,1
1161836,168,2018-03-30 16:00:00,2,Jackson Heights,2774.0,1919.0,2018,3,30,16,0,1
1162303,168,2018-03-30 20:00:00,2,Jackson Heights,1783.0,2125.0,2018,3,30,20,0,1
1162770,168,2018-03-31 00:00:00,2,Jackson Heights,318.0,874.0,2018,3,31,0,0,1
1163231,168,2018-03-31 04:00:00,2,Jackson Heights,937.0,287.0,2018,3,31,4,0,1
1163692,168,2018-03-31 08:00:00,2,Jackson Heights,2864.0,563.0,2018,3,31,8,0,1
1164156,168,2018-03-31 12:00:00,2,Jackson Heights,3363.0,1063.0,2018,3,31,12,0,1
1164616,168,2018-03-31 16:00:00,2,Jackson Heights,2785.0,1622.0,2018,3,31,16,0,1
1165080,168,2018-03-31 20:00:00,2,Jackson Heights,1672.0,1653.0,2018,3,31,20,0,1
1165539,168,2018-04-01 00:00:00,2,Jackson Heights,422.0,827.0,2018,4,1,0,0,1
1166005,168,2018-04-01 04:00:00,2,Jackson Heights,424.0,262.0,2018,4,1,4,0,1
1166468,168,2018-04-01 08:00:00,2,Jackson Heights,1875.0,360.0,2018,4,1,8,0,1
1166929,168,2018-04-01 12:00:00,2,Jackson Heights,2878.0,870.0,2018,4,1,12,0,1
1167393,168,2018-04-01 16:00:00,2,Jackson Heights,2333.0,1476.0,2018,4,1,16,0,1
1167855,168,2018-04-01 20:00:00,2,Jackson Heights,1320.0,1452.0,2018,4,1,20,0,1
1168311,168,2018-04-02 00:00:00,2,Jackson Heights,125.0,569.0,2018,4,2,0,0,1
1168767,168,2018-04-02 04:00:00,2,Jackson Heights,1706.0,150.0,2018,4,2,4,0,1
1169234,168,2018-04-02 08:00:00,2,Jackson Heights,4392.0,664.0,2018,4,2,8,0,1
1169701,168,2018-04-02 12:00:00,2,Jackson Heights,3335.0,1083.0,2018,4,2,12,0,1
1170168,168,2018-04-02 16:00:00,2,Jackson Heights,2720.0,2010.0,2018,4,2,16,0,1
1170635,168,2018-04-02 20:00:00,2,Jackson Heights,1864.0,2154.0,2018,4,2,20,0,1
1171096,168,2018-04-03 00:00:00,2,Jackson Heights,92.0,629.0,2018,4,3,0,0,1
1171551,168,2018-04-03 04:00:00,2,Jackson Heights,2247.0,202.0,2018,4,3,4,0,1
1172017,168,2018-04-03 08:00:00,2,Jackson Heights,4909.0,646.0,2018,4,3,8,0,1
1172484,168,2018-04-03 12:00:00,2,Jackson Heights,3555.0,1143.0,2018,4,3,12,0,1
1172951,168,2018-04-03 16:00:00,2,Jackson Heights,2738.0,2184.0,2018,4,3,16,0,1
1173418,168,2018-04-03 20:00:00,2,Jackson Heights,1847.0,2313.0,2018,4,3,20,0,1
1173880,168,2018-04-04 00:00:00,2,Jackson Heights,79.0,718.0,2018,4,4,0,0,1
1174339,168,2018-04-04 04:00:00,2,Jackson Heights,2215.0,223.0,2018,4,4,4,0,1
1174805,168,2018-04-04 08:00:00,2,Jackson Heights,4847.0,650.0,2018,4,4,8,0,1
1175272,168,2018-04-04 12:00:00,2,Jackson Heights,3618.0,1110.0,2018,4,4,12,0,1
1175739,168,2018-04-04 16:00:00,2,Jackson Heights,2837.0,2208.0,2018,4,4,16,0,1
1176206,168,2018-04-04 20:00:00,2,Jackson Heights,1982.0,2371.0,2018,4,4,20,0,1
1176667,168,2018-04-05 00:00:00,2,Jackson Heights,119.0,817.0,2018,4,5,0,0,1
1177126,168,2018-04-05 04:00:00,2,Jackson Heights,2357.0,267.0,2018,4,5,4,0,1
1177591,168,2018-04-05 08:00:00,2,Jackson Heights,5055.0,644.0,2018,4,5,8,0,1
1178058,168,2018-04-05 12:00:00,2,Jackson Heights,3627.0,1056.0,2018,4,5,12,0,1
1178525,168,2018-04-05 16:00:00,2,Jackson Heights,2859.0,2191.0,2018,4,5,16,0,1
1178992,168,2018-04-05 20:00:00,2,Jackson Heights,2079.0,2428.0,2018,4,5,20,0,1
1179455,168,2018-04-06 00:00:00,2,Jackson Heights,261.0,709.0,2018,4,6,0,0,1
1179915,168,2018-04-06 04:00:00,2,Jackson Heights,1920.0,271.0,2018,4,6,4,0,1
1180381,168,2018-04-06 08:00:00,2,Jackson Heights,4733.0,617.0,2018,4,6,8,0,1
1180849,168,2018-04-06 12:00:00,2,Jackson Heights,3539.0,1063.0,2018,4,6,12,0,1
1181316,168,2018-04-06 16:00:00,2,Jackson Heights,2961.0,2044.0,2018,4,6,16,0,1
1181783,168,2018-04-06 20:00:00,2,Jackson Heights,2103.0,2312.0,2018,4,6,20,0,1
1182251,168,2018-04-07 00:00:00,2,Jackson Heights,383.0,987.0,2018,4,7,0,0,1
1182717,168,2018-04-07 04:00:00,2,Jackson Heights,925.0,283.0,2018,4,7,4,0,1
1183178,168,2018-04-07 08:00:00,2,Jackson Heights,2834.0,486.0,2018,4,7,8,0,1
1183643,168,2018-04-07 12:00:00,2,Jackson Heights,3116.0,1013.0,2018,4,7,12,0,1
1184100,168,2018-04-07 16:00:00,2,Jackson Heights,2634.0,1400.0,2018,4,7,16,0,1
1184566,168,2018-04-07 20:00:00,2,Jackson Heights,1619.0,1353.0,2018,4,7,20,0,1
1185021,168,2018-04-08 00:00:00,2,Jackson Heights,393.0,769.0,2018,4,8,0,0,1
1185485,168,2018-04-08 04:00:00,2,Jackson Heights,507.0,269.0,2018,4,8,4,0,1
1185947,168,2018-04-08 08:00:00,2,Jackson Heights,1945.0,391.0,2018,4,8,8,0,1
1186401,168,2018-04-08 12:00:00,2,Jackson Heights,2667.0,813.0,2018,4,8,12,0,1
1186863,168,2018-04-08 16:00:00,2,Jackson Heights,2186.0,1258.0,2018,4,8,16,0,1
1187316,168,2018-04-08 20:00:00,2,Jackson Heights,1323.0,1254.0,2018,4,8,20,0,1
1187764,168,2018-04-09 00:00:00,2,Jackson Heights,9.0,140.0,2018,4,9,0,0,1
1188210,168,2018-04-09 04:00:00,2,Jackson Heights,2907.0,205.0,2018,4,9,4,0,1
1188678,168,2018-04-09 08:00:00,2,Jackson Heights,5782.0,611.0,2018,4,9,8,0,1
1189145,168,2018-04-09 12:00:00,2,Jackson Heights,3569.0,1195.0,2018,4,9,12,0,1
1189612,168,2018-04-09 16:00:00,2,Jackson Heights,2675.0,2453.0,2018,4,9,16,0,1
1190079,168,2018-04-09 20:00:00,2,Jackson Heights,1901.0,2520.0,2018,4,9,20,0,1
1190535,168,2018-04-10 00:00:00,2,Jackson Heights,27.0,367.0,2018,4,10,0,0,1
1190978,168,2018-04-10 04:00:00,2,Jackson Heights,2944.0,180.0,2018,4,10,4,0,1
1191444,168,2018-04-10 08:00:00,2,Jackson Heights,5791.0,619.0,2018,4,10,8,0,1
1191912,168,2018-04-10 12:00:00,2,Jackson Heights,3519.0,1153.0,2018,4,10,12,0,1
1192379,168,2018-04-10 16:00:00,2,Jackson Heights,2775.0,2473.0,2018,4,10,16,0,1
1192846,168,2018-04-10 20:00:00,2,Jackson Heights,1983.0,2528.0,2018,4,10,20,0,1
1193299,168,2018-04-11 00:00:00,2,Jackson Heights,29.0,314.0,2018,4,11,0,0,1
1193743,168,2018-04-11 04:00:00,2,Jackson Heights,2962.0,271.0,2018,4,11,4,0,1
1194208,168,2018-04-11 08:00:00,2,Jackson Heights,5806.0,607.0,2018,4,11,8,0,1
1194676,168,2018-04-11 12:00:00,2,Jackson Heights,3542.0,1116.0,2018,4,11,12,0,1
1195143,168,2018-04-11 16:00:00,2,Jackson Heights,2713.0,2389.0,2018,4,11,16,0,1
1195611,168,2018-04-11 20:00:00,2,Jackson Heights,1975.0,2593.0,2018,4,11,20,0,1
1196067,168,2018-04-12 00:00:00,2,Jackson Heights,50.0,627.0,2018,4,12,0,0,1
1196518,168,2018-04-12 04:00:00,2,Jackson Heights,2544.0,275.0,2018,4,12,4,0,1
1196983,168,2018-04-12 08:00:00,2,Jackson Heights,5850.0,651.0,2018,4,12,8,0,1
1197451,168,2018-04-12 12:00:00,2,Jackson Heights,3546.0,1032.0,2018,4,12,12,0,1
1197918,168,2018-04-12 16:00:00,2,Jackson Heights,2708.0,2266.0,2018,4,12,16,0,1
1198385,168,2018-04-12 20:00:00,2,Jackson Heights,2000.0,2525.0,2018,4,12,20,0,1
1198842,168,2018-04-13 00:00:00,2,Jackson Heights,89.0,880.0,2018,4,13,0,0,1
1199295,168,2018-04-13 04:00:00,2,Jackson Heights,2918.0,334.0,2018,4,13,4,0,1
1199761,168,2018-04-13 08:00:00,2,Jackson Heights,5747.0,645.0,2018,4,13,8,0,1
1200229,168,2018-04-13 12:00:00,2,Jackson Heights,3617.0,1098.0,2018,4,13,12,0,1
1200696,168,2018-04-13 16:00:00,2,Jackson Heights,3027.0,2265.0,2018,4,13,16,0,1
1201163,168,2018-04-13 20:00:00,2,Jackson Heights,2258.0,2453.0,2018,4,13,20,0,1
1201631,168,2018-04-14 00:00:00,2,Jackson Heights,394.0,1069.0,2018,4,14,0,0,1
1202094,168,2018-04-14 04:00:00,2,Jackson Heights,996.0,342.0,2018,4,14,4,0,1
1202552,168,2018-04-14 08:00:00,2,Jackson Heights,3159.0,593.0,2018,4,14,8,0,1
1203016,168,2018-04-14 12:00:00,2,Jackson Heights,3596.0,1178.0,2018,4,14,12,0,1
1203471,168,2018-04-14 16:00:00,2,Jackson Heights,3005.0,1810.0,2018,4,14,16,0,1
1203935,168,2018-04-14 20:00:00,2,Jackson Heights,1784.0,1866.0,2018,4,14,20,0,1
1204392,168,2018-04-15 00:00:00,2,Jackson Heights,450.0,946.0,2018,4,15,0,0,1
1204857,168,2018-04-15 04:00:00,2,Jackson Heights,524.0,265.0,2018,4,15,4,0,1
1205320,168,2018-04-15 08:00:00,2,Jackson Heights,2003.0,368.0,2018,4,15,8,0,1
1205771,168,2018-04-15 12:00:00,2,Jackson Heights,2820.0,874.0,2018,4,15,12,0,1
1206235,168,2018-04-15 16:00:00,2,Jackson Heights,2238.0,1381.0,2018,4,15,16,0,1
1206688,168,2018-04-15 20:00:00,2,Jackson Heights,1195.0,1275.0,2018,4,15,20,0,1
1207140,168,2018-04-16 00:00:00,2,Jackson Heights,7.0,183.0,2018,4,16,0,0,1
1207580,168,2018-04-16 04:00:00,2,Jackson Heights,2695.0,201.0,2018,4,16,4,0,1
1208047,168,2018-04-16 08:00:00,2,Jackson Heights,5214.0,634.0,2018,4,16,8,0,1
1208515,168,2018-04-16 12:00:00,2,Jackson Heights,3265.0,1140.0,2018,4,16,12,0,1
1208983,168,2018-04-16 16:00:00,2,Jackson Heights,2695.0,2388.0,2018,4,16,16,0,1
1209450,168,2018-04-16 20:00:00,2,Jackson Heights,1922.0,2495.0,2018,4,16,20,0,1
1209903,168,2018-04-17 00:00:00,2,Jackson Heights,42.0,302.0,2018,4,17,0,0,1
1210353,168,2018-04-17 04:00:00,2,Jackson Heights,2994.0,247.0,2018,4,17,4,0,1
1210821,168,2018-04-17 08:00:00,2,Jackson Heights,5900.0,601.0,2018,4,17,8,0,1
1211289,168,2018-04-17 12:00:00,2,Jackson Heights,3618.0,1179.0,2018,4,17,12,0,1
1211757,168,2018-04-17 16:00:00,2,Jackson Heights,2831.0,2516.0,2018,4,17,16,0,1
1212225,168,2018-04-17 20:00:00,2,Jackson Heights,2004.0,2530.0,2018,4,17,20,0,1
1212680,168,2018-04-18 00:00:00,2,Jackson Heights,17.0,381.0,2018,4,18,0,0,1
1213121,168,2018-04-18 04:00:00,2,Jackson Heights,3059.0,232.0,2018,4,18,4,0,1
1213588,168,2018-04-18 08:00:00,2,Jackson Heights,6037.0,657.0,2018,4,18,8,0,1
1214056,168,2018-04-18 12:00:00,2,Jackson Heights,3654.0,1210.0,2018,4,18,12,0,1
1214524,168,2018-04-18 16:00:00,2,Jackson Heights,2834.0,2410.0,2018,4,18,16,0,1
1214992,168,2018-04-18 20:00:00,2,Jackson Heights,2052.0,2579.0,2018,4,18,20,0,1
1215445,168,2018-04-19 00:00:00,2,Jackson Heights,37.0,374.0,2018,4,19,0,0,1
1215896,168,2018-04-19 04:00:00,2,Jackson Heights,2912.0,310.0,2018,4,19,4,0,1
1216363,168,2018-04-19 08:00:00,2,Jackson Heights,5878.0,646.0,2018,4,19,8,0,1
1216831,168,2018-04-19 12:00:00,2,Jackson Heights,3696.0,1153.0,2018,4,19,12,0,1
1217299,168,2018-04-19 16:00:00,2,Jackson Heights,2676.0,2353.0,2018,4,19,16,0,1
1217767,168,2018-04-19 20:00:00,2,Jackson Heights,1886.0,2469.0,2018,4,19,20,0,1
1218224,168,2018-04-20 00:00:00,2,Jackson Heights,28.0,501.0,2018,4,20,0,0,1
1218678,168,2018-04-20 04:00:00,2,Jackson Heights,2965.0,310.0,2018,4,20,4,0,1
1219146,168,2018-04-20 08:00:00,2,Jackson Heights,5755.0,668.0,2018,4,20,8,0,1
1219614,168,2018-04-20 12:00:00,2,Jackson Heights,3494.0,1127.0,2018,4,20,12,0,1
1220082,168,2018-04-20 16:00:00,2,Jackson Heights,2902.0,2370.0,2018,4,20,16,0,1
1220550,168,2018-04-20 20:00:00,2,Jackson Heights,2189.0,2537.0,2018,4,20,20,0,1
1221018,168,2018-04-21 00:00:00,2,Jackson Heights,375.0,940.0,2018,4,21,0,0,1
1221481,168,2018-04-21 04:00:00,2,Jackson Heights,1075.0,300.0,2018,4,21,4,0,1
1221942,168,2018-04-21 08:00:00,2,Jackson Heights,3135.0,587.0,2018,4,21,8,0,1
1222399,168,2018-04-21 12:00:00,2,Jackson Heights,3460.0,1127.0,2018,4,21,12,0,1
1222861,168,2018-04-21 16:00:00,2,Jackson Heights,2741.0,1542.0,2018,4,21,16,0,1
1223316,168,2018-04-21 20:00:00,2,Jackson Heights,1682.0,1487.0,2018,4,21,20,0,1
1223779,168,2018-04-22 00:00:00,2,Jackson Heights,445.0,806.0,2018,4,22,0,0,1
1224236,168,2018-04-22 04:00:00,2,Jackson Heights,528.0,280.0,2018,4,22,4,0,1
1224703,168,2018-04-22 08:00:00,2,Jackson Heights,1980.0,387.0,2018,4,22,8,0,1
1225156,168,2018-04-22 12:00:00,2,Jackson Heights,2885.0,887.0,2018,4,22,12,0,1
1225623,168,2018-04-22 16:00:00,2,Jackson Heights,2365.0,1413.0,2018,4,22,16,0,1
1226073,168,2018-04-22 20:00:00,2,Jackson Heights,1338.0,1358.0,2018,4,22,20,0,1
1226526,168,2018-04-23 00:00:00,2,Jackson Heights,9.0,167.0,2018,4,23,0,0,1
1226964,168,2018-04-23 04:00:00,2,Jackson Heights,2453.0,210.0,2018,4,23,4,0,1
1227431,168,2018-04-23 08:00:00,2,Jackson Heights,5864.0,685.0,2018,4,23,8,0,1
1227899,168,2018-04-23 12:00:00,2,Jackson Heights,3610.0,1185.0,2018,4,23,12,0,1
1228367,168,2018-04-23 16:00:00,2,Jackson Heights,2760.0,2377.0,2018,4,23,16,0,1
1228835,168,2018-04-23 20:00:00,2,Jackson Heights,2003.0,2561.0,2018,4,23,20,0,1
1229289,168,2018-04-24 00:00:00,2,Jackson Heights,39.0,396.0,2018,4,24,0,0,1
1229735,168,2018-04-24 04:00:00,2,Jackson Heights,2984.0,227.0,2018,4,24,4,0,1
1230202,168,2018-04-24 08:00:00,2,Jackson Heights,5808.0,621.0,2018,4,24,8,0,1
1230670,168,2018-04-24 12:00:00,2,Jackson Heights,3557.0,1088.0,2018,4,24,12,0,1
1231138,168,2018-04-24 16:00:00,2,Jackson Heights,2838.0,2332.0,2018,4,24,16,0,1
1231606,168,2018-04-24 20:00:00,2,Jackson Heights,1972.0,2502.0,2018,4,24,20,0,1
1232062,168,2018-04-25 00:00:00,2,Jackson Heights,19.0,596.0,2018,4,25,0,0,1
1232512,168,2018-04-25 04:00:00,2,Jackson Heights,2318.0,268.0,2018,4,25,4,0,1
1232979,168,2018-04-25 08:00:00,2,Jackson Heights,5657.0,550.0,2018,4,25,8,0,1
1233447,168,2018-04-25 12:00:00,2,Jackson Heights,3619.0,1027.0,2018,4,25,12,0,1
1233915,168,2018-04-25 16:00:00,2,Jackson Heights,2681.0,2291.0,2018,4,25,16,0,1
1234383,168,2018-04-25 20:00:00,2,Jackson Heights,1845.0,2378.0,2018,4,25,20,0,1
1234839,168,2018-04-26 00:00:00,2,Jackson Heights,11.0,519.0,2018,4,26,0,0,1
1235289,168,2018-04-26 04:00:00,2,Jackson Heights,3026.0,293.0,2018,4,26,4,0,1
1235756,168,2018-04-26 08:00:00,2,Jackson Heights,5902.0,611.0,2018,4,26,8,0,1
1236224,168,2018-04-26 12:00:00,2,Jackson Heights,3605.0,1107.0,2018,4,26,12,0,1
1236692,168,2018-04-26 16:00:00,2,Jackson Heights,2764.0,2384.0,2018,4,26,16,0,1
1237160,168,2018-04-26 20:00:00,2,Jackson Heights,2049.0,2593.0,2018,4,26,20,0,1
1237619,168,2018-04-27 00:00:00,2,Jackson Heights,150.0,508.0,2018,4,27,0,0,1
1238075,168,2018-04-27 04:00:00,2,Jackson Heights,2379.0,316.0,2018,4,27,4,0,1
1238541,168,2018-04-27 08:00:00,2,Jackson Heights,5690.0,666.0,2018,4,27,8,0,1
1239009,168,2018-04-27 12:00:00,2,Jackson Heights,3538.0,1141.0,2018,4,27,12,0,1
1239477,168,2018-04-27 16:00:00,2,Jackson Heights,2869.0,2350.0,2018,4,27,16,0,1
1239945,168,2018-04-27 20:00:00,2,Jackson Heights,2092.0,2445.0,2018,4,27,20,0,1
1240413,168,2018-04-28 00:00:00,2,Jackson Heights,308.0,975.0,2018,4,28,0,0,1
1240877,168,2018-04-28 04:00:00,2,Jackson Heights,1093.0,338.0,2018,4,28,4,0,1
1241336,168,2018-04-28 08:00:00,2,Jackson Heights,3041.0,533.0,2018,4,28,8,0,1
1241791,168,2018-04-28 12:00:00,2,Jackson Heights,3310.0,1148.0,2018,4,28,12,0,1
1242250,168,2018-04-28 16:00:00,2,Jackson Heights,2620.0,1570.0,2018,4,28,16,0,1
1242701,168,2018-04-28 20:00:00,2,Jackson Heights,1600.0,1518.0,2018,4,28,20,0,1
1243156,168,2018-04-29 00:00:00,2,Jackson Heights,471.0,858.0,2018,4,29,0,0,1
1243604,168,2018-04-29 04:00:00,2,Jackson Heights,505.0,287.0,2018,4,29,4,0,1
1244066,168,2018-04-29 08:00:00,2,Jackson Heights,2037.0,416.0,2018,4,29,8,0,1
1244510,168,2018-04-29 12:00:00,2,Jackson Heights,2839.0,888.0,2018,4,29,12,0,1
1244971,168,2018-04-29 16:00:00,2,Jackson Heights,2245.0,1357.0,2018,4,29,16,0,1
1245411,168,2018-04-29 20:00:00,2,Jackson Heights,1344.0,1299.0,2018,4,29,20,0,1
1245866,168,2018-04-30 00:00:00,2,Jackson Heights,22.0,233.0,2018,4,30,0,0,1
1246307,168,2018-04-30 04:00:00,2,Jackson Heights,2866.0,221.0,2018,4,30,4,0,1
1246774,168,2018-04-30 08:00:00,2,Jackson Heights,5780.0,720.0,2018,4,30,8,0,1
1247242,168,2018-04-30 12:00:00,2,Jackson Heights,3682.0,1284.0,2018,4,30,12,0,1
1247710,168,2018-04-30 16:00:00,2,Jackson Heights,2742.0,2476.0,2018,4,30,16,0,1
1248178,168,2018-04-30 20:00:00,2,Jackson Heights,1927.0,2544.0,2018,4,30,20,0,1
1248627,168,2018-05-01 00:00:00,2,Jackson Heights,26.0,579.0,2018,5,1,0,0,1
1249066,168,2018-05-01 04:00:00,2,Jackson Heights,3006.0,276.0,2018,5,1,4,0,1
1249533,168,2018-05-01 08:00:00,2,Jackson Heights,5992.0,665.0,2018,5,1,8,0,1
1250001,168,2018-05-01 12:00:00,2,Jackson Heights,3639.0,1103.0,2018,5,1,12,0,1
1250469,168,2018-05-01 16:00:00,2,Jackson Heights,2745.0,2418.0,2018,5,1,16,0,1
1250937,168,2018-05-01 20:00:00,2,Jackson Heights,2018.0,2640.0,2018,5,1,20,0,1
1251387,168,2018-05-02 00:00:00,2,Jackson Heights,34.0,683.0,2018,5,2,0,0,1
1251838,168,2018-05-02 04:00:00,2,Jackson Heights,2570.0,239.0,2018,5,2,4,0,1
1252305,168,2018-05-02 08:00:00,2,Jackson Heights,6020.0,696.0,2018,5,2,8,0,1
1252773,168,2018-05-02 12:00:00,2,Jackson Heights,3691.0,1170.0,2018,5,2,12,0,1
1253241,168,2018-05-02 16:00:00,2,Jackson Heights,2725.0,2321.0,2018,5,2,16,0,1
1253709,168,2018-05-02 20:00:00,2,Jackson Heights,2046.0,2635.0,2018,5,2,20,0,1
1254161,168,2018-05-03 00:00:00,2,Jackson Heights,49.0,648.0,2018,5,3,0,0,1
1254612,168,2018-05-03 04:00:00,2,Jackson Heights,2492.0,305.0,2018,5,3,4,0,1
1255079,168,2018-05-03 08:00:00,2,Jackson Heights,5926.0,690.0,2018,5,3,8,0,1
1255547,168,2018-05-03 12:00:00,2,Jackson Heights,3630.0,1191.0,2018,5,3,12,0,1
1256015,168,2018-05-03 16:00:00,2,Jackson Heights,2848.0,2476.0,2018,5,3,16,0,1
1256483,168,2018-05-03 20:00:00,2,Jackson Heights,2090.0,2557.0,2018,5,3,20,0,1
1256935,168,2018-05-04 00:00:00,2,Jackson Heights,94.0,455.0,2018,5,4,0,0,1
1257384,168,2018-05-04 04:00:00,2,Jackson Heights,2914.0,344.0,2018,5,4,4,0,1
1257850,168,2018-05-04 08:00:00,2,Jackson Heights,5798.0,640.0,2018,5,4,8,0,1
1258318,168,2018-05-04 12:00:00,2,Jackson Heights,3599.0,1106.0,2018,5,4,12,0,1
1258786,168,2018-05-04 16:00:00,2,Jackson Heights,2889.0,2301.0,2018,5,4,16,0,1
1259254,168,2018-05-04 20:00:00,2,Jackson Heights,2155.0,2477.0,2018,5,4,20,0,1
1259722,168,2018-05-05 00:00:00,2,Jackson Heights,348.0,1077.0,2018,5,5,0,0,1
1260188,168,2018-05-05 04:00:00,2,Jackson Heights,1103.0,375.0,2018,5,5,4,0,1
1260648,168,2018-05-05 08:00:00,2,Jackson Heights,3249.0,555.0,2018,5,5,8,0,1
1261110,168,2018-05-05 12:00:00,2,Jackson Heights,3480.0,1243.0,2018,5,5,12,0,1
1261570,168,2018-05-05 16:00:00,2,Jackson Heights,2716.0,1759.0,2018,5,5,16,0,1
1262033,168,2018-05-05 20:00:00,2,Jackson Heights,1700.0,1665.0,2018,5,5,20,0,1
1262489,168,2018-05-06 00:00:00,2,Jackson Heights,448.0,914.0,2018,5,6,0,0,1
1262952,168,2018-05-06 04:00:00,2,Jackson Heights,538.0,255.0,2018,5,6,4,0,1
1263411,168,2018-05-06 08:00:00,2,Jackson Heights,2153.0,427.0,2018,5,6,8,0,1
1263871,168,2018-05-06 12:00:00,2,Jackson Heights,2927.0,956.0,2018,5,6,12,0,1
1264329,168,2018-05-06 16:00:00,2,Jackson Heights,2197.0,1489.0,2018,5,6,16,0,1
1264788,168,2018-05-06 20:00:00,2,Jackson Heights,1273.0,1429.0,2018,5,6,20,0,1
1265242,168,2018-05-07 00:00:00,2,Jackson Heights,13.0,194.0,2018,5,7,0,0,1
1265691,168,2018-05-07 04:00:00,2,Jackson Heights,2874.0,362.0,2018,5,7,4,0,1
1266158,168,2018-05-07 08:00:00,2,Jackson Heights,5795.0,819.0,2018,5,7,8,0,1
1266626,168,2018-05-07 12:00:00,2,Jackson Heights,3478.0,1429.0,2018,5,7,12,0,1
1267094,168,2018-05-07 16:00:00,2,Jackson Heights,2675.0,2579.0,2018,5,7,16,0,1
1267562,168,2018-05-07 20:00:00,2,Jackson Heights,2043.0,2464.0,2018,5,7,20,0,1
1268018,168,2018-05-08 00:00:00,2,Jackson Heights,17.0,375.0,2018,5,8,0,0,1
1268463,168,2018-05-08 04:00:00,2,Jackson Heights,2500.0,230.0,2018,5,8,4,0,1
1268930,168,2018-05-08 08:00:00,2,Jackson Heights,5916.0,690.0,2018,5,8,8,0,1
1269398,168,2018-05-08 12:00:00,2,Jackson Heights,3459.0,1425.0,2018,5,8,12,0,1
1269866,168,2018-05-08 16:00:00,2,Jackson Heights,2642.0,2604.0,2018,5,8,16,0,1
1270334,168,2018-05-08 20:00:00,2,Jackson Heights,2032.0,2602.0,2018,5,8,20,0,1
1270791,168,2018-05-09 00:00:00,2,Jackson Heights,28.0,392.0,2018,5,9,0,0,1
1271237,168,2018-05-09 04:00:00,2,Jackson Heights,2517.0,277.0,2018,5,9,4,0,1
1271704,168,2018-05-09 08:00:00,2,Jackson Heights,6026.0,678.0,2018,5,9,8,0,1
1272172,168,2018-05-09 12:00:00,2,Jackson Heights,3536.0,1307.0,2018,5,9,12,0,1
1272640,168,2018-05-09 16:00:00,2,Jackson Heights,2705.0,2596.0,2018,5,9,16,0,1
1273108,168,2018-05-09 20:00:00,2,Jackson Heights,2047.0,2622.0,2018,5,9,20,0,1
1273564,168,2018-05-10 00:00:00,2,Jackson Heights,29.0,422.0,2018,5,10,0,0,1
1274013,168,2018-05-10 04:00:00,2,Jackson Heights,2019.0,256.0,2018,5,10,4,0,1
1274480,168,2018-05-10 08:00:00,2,Jackson Heights,5849.0,685.0,2018,5,10,8,0,1
1274948,168,2018-05-10 12:00:00,2,Jackson Heights,3434.0,1234.0,2018,5,10,12,0,1
1275416,168,2018-05-10 16:00:00,2,Jackson Heights,2521.0,2423.0,2018,5,10,16,0,1
1275884,168,2018-05-10 20:00:00,2,Jackson Heights,1961.0,2583.0,2018,5,10,20,0,1
1276337,168,2018-05-11 00:00:00,2,Jackson Heights,37.0,570.0,2018,5,11,0,0,1
1276788,168,2018-05-11 04:00:00,2,Jackson Heights,2569.0,280.0,2018,5,11,4,0,1
1277255,168,2018-05-11 08:00:00,2,Jackson Heights,5715.0,675.0,2018,5,11,8,0,1
1277723,168,2018-05-11 12:00:00,2,Jackson Heights,3363.0,1387.0,2018,5,11,12,0,1
1278191,168,2018-05-11 16:00:00,2,Jackson Heights,2775.0,2554.0,2018,5,11,16,0,1
1278659,168,2018-05-11 20:00:00,2,Jackson Heights,2193.0,2459.0,2018,5,11,20,0,1
1279126,168,2018-05-12 00:00:00,2,Jackson Heights,400.0,1004.0,2018,5,12,0,0,1
1279590,168,2018-05-12 04:00:00,2,Jackson Heights,908.0,291.0,2018,5,12,4,0,1
1280049,168,2018-05-12 08:00:00,2,Jackson Heights,2935.0,536.0,2018,5,12,8,0,1
1280512,168,2018-05-12 12:00:00,2,Jackson Heights,3212.0,1082.0,2018,5,12,12,0,1
1280966,168,2018-05-12 16:00:00,2,Jackson Heights,2569.0,1402.0,2018,5,12,16,0,1
1281430,168,2018-05-12 20:00:00,2,Jackson Heights,1549.0,1386.0,2018,5,12,20,0,1
1281885,168,2018-05-13 00:00:00,2,Jackson Heights,369.0,775.0,2018,5,13,0,0,1
1282346,168,2018-05-13 04:00:00,2,Jackson Heights,503.0,238.0,2018,5,13,4,0,1
1282810,168,2018-05-13 08:00:00,2,Jackson Heights,2029.0,336.0,2018,5,13,8,0,1
1283263,168,2018-05-13 12:00:00,2,Jackson Heights,2639.0,857.0,2018,5,13,12,0,1
1283723,168,2018-05-13 16:00:00,2,Jackson Heights,1920.0,1197.0,2018,5,13,16,0,1
1284172,168,2018-05-13 20:00:00,2,Jackson Heights,1173.0,1114.0,2018,5,13,20,0,1
1284627,168,2018-05-14 00:00:00,2,Jackson Heights,11.0,215.0,2018,5,14,0,0,1
1285072,168,2018-05-14 04:00:00,2,Jackson Heights,2865.0,235.0,2018,5,14,4,0,1
1285539,168,2018-05-14 08:00:00,2,Jackson Heights,5754.0,621.0,2018,5,14,8,0,1
1286007,168,2018-05-14 12:00:00,2,Jackson Heights,3624.0,1182.0,2018,5,14,12,0,1
1286475,168,2018-05-14 16:00:00,2,Jackson Heights,2810.0,2451.0,2018,5,14,16,0,1
1286943,168,2018-05-14 20:00:00,2,Jackson Heights,2004.0,2544.0,2018,5,14,20,0,1
1287395,168,2018-05-15 00:00:00,2,Jackson Heights,34.0,356.0,2018,5,15,0,0,1
1287843,168,2018-05-15 04:00:00,2,Jackson Heights,2915.0,240.0,2018,5,15,4,0,1
1288310,168,2018-05-15 08:00:00,2,Jackson Heights,5831.0,637.0,2018,5,15,8,0,1
1288778,168,2018-05-15 12:00:00,2,Jackson Heights,3697.0,1123.0,2018,5,15,12,0,1
1289246,168,2018-05-15 16:00:00,2,Jackson Heights,2744.0,2597.0,2018,5,15,16,0,1
1289714,168,2018-05-15 20:00:00,2,Jackson Heights,1886.0,2617.0,2018,5,15,20,0,1
1290163,168,2018-05-16 00:00:00,2,Jackson Heights,19.0,233.0,2018,5,16,0,0,1
1290604,168,2018-05-16 04:00:00,2,Jackson Heights,2910.0,296.0,2018,5,16,4,0,1
1291071,168,2018-05-16 08:00:00,2,Jackson Heights,5874.0,664.0,2018,5,16,8,0,1
1291539,168,2018-05-16 12:00:00,2,Jackson Heights,3714.0,1232.0,2018,5,16,12,0,1
1292007,168,2018-05-16 16:00:00,2,Jackson Heights,2713.0,2567.0,2018,5,16,16,0,1
1292475,168,2018-05-16 20:00:00,2,Jackson Heights,1863.0,2558.0,2018,5,16,20,0,1
1292925,168,2018-05-17 00:00:00,2,Jackson Heights,36.0,393.0,2018,5,17,0,0,1
1293374,168,2018-05-17 04:00:00,2,Jackson Heights,2802.0,298.0,2018,5,17,4,0,1
1293841,168,2018-05-17 08:00:00,2,Jackson Heights,5784.0,581.0,2018,5,17,8,0,1
1294309,168,2018-05-17 12:00:00,2,Jackson Heights,3750.0,1040.0,2018,5,17,12,0,1
1294777,168,2018-05-17 16:00:00,2,Jackson Heights,2764.0,2281.0,2018,5,17,16,0,1
1295245,168,2018-05-17 20:00:00,2,Jackson Heights,1999.0,2553.0,2018,5,17,20,0,1
1295697,168,2018-05-18 00:00:00,2,Jackson Heights,134.0,492.0,2018,5,18,0,0,1
1296153,168,2018-05-18 04:00:00,2,Jackson Heights,2912.0,346.0,2018,5,18,4,0,1
1296619,168,2018-05-18 08:00:00,2,Jackson Heights,5689.0,544.0,2018,5,18,8,0,1
1297087,168,2018-05-18 12:00:00,2,Jackson Heights,3567.0,1128.0,2018,5,18,12,0,1
1297555,168,2018-05-18 16:00:00,2,Jackson Heights,2885.0,2362.0,2018,5,18,16,0,1
1298023,168,2018-05-18 20:00:00,2,Jackson Heights,2129.0,2378.0,2018,5,18,20,0,1
1298490,168,2018-05-19 00:00:00,2,Jackson Heights,393.0,996.0,2018,5,19,0,0,1
1298952,168,2018-05-19 04:00:00,2,Jackson Heights,1041.0,295.0,2018,5,19,4,0,1
1299412,168,2018-05-19 08:00:00,2,Jackson Heights,2998.0,535.0,2018,5,19,8,0,1
1299873,168,2018-05-19 12:00:00,2,Jackson Heights,3305.0,1105.0,2018,5,19,12,0,1
1300329,168,2018-05-19 16:00:00,2,Jackson Heights,2633.0,1464.0,2018,5,19,16,0,1
1300791,168,2018-05-19 20:00:00,2,Jackson Heights,1611.0,1485.0,2018,5,19,20,0,1
1301249,168,2018-05-20 00:00:00,2,Jackson Heights,418.0,875.0,2018,5,20,0,0,1
1301712,168,2018-05-20 04:00:00,2,Jackson Heights,558.0,263.0,2018,5,20,4,0,1
1302176,168,2018-05-20 08:00:00,2,Jackson Heights,2169.0,395.0,2018,5,20,8,0,1
1302629,168,2018-05-20 12:00:00,2,Jackson Heights,3172.0,880.0,2018,5,20,12,0,1
1303091,168,2018-05-20 16:00:00,2,Jackson Heights,2552.0,1407.0,2018,5,20,16,0,1
1303543,168,2018-05-20 20:00:00,2,Jackson Heights,1444.0,1457.0,2018,5,20,20,0,1
1303997,168,2018-05-21 00:00:00,2,Jackson Heights,79.0,590.0,2018,5,21,0,0,1
1304444,168,2018-05-21 04:00:00,2,Jackson Heights,2822.0,303.0,2018,5,21,4,0,1
1304911,168,2018-05-21 08:00:00,2,Jackson Heights,5613.0,639.0,2018,5,21,8,0,1
1305379,168,2018-05-21 12:00:00,2,Jackson Heights,3690.0,1071.0,2018,5,21,12,0,1
1305847,168,2018-05-21 16:00:00,2,Jackson Heights,2996.0,2385.0,2018,5,21,16,0,1
1306315,168,2018-05-21 20:00:00,2,Jackson Heights,2085.0,2437.0,2018,5,21,20,0,1
1306764,168,2018-05-22 00:00:00,2,Jackson Heights,45.0,289.0,2018,5,22,0,0,1
1307219,168,2018-05-22 04:00:00,2,Jackson Heights,3029.0,289.0,2018,5,22,4,0,1
1307686,168,2018-05-22 08:00:00,2,Jackson Heights,5840.0,625.0,2018,5,22,8,0,1
1308154,168,2018-05-22 12:00:00,2,Jackson Heights,3568.0,1077.0,2018,5,22,12,0,1
1308622,168,2018-05-22 16:00:00,2,Jackson Heights,2779.0,2453.0,2018,5,22,16,0,1
1309090,168,2018-05-22 20:00:00,2,Jackson Heights,1940.0,2486.0,2018,5,22,20,0,1
1309539,168,2018-05-23 00:00:00,2,Jackson Heights,23.0,346.0,2018,5,23,0,0,1
1309989,168,2018-05-23 04:00:00,2,Jackson Heights,2963.0,302.0,2018,5,23,4,0,1
1310456,168,2018-05-23 08:00:00,2,Jackson Heights,5865.0,613.0,2018,5,23,8,0,1
1310924,168,2018-05-23 12:00:00,2,Jackson Heights,3589.0,1137.0,2018,5,23,12,0,1
1311392,168,2018-05-23 16:00:00,2,Jackson Heights,2848.0,2334.0,2018,5,23,16,0,1
1311860,168,2018-05-23 20:00:00,2,Jackson Heights,2134.0,2604.0,2018,5,23,20,0,1
1312312,168,2018-05-24 00:00:00,2,Jackson Heights,65.0,790.0,2018,5,24,0,0,1
1312770,168,2018-05-24 04:00:00,2,Jackson Heights,2951.0,270.0,2018,5,24,4,0,1
1313237,168,2018-05-24 08:00:00,2,Jackson Heights,5849.0,579.0,2018,5,24,8,0,1
1313705,168,2018-05-24 12:00:00,2,Jackson Heights,3639.0,975.0,2018,5,24,12,0,1
1314173,168,2018-05-24 16:00:00,2,Jackson Heights,2798.0,2346.0,2018,5,24,16,0,1
1314641,168,2018-05-24 20:00:00,2,Jackson Heights,2114.0,2578.0,2018,5,24,20,0,1
1315098,168,2018-05-25 00:00:00,2,Jackson Heights,167.0,699.0,2018,5,25,0,0,1
1315556,168,2018-05-25 04:00:00,2,Jackson Heights,2796.0,341.0,2018,5,25,4,0,1
1316024,168,2018-05-25 08:00:00,2,Jackson Heights,5517.0,559.0,2018,5,25,8,0,1
1316492,168,2018-05-25 12:00:00,2,Jackson Heights,3316.0,776.0,2018,5,25,12,0,1
1316960,168,2018-05-25 16:00:00,2,Jackson Heights,2863.0,1970.0,2018,5,25,16,0,1
1317428,168,2018-05-25 20:00:00,2,Jackson Heights,2259.0,2439.0,2018,5,25,20,0,1
1317895,168,2018-05-26 00:00:00,2,Jackson Heights,436.0,1049.0,2018,5,26,0,0,1
1318358,168,2018-05-26 04:00:00,2,Jackson Heights,1040.0,275.0,2018,5,26,4,0,1
1318822,168,2018-05-26 08:00:00,2,Jackson Heights,2971.0,639.0,2018,5,26,8,0,1
1319285,168,2018-05-26 12:00:00,2,Jackson Heights,3391.0,1152.0,2018,5,26,12,0,1
1319747,168,2018-05-26 16:00:00,2,Jackson Heights,2815.0,1374.0,2018,5,26,16,0,1
1320211,168,2018-05-26 20:00:00,2,Jackson Heights,1777.0,1493.0,2018,5,26,20,0,1
1320670,168,2018-05-27 00:00:00,2,Jackson Heights,540.0,911.0,2018,5,27,0,0,1
1321134,168,2018-05-27 04:00:00,2,Jackson Heights,575.0,267.0,2018,5,27,4,0,1
1321597,168,2018-05-27 08:00:00,2,Jackson Heights,1945.0,374.0,2018,5,27,8,0,1
1322061,168,2018-05-27 12:00:00,2,Jackson Heights,2725.0,784.0,2018,5,27,12,0,1
1322525,168,2018-05-27 16:00:00,2,Jackson Heights,2352.0,1172.0,2018,5,27,16,0,1
1322984,168,2018-05-27 20:00:00,2,Jackson Heights,1331.0,1239.0,2018,5,27,20,0,1
1323446,168,2018-05-28 00:00:00,2,Jackson Heights,256.0,693.0,2018,5,28,0,1,1
1323902,168,2018-05-28 04:00:00,2,Jackson Heights,881.0,214.0,2018,5,28,4,1,1
1324364,168,2018-05-28 08:00:00,2,Jackson Heights,2439.0,402.0,2018,5,28,8,1,1
1324819,168,2018-05-28 12:00:00,2,Jackson Heights,3061.0,877.0,2018,5,28,12,1,1
1325283,168,2018-05-28 16:00:00,2,Jackson Heights,2594.0,1484.0,2018,5,28,16,1,1
1325737,168,2018-05-28 20:00:00,2,Jackson Heights,1478.0,1533.0,2018,5,28,20,1,1
1326184,168,2018-05-29 00:00:00,2,Jackson Heights,62.0,491.0,2018,5,29,0,0,1
1326638,168,2018-05-29 04:00:00,2,Jackson Heights,2895.0,241.0,2018,5,29,4,0,1
1327105,168,2018-05-29 08:00:00,2,Jackson Heights,5754.0,795.0,2018,5,29,8,0,1
1327573,168,2018-05-29 12:00:00,2,Jackson Heights,3563.0,1230.0,2018,5,29,12,0,1
1328041,168,2018-05-29 16:00:00,2,Jackson Heights,2816.0,2197.0,2018,5,29,16,0,1
1328509,168,2018-05-29 20:00:00,2,Jackson Heights,2087.0,2450.0,2018,5,29,20,0,1
1328964,168,2018-05-30 00:00:00,2,Jackson Heights,40.0,478.0,2018,5,30,0,0,1
1329420,168,2018-05-30 04:00:00,2,Jackson Heights,2403.0,248.0,2018,5,30,4,0,1
1329887,168,2018-05-30 08:00:00,2,Jackson Heights,5782.0,635.0,2018,5,30,8,0,1
1330355,168,2018-05-30 12:00:00,2,Jackson Heights,3550.0,1165.0,2018,5,30,12,0,1
1330823,168,2018-05-30 16:00:00,2,Jackson Heights,2863.0,2356.0,2018,5,30,16,0,1
1331291,168,2018-05-30 20:00:00,2,Jackson Heights,2111.0,2582.0,2018,5,30,20,0,1
1331747,168,2018-05-31 00:00:00,2,Jackson Heights,34.0,625.0,2018,5,31,0,0,1
1332201,168,2018-05-31 04:00:00,2,Jackson Heights,2460.0,248.0,2018,5,31,4,0,1
1332668,168,2018-05-31 08:00:00,2,Jackson Heights,5765.0,597.0,2018,5,31,8,0,1
1333136,168,2018-05-31 12:00:00,2,Jackson Heights,3545.0,1100.0,2018,5,31,12,0,1
1333603,168,2018-05-31 16:00:00,2,Jackson Heights,2808.0,2309.0,2018,5,31,16,0,1
1334071,168,2018-05-31 20:00:00,2,Jackson Heights,1996.0,2458.0,2018,5,31,20,0,1
1334525,168,2018-06-01 00:00:00,2,Jackson Heights,67.0,613.0,2018,6,1,0,0,1
1334979,168,2018-06-01 04:00:00,2,Jackson Heights,2897.0,288.0,2018,6,1,4,0,1
1335445,168,2018-06-01 08:00:00,2,Jackson Heights,5646.0,600.0,2018,6,1,8,0,1
1335913,168,2018-06-01 12:00:00,2,Jackson Heights,3398.0,764.0,2018,6,1,12,0,1
1336380,168,2018-06-01 16:00:00,2,Jackson Heights,2891.0,1933.0,2018,6,1,16,0,1
1336847,168,2018-06-01 20:00:00,2,Jackson Heights,2267.0,2458.0,2018,6,1,20,0,1
1337311,168,2018-06-02 00:00:00,2,Jackson Heights,371.0,1049.0,2018,6,2,0,0,1
1337775,168,2018-06-02 04:00:00,2,Jackson Heights,1173.0,321.0,2018,6,2,4,0,1
1338232,168,2018-06-02 08:00:00,2,Jackson Heights,3165.0,595.0,2018,6,2,8,0,1
1338692,168,2018-06-02 12:00:00,2,Jackson Heights,3502.0,1170.0,2018,6,2,12,0,1
1339149,168,2018-06-02 16:00:00,2,Jackson Heights,2864.0,1534.0,2018,6,2,16,0,1
1339611,168,2018-06-02 20:00:00,2,Jackson Heights,1703.0,1649.0,2018,6,2,20,0,1
1340068,168,2018-06-03 00:00:00,2,Jackson Heights,468.0,1016.0,2018,6,3,0,0,1
1340531,168,2018-06-03 04:00:00,2,Jackson Heights,577.0,248.0,2018,6,3,4,0,1
1340989,168,2018-06-03 08:00:00,2,Jackson Heights,2231.0,468.0,2018,6,3,8,0,1
1341442,168,2018-06-03 12:00:00,2,Jackson Heights,3054.0,991.0,2018,6,3,12,0,1
1341900,168,2018-06-03 16:00:00,2,Jackson Heights,2398.0,1300.0,2018,6,3,16,0,1
1342352,168,2018-06-03 20:00:00,2,Jackson Heights,1412.0,1533.0,2018,6,3,20,0,1
1342802,168,2018-06-04 00:00:00,2,Jackson Heights,21.0,240.0,2018,6,4,0,0,1
1343251,168,2018-06-04 04:00:00,2,Jackson Heights,2774.0,204.0,2018,6,4,4,0,1
1343717,168,2018-06-04 08:00:00,2,Jackson Heights,5675.0,661.0,2018,6,4,8,0,1
1344183,168,2018-06-04 12:00:00,2,Jackson Heights,3610.0,1143.0,2018,6,4,12,0,1
1344650,168,2018-06-04 16:00:00,2,Jackson Heights,2821.0,2440.0,2018,6,4,16,0,1
1345116,168,2018-06-04 20:00:00,2,Jackson Heights,2071.0,2528.0,2018,6,4,20,0,1
1345567,168,2018-06-05 00:00:00,2,Jackson Heights,36.0,560.0,2018,6,5,0,0,1
1346015,168,2018-06-05 04:00:00,2,Jackson Heights,2798.0,312.0,2018,6,5,4,0,1
1346481,168,2018-06-05 08:00:00,2,Jackson Heights,5563.0,748.0,2018,6,5,8,0,1
1346947,168,2018-06-05 12:00:00,2,Jackson Heights,3600.0,1189.0,2018,6,5,12,0,1
1347414,168,2018-06-05 16:00:00,2,Jackson Heights,2858.0,2300.0,2018,6,5,16,0,1
1347880,168,2018-06-05 20:00:00,2,Jackson Heights,2076.0,2409.0,2018,6,5,20,0,1
1348332,168,2018-06-06 00:00:00,2,Jackson Heights,59.0,666.0,2018,6,6,0,0,1
1348781,168,2018-06-06 04:00:00,2,Jackson Heights,2918.0,307.0,2018,6,6,4,0,1
1349247,168,2018-06-06 08:00:00,2,Jackson Heights,5818.0,726.0,2018,6,6,8,0,1
1349713,168,2018-06-06 12:00:00,2,Jackson Heights,3700.0,1246.0,2018,6,6,12,0,1
1350179,168,2018-06-06 16:00:00,2,Jackson Heights,2876.0,2555.0,2018,6,6,16,0,1
1350646,168,2018-06-06 20:00:00,2,Jackson Heights,1984.0,2603.0,2018,6,6,20,0,1
1351098,168,2018-06-07 00:00:00,2,Jackson Heights,54.0,554.0,2018,6,7,0,0,1
1351551,168,2018-06-07 04:00:00,2,Jackson Heights,2574.0,292.0,2018,6,7,4,0,1
1352016,168,2018-06-07 08:00:00,2,Jackson Heights,5360.0,658.0,2018,6,7,8,0,1
1352483,168,2018-06-07 12:00:00,2,Jackson Heights,3758.0,1150.0,2018,6,7,12,0,1
1352950,168,2018-06-07 16:00:00,2,Jackson Heights,2937.0,2264.0,2018,6,7,16,0,1
1353417,168,2018-06-07 20:00:00,2,Jackson Heights,2013.0,2478.0,2018,6,7,20,0,1
1353871,168,2018-06-08 00:00:00,2,Jackson Heights,86.0,603.0,2018,6,8,0,0,1
1354326,168,2018-06-08 04:00:00,2,Jackson Heights,2873.0,317.0,2018,6,8,4,0,1
1354792,168,2018-06-08 08:00:00,2,Jackson Heights,5658.0,685.0,2018,6,8,8,0,1
1355259,168,2018-06-08 12:00:00,2,Jackson Heights,3604.0,1164.0,2018,6,8,12,0,1
1355726,168,2018-06-08 16:00:00,2,Jackson Heights,2908.0,2285.0,2018,6,8,16,0,1
1356193,168,2018-06-08 20:00:00,2,Jackson Heights,2193.0,2490.0,2018,6,8,20,0,1
1356658,168,2018-06-09 00:00:00,2,Jackson Heights,420.0,1120.0,2018,6,9,0,0,1
1357120,168,2018-06-09 04:00:00,2,Jackson Heights,1175.0,350.0,2018,6,9,4,0,1
1357575,168,2018-06-09 08:00:00,2,Jackson Heights,3254.0,610.0,2018,6,9,8,0,1
1358033,168,2018-06-09 12:00:00,2,Jackson Heights,3556.0,1185.0,2018,6,9,12,0,1
1358487,168,2018-06-09 16:00:00,2,Jackson Heights,3001.0,1639.0,2018,6,9,16,0,1
1358945,168,2018-06-09 20:00:00,2,Jackson Heights,1843.0,1756.0,2018,6,9,20,0,1
1359402,168,2018-06-10 00:00:00,2,Jackson Heights,492.0,995.0,2018,6,10,0,0,1
1359864,168,2018-06-10 04:00:00,2,Jackson Heights,610.0,293.0,2018,6,10,4,0,1
1360322,168,2018-06-10 08:00:00,2,Jackson Heights,2212.0,438.0,2018,6,10,8,0,1
1360776,168,2018-06-10 12:00:00,2,Jackson Heights,3065.0,947.0,2018,6,10,12,0,1
1361234,168,2018-06-10 16:00:00,2,Jackson Heights,2288.0,1380.0,2018,6,10,16,0,1
1361689,168,2018-06-10 20:00:00,2,Jackson Heights,1898.0,1316.0,2018,6,10,20,0,1
1362144,168,2018-06-11 00:00:00,2,Jackson Heights,2348.0,781.0,2018,6,11,0,0,1
1362597,168,2018-06-11 04:00:00,2,Jackson Heights,2745.0,365.0,2018,6,11,4,0,1
1363063,168,2018-06-11 08:00:00,2,Jackson Heights,2829.0,640.0,2018,6,11,8,0,1
1363530,168,2018-06-11 12:00:00,2,Jackson Heights,2859.0,1029.0,2018,6,11,12,0,1
1363997,168,2018-06-11 16:00:00,2,Jackson Heights,2978.0,2468.0,2018,6,11,16,0,1
1364464,168,2018-06-11 20:00:00,2,Jackson Heights,2036.0,2554.0,2018,6,11,20,0,1
1364919,168,2018-06-12 00:00:00,2,Jackson Heights,84.0,633.0,2018,6,12,0,0,1
1365370,168,2018-06-12 04:00:00,2,Jackson Heights,2719.0,267.0,2018,6,12,4,0,1
1365836,168,2018-06-12 08:00:00,2,Jackson Heights,5549.0,625.0,2018,6,12,8,0,1
1366303,168,2018-06-12 12:00:00,2,Jackson Heights,3697.0,1150.0,2018,6,12,12,0,1
1366770,168,2018-06-12 16:00:00,2,Jackson Heights,2975.0,2388.0,2018,6,12,16,0,1
1367237,168,2018-06-12 20:00:00,2,Jackson Heights,2066.0,2500.0,2018,6,12,20,0,1
1367693,168,2018-06-13 00:00:00,2,Jackson Heights,54.0,637.0,2018,6,13,0,0,1
1368148,168,2018-06-13 04:00:00,2,Jackson Heights,2289.0,301.0,2018,6,13,4,0,1
1368614,168,2018-06-13 08:00:00,2,Jackson Heights,5434.0,655.0,2018,6,13,8,0,1
1369081,168,2018-06-13 12:00:00,2,Jackson Heights,3712.0,1205.0,2018,6,13,12,0,1
1369548,168,2018-06-13 16:00:00,2,Jackson Heights,2829.0,2332.0,2018,6,13,16,0,1
1370015,168,2018-06-13 20:00:00,2,Jackson Heights,1969.0,2399.0,2018,6,13,20,0,1
1370469,168,2018-06-14 00:00:00,2,Jackson Heights,70.0,611.0,2018,6,14,0,0,1
1370918,168,2018-06-14 04:00:00,2,Jackson Heights,2690.0,329.0,2018,6,14,4,0,1
1371384,168,2018-06-14 08:00:00,2,Jackson Heights,5474.0,721.0,2018,6,14,8,0,1
1371851,168,2018-06-14 12:00:00,2,Jackson Heights,3723.0,1041.0,2018,6,14,12,0,1
1372318,168,2018-06-14 16:00:00,2,Jackson Heights,2986.0,2161.0,2018,6,14,16,0,1
1372785,168,2018-06-14 20:00:00,2,Jackson Heights,2075.0,2627.0,2018,6,14,20,0,1
1373246,168,2018-06-15 00:00:00,2,Jackson Heights,136.0,793.0,2018,6,15,0,0,1
1373703,168,2018-06-15 04:00:00,2,Jackson Heights,2453.0,343.0,2018,6,15,4,0,1
1374169,168,2018-06-15 08:00:00,2,Jackson Heights,5095.0,782.0,2018,6,15,8,0,1
1374636,168,2018-06-15 12:00:00,2,Jackson Heights,3602.0,1158.0,2018,6,15,12,0,1
1375103,168,2018-06-15 16:00:00,2,Jackson Heights,3004.0,2146.0,2018,6,15,16,0,1
1375570,168,2018-06-15 20:00:00,2,Jackson Heights,2270.0,2500.0,2018,6,15,20,0,1
1376036,168,2018-06-16 00:00:00,2,Jackson Heights,474.0,1143.0,2018,6,16,0,0,1
1376502,168,2018-06-16 04:00:00,2,Jackson Heights,1165.0,308.0,2018,6,16,4,0,1
1376957,168,2018-06-16 08:00:00,2,Jackson Heights,3148.0,594.0,2018,6,16,8,0,1
1377418,168,2018-06-16 12:00:00,2,Jackson Heights,3445.0,1147.0,2018,6,16,12,0,1
1377872,168,2018-06-16 16:00:00,2,Jackson Heights,2879.0,1532.0,2018,6,16,16,0,1
1378334,168,2018-06-16 20:00:00,2,Jackson Heights,1730.0,1703.0,2018,6,16,20,0,1
1378792,168,2018-06-17 00:00:00,2,Jackson Heights,494.0,1028.0,2018,6,17,0,0,1
1379254,168,2018-06-17 04:00:00,2,Jackson Heights,361.0,358.0,2018,6,17,4,0,1
1379711,168,2018-06-17 08:00:00,2,Jackson Heights,1462.0,470.0,2018,6,17,8,0,1
1380161,168,2018-06-17 12:00:00,2,Jackson Heights,2445.0,795.0,2018,6,17,12,0,1
1380618,168,2018-06-17 16:00:00,2,Jackson Heights,2279.0,1201.0,2018,6,17,16,0,1
1381066,168,2018-06-17 20:00:00,2,Jackson Heights,1433.0,1425.0,2018,6,17,20,0,1
1381525,168,2018-06-18 00:00:00,2,Jackson Heights,92.0,631.0,2018,6,18,0,0,1
1381973,168,2018-06-18 04:00:00,2,Jackson Heights,2535.0,228.0,2018,6,18,4,0,1
1382439,168,2018-06-18 08:00:00,2,Jackson Heights,5201.0,637.0,2018,6,18,8,0,1
1382906,168,2018-06-18 12:00:00,2,Jackson Heights,3638.0,1166.0,2018,6,18,12,0,1
1383373,168,2018-06-18 16:00:00,2,Jackson Heights,2911.0,2155.0,2018,6,18,16,0,1
1383840,168,2018-06-18 20:00:00,2,Jackson Heights,1938.0,2302.0,2018,6,18,20,0,1
1384296,168,2018-06-19 00:00:00,2,Jackson Heights,51.0,459.0,2018,6,19,0,0,1
1384751,168,2018-06-19 04:00:00,2,Jackson Heights,2696.0,225.0,2018,6,19,4,0,1
1385217,168,2018-06-19 08:00:00,2,Jackson Heights,5413.0,654.0,2018,6,19,8,0,1
1385684,168,2018-06-19 12:00:00,2,Jackson Heights,3568.0,1093.0,2018,6,19,12,0,1
1386151,168,2018-06-19 16:00:00,2,Jackson Heights,2900.0,2221.0,2018,6,19,16,0,1
1386618,168,2018-06-19 20:00:00,2,Jackson Heights,2074.0,2409.0,2018,6,19,20,0,1
1387078,168,2018-06-20 00:00:00,2,Jackson Heights,110.0,856.0,2018,6,20,0,0,1
1387534,168,2018-06-20 04:00:00,2,Jackson Heights,2178.0,273.0,2018,6,20,4,0,1
1388000,168,2018-06-20 08:00:00,2,Jackson Heights,5388.0,647.0,2018,6,20,8,0,1
1388467,168,2018-06-20 12:00:00,2,Jackson Heights,3393.0,1245.0,2018,6,20,12,0,1
1388934,168,2018-06-20 16:00:00,2,Jackson Heights,2792.0,2244.0,2018,6,20,16,0,1
1389401,168,2018-06-20 20:00:00,2,Jackson Heights,2126.0,2238.0,2018,6,20,20,0,1
1389858,168,2018-06-21 00:00:00,2,Jackson Heights,87.0,799.0,2018,6,21,0,0,1
1390315,168,2018-06-21 04:00:00,2,Jackson Heights,2555.0,281.0,2018,6,21,4,0,1
1390781,168,2018-06-21 08:00:00,2,Jackson Heights,5261.0,681.0,2018,6,21,8,0,1
1391247,168,2018-06-21 12:00:00,2,Jackson Heights,3603.0,1090.0,2018,6,21,12,0,1
1391714,168,2018-06-21 16:00:00,2,Jackson Heights,2896.0,2084.0,2018,6,21,16,0,1
1392181,168,2018-06-21 20:00:00,2,Jackson Heights,2080.0,2340.0,2018,6,21,20,0,1
1392641,168,2018-06-22 00:00:00,2,Jackson Heights,136.0,736.0,2018,6,22,0,0,1
1393101,168,2018-06-22 04:00:00,2,Jackson Heights,2462.0,356.0,2018,6,22,4,0,1
1393565,168,2018-06-22 08:00:00,2,Jackson Heights,5139.0,622.0,2018,6,22,8,0,1
1394031,168,2018-06-22 12:00:00,2,Jackson Heights,3522.0,1049.0,2018,6,22,12,0,1
1394498,168,2018-06-22 16:00:00,2,Jackson Heights,3004.0,2066.0,2018,6,22,16,0,1
1394965,168,2018-06-22 20:00:00,2,Jackson Heights,2307.0,2394.0,2018,6,22,20,0,1
1395432,168,2018-06-23 00:00:00,2,Jackson Heights,432.0,1129.0,2018,6,23,0,0,1
1395898,168,2018-06-23 04:00:00,2,Jackson Heights,954.0,308.0,2018,6,23,4,0,1
1396362,168,2018-06-23 08:00:00,2,Jackson Heights,2604.0,356.0,2018,6,23,8,0,1
1396822,168,2018-06-23 12:00:00,2,Jackson Heights,2794.0,569.0,2018,6,23,12,0,1
1397284,168,2018-06-23 16:00:00,2,Jackson Heights,2142.0,711.0,2018,6,23,16,0,1
1397750,168,2018-06-23 20:00:00,2,Jackson Heights,1505.0,1139.0,2018,6,23,20,0,1
1398216,168,2018-06-24 00:00:00,2,Jackson Heights,469.0,955.0,2018,6,24,0,0,1
1398681,168,2018-06-24 04:00:00,2,Jackson Heights,407.0,270.0,2018,6,24,4,0,1
1399147,168,2018-06-24 08:00:00,2,Jackson Heights,1698.0,222.0,2018,6,24,8,0,1
1399614,168,2018-06-24 12:00:00,2,Jackson Heights,2493.0,352.0,2018,6,24,12,0,1
1400079,168,2018-06-24 16:00:00,2,Jackson Heights,2075.0,1132.0,2018,6,24,16,0,1
1400546,168,2018-06-24 20:00:00,2,Jackson Heights,1363.0,1550.0,2018,6,24,20,0,1
1401006,168,2018-06-25 00:00:00,2,Jackson Heights,74.0,707.0,2018,6,25,0,0,1
1401468,168,2018-06-25 04:00:00,2,Jackson Heights,2675.0,183.0,2018,6,25,4,0,1
1401934,168,2018-06-25 08:00:00,2,Jackson Heights,5298.0,678.0,2018,6,25,8,0,1
1402401,168,2018-06-25 12:00:00,2,Jackson Heights,3541.0,1245.0,2018,6,25,12,0,1
1402867,168,2018-06-25 16:00:00,2,Jackson Heights,2887.0,2324.0,2018,6,25,16,0,1
1403334,168,2018-06-25 20:00:00,2,Jackson Heights,2042.0,2453.0,2018,6,25,20,0,1
1403793,168,2018-06-26 00:00:00,2,Jackson Heights,84.0,584.0,2018,6,26,0,0,1
1404245,168,2018-06-26 04:00:00,2,Jackson Heights,2597.0,220.0,2018,6,26,4,0,1
1404711,168,2018-06-26 08:00:00,2,Jackson Heights,5552.0,786.0,2018,6,26,8,0,1
1405177,168,2018-06-26 12:00:00,2,Jackson Heights,3863.0,1248.0,2018,6,26,12,0,1
1405644,168,2018-06-26 16:00:00,2,Jackson Heights,3000.0,2208.0,2018,6,26,16,0,1
1406111,168,2018-06-26 20:00:00,2,Jackson Heights,2137.0,2481.0,2018,6,26,20,0,1
1406570,168,2018-06-27 00:00:00,2,Jackson Heights,129.0,881.0,2018,6,27,0,0,1
1407028,168,2018-06-27 04:00:00,2,Jackson Heights,2018.0,226.0,2018,6,27,4,0,1
1407493,168,2018-06-27 08:00:00,2,Jackson Heights,5155.0,635.0,2018,6,27,8,0,1
1407960,168,2018-06-27 12:00:00,2,Jackson Heights,3578.0,1108.0,2018,6,27,12,0,1
1408427,168,2018-06-27 16:00:00,2,Jackson Heights,2844.0,2149.0,2018,6,27,16,0,1
1408894,168,2018-06-27 20:00:00,2,Jackson Heights,1941.0,2399.0,2018,6,27,20,0,1
1409351,168,2018-06-28 00:00:00,2,Jackson Heights,56.0,861.0,2018,6,28,0,0,1
1409807,168,2018-06-28 04:00:00,2,Jackson Heights,2257.0,229.0,2018,6,28,4,0,1
1410271,168,2018-06-28 08:00:00,2,Jackson Heights,4970.0,628.0,2018,6,28,8,0,1
1410738,168,2018-06-28 12:00:00,2,Jackson Heights,3667.0,1012.0,2018,6,28,12,0,1
1411205,168,2018-06-28 16:00:00,2,Jackson Heights,2653.0,2270.0,2018,6,28,16,0,1
1411672,168,2018-06-28 20:00:00,2,Jackson Heights,1877.0,2497.0,2018,6,28,20,0,1
1412133,168,2018-06-29 00:00:00,2,Jackson Heights,159.0,808.0,2018,6,29,0,0,1
1412589,168,2018-06-29 04:00:00,2,Jackson Heights,2378.0,251.0,2018,6,29,4,0,1
1413055,168,2018-06-29 08:00:00,2,Jackson Heights,5077.0,621.0,2018,6,29,8,0,1
1413522,168,2018-06-29 12:00:00,2,Jackson Heights,3647.0,1042.0,2018,6,29,12,0,1
1413989,168,2018-06-29 16:00:00,2,Jackson Heights,2886.0,2078.0,2018,6,29,16,0,1
1414455,168,2018-06-29 20:00:00,2,Jackson Heights,2142.0,2421.0,2018,6,29,20,0,1
1414922,168,2018-06-30 00:00:00,2,Jackson Heights,456.0,1073.0,2018,6,30,0,0,1
1415386,168,2018-06-30 04:00:00,2,Jackson Heights,1121.0,270.0,2018,6,30,4,0,1
1415839,168,2018-06-30 08:00:00,2,Jackson Heights,2980.0,541.0,2018,6,30,8,0,1
1416300,168,2018-06-30 12:00:00,2,Jackson Heights,3134.0,992.0,2018,6,30,12,0,1
1416754,168,2018-06-30 16:00:00,2,Jackson Heights,2702.0,1350.0,2018,6,30,16,0,1
1417217,168,2018-06-30 20:00:00,2,Jackson Heights,1795.0,1600.0,2018,6,30,20,0,1
1417671,168,2018-07-01 00:00:00,2,Jackson Heights,512.0,983.0,2018,7,1,0,0,1
1418134,168,2018-07-01 04:00:00,2,Jackson Heights,596.0,265.0,2018,7,1,4,0,1
1418588,168,2018-07-01 08:00:00,2,Jackson Heights,2108.0,403.0,2018,7,1,8,0,1
1419046,168,2018-07-01 12:00:00,2,Jackson Heights,2850.0,838.0,2018,7,1,12,0,1
1419501,168,2018-07-01 16:00:00,2,Jackson Heights,2252.0,1096.0,2018,7,1,16,0,1
1419957,168,2018-07-01 20:00:00,2,Jackson Heights,1347.0,1353.0,2018,7,1,20,0,1
1420412,168,2018-07-02 00:00:00,2,Jackson Heights,77.0,693.0,2018,7,2,0,0,1
1420864,168,2018-07-02 04:00:00,2,Jackson Heights,1927.0,178.0,2018,7,2,4,0,1
1421330,168,2018-07-02 08:00:00,2,Jackson Heights,4866.0,621.0,2018,7,2,8,0,1
1421797,168,2018-07-02 12:00:00,2,Jackson Heights,3366.0,1139.0,2018,7,2,12,0,1
1422264,168,2018-07-02 16:00:00,2,Jackson Heights,2718.0,2104.0,2018,7,2,16,0,1
1422730,168,2018-07-02 20:00:00,2,Jackson Heights,1961.0,2213.0,2018,7,2,20,0,1
1423187,168,2018-07-03 00:00:00,2,Jackson Heights,111.0,791.0,2018,7,3,0,0,1
1423644,168,2018-07-03 04:00:00,2,Jackson Heights,2340.0,228.0,2018,7,3,4,0,1
1424110,168,2018-07-03 08:00:00,2,Jackson Heights,4979.0,664.0,2018,7,3,8,0,1
1424577,168,2018-07-03 12:00:00,2,Jackson Heights,3432.0,1241.0,2018,7,3,12,0,1
1425043,168,2018-07-03 16:00:00,2,Jackson Heights,2744.0,1968.0,2018,7,3,16,0,1
1425510,168,2018-07-03 20:00:00,2,Jackson Heights,1976.0,2106.0,2018,7,3,20,0,1
1425977,168,2018-07-04 00:00:00,2,Jackson Heights,358.0,955.0,2018,7,4,0,1,1
1426444,168,2018-07-04 04:00:00,2,Jackson Heights,563.0,204.0,2018,7,4,4,1,1
1426910,168,2018-07-04 08:00:00,2,Jackson Heights,2155.0,413.0,2018,7,4,8,1,1
1427376,168,2018-07-04 12:00:00,2,Jackson Heights,2787.0,848.0,2018,7,4,12,1,1
1427843,168,2018-07-04 16:00:00,2,Jackson Heights,2517.0,1270.0,2018,7,4,16,1,1
1428310,168,2018-07-04 20:00:00,2,Jackson Heights,1666.0,1471.0,2018,7,4,20,1,1
1428774,168,2018-07-05 00:00:00,2,Jackson Heights,151.0,813.0,2018,7,5,0,0,1
1429238,168,2018-07-05 04:00:00,2,Jackson Heights,2299.0,216.0,2018,7,5,4,0,1
1429704,168,2018-07-05 08:00:00,2,Jackson Heights,4849.0,549.0,2018,7,5,8,0,1
1430171,168,2018-07-05 12:00:00,2,Jackson Heights,3504.0,1040.0,2018,7,5,12,0,1
1430637,168,2018-07-05 16:00:00,2,Jackson Heights,2874.0,2208.0,2018,7,5,16,0,1
1431104,168,2018-07-05 20:00:00,2,Jackson Heights,1959.0,2377.0,2018,7,5,20,0,1
1431568,168,2018-07-06 00:00:00,2,Jackson Heights,149.0,876.0,2018,7,6,0,0,1
1432027,168,2018-07-06 04:00:00,2,Jackson Heights,1911.0,269.0,2018,7,6,4,0,1
1432492,168,2018-07-06 08:00:00,2,Jackson Heights,4756.0,597.0,2018,7,6,8,0,1
1432959,168,2018-07-06 12:00:00,2,Jackson Heights,3363.0,1064.0,2018,7,6,12,0,1
1433425,168,2018-07-06 16:00:00,2,Jackson Heights,2830.0,1984.0,2018,7,6,16,0,1
1433891,168,2018-07-06 20:00:00,2,Jackson Heights,2148.0,2201.0,2018,7,6,20,0,1
1434357,168,2018-07-07 00:00:00,2,Jackson Heights,409.0,992.0,2018,7,7,0,0,1
1434822,168,2018-07-07 04:00:00,2,Jackson Heights,1125.0,252.0,2018,7,7,4,0,1
1435277,168,2018-07-07 08:00:00,2,Jackson Heights,3084.0,568.0,2018,7,7,8,0,1
1435740,168,2018-07-07 12:00:00,2,Jackson Heights,3444.0,1014.0,2018,7,7,12,0,1
1436193,168,2018-07-07 16:00:00,2,Jackson Heights,2881.0,1442.0,2018,7,7,16,0,1
1436659,168,2018-07-07 20:00:00,2,Jackson Heights,1815.0,1608.0,2018,7,7,20,0,1
1437118,168,2018-07-08 00:00:00,2,Jackson Heights,501.0,877.0,2018,7,8,0,0,1
1437582,168,2018-07-08 04:00:00,2,Jackson Heights,509.0,199.0,2018,7,8,4,0,1
1438040,168,2018-07-08 08:00:00,2,Jackson Heights,2193.0,350.0,2018,7,8,8,0,1
1438497,168,2018-07-08 12:00:00,2,Jackson Heights,3205.0,798.0,2018,7,8,12,0,1
1438956,168,2018-07-08 16:00:00,2,Jackson Heights,2648.0,1265.0,2018,7,8,16,0,1
1439414,168,2018-07-08 20:00:00,2,Jackson Heights,1511.0,1501.0,2018,7,8,20,0,1
1439868,168,2018-07-09 00:00:00,2,Jackson Heights,60.0,579.0,2018,7,9,0,0,1
1440321,168,2018-07-09 04:00:00,2,Jackson Heights,2049.0,180.0,2018,7,9,4,0,1
1440786,168,2018-07-09 08:00:00,2,Jackson Heights,5262.0,615.0,2018,7,9,8,0,1
1441253,168,2018-07-09 12:00:00,2,Jackson Heights,3651.0,1145.0,2018,7,9,12,0,1
1441720,168,2018-07-09 16:00:00,2,Jackson Heights,2937.0,2350.0,2018,7,9,16,0,1
1442186,168,2018-07-09 20:00:00,2,Jackson Heights,2098.0,2484.0,2018,7,9,20,0,1
1442646,168,2018-07-10 00:00:00,2,Jackson Heights,89.0,587.0,2018,7,10,0,0,1
1443099,168,2018-07-10 04:00:00,2,Jackson Heights,2137.0,176.0,2018,7,10,4,0,1
1443566,168,2018-07-10 08:00:00,2,Jackson Heights,5378.0,621.0,2018,7,10,8,0,1
1444032,168,2018-07-10 12:00:00,2,Jackson Heights,3508.0,1124.0,2018,7,10,12,0,1
1444499,168,2018-07-10 16:00:00,2,Jackson Heights,2736.0,2235.0,2018,7,10,16,0,1
1444965,168,2018-07-10 20:00:00,2,Jackson Heights,2062.0,2413.0,2018,7,10,20,0,1
1445423,168,2018-07-11 00:00:00,2,Jackson Heights,100.0,619.0,2018,7,11,0,0,1
1445880,168,2018-07-11 04:00:00,2,Jackson Heights,2538.0,228.0,2018,7,11,4,0,1
1446346,168,2018-07-11 08:00:00,2,Jackson Heights,5400.0,609.0,2018,7,11,8,0,1
1446813,168,2018-07-11 12:00:00,2,Jackson Heights,3641.0,1129.0,2018,7,11,12,0,1
1447279,168,2018-07-11 16:00:00,2,Jackson Heights,2721.0,2303.0,2018,7,11,16,0,1
1447746,168,2018-07-11 20:00:00,2,Jackson Heights,1996.0,2559.0,2018,7,11,20,0,1
1448202,168,2018-07-12 00:00:00,2,Jackson Heights,154.0,706.0,2018,7,12,0,0,1
1448653,168,2018-07-12 04:00:00,2,Jackson Heights,2167.0,218.0,2018,7,12,4,0,1
1449118,168,2018-07-12 08:00:00,2,Jackson Heights,5374.0,581.0,2018,7,12,8,0,1
1449585,168,2018-07-12 12:00:00,2,Jackson Heights,3661.0,1021.0,2018,7,12,12,0,1
1450051,168,2018-07-12 16:00:00,2,Jackson Heights,2681.0,2269.0,2018,7,12,16,0,1
1450517,168,2018-07-12 20:00:00,2,Jackson Heights,1982.0,2544.0,2018,7,12,20,0,1
1450976,168,2018-07-13 00:00:00,2,Jackson Heights,116.0,800.0,2018,7,13,0,0,1
1451434,168,2018-07-13 04:00:00,2,Jackson Heights,2488.0,170.0,2018,7,13,4,0,1
1451901,168,2018-07-13 08:00:00,2,Jackson Heights,5206.0,621.0,2018,7,13,8,0,1
1452367,168,2018-07-13 12:00:00,2,Jackson Heights,3646.0,1069.0,2018,7,13,12,0,1
1452833,168,2018-07-13 16:00:00,2,Jackson Heights,2931.0,2063.0,2018,7,13,16,0,1
1453300,168,2018-07-13 20:00:00,2,Jackson Heights,2179.0,2408.0,2018,7,13,20,0,1
1453767,168,2018-07-14 00:00:00,2,Jackson Heights,404.0,1108.0,2018,7,14,0,0,1
1454229,168,2018-07-14 04:00:00,2,Jackson Heights,1135.0,282.0,2018,7,14,4,0,1
1454693,168,2018-07-14 08:00:00,2,Jackson Heights,3073.0,566.0,2018,7,14,8,0,1
1455155,168,2018-07-14 12:00:00,2,Jackson Heights,3402.0,1056.0,2018,7,14,12,0,1
1455617,168,2018-07-14 16:00:00,2,Jackson Heights,2855.0,1488.0,2018,7,14,16,0,1
1456078,168,2018-07-14 20:00:00,2,Jackson Heights,1719.0,1685.0,2018,7,14,20,0,1
1456543,168,2018-07-15 00:00:00,2,Jackson Heights,491.0,892.0,2018,7,15,0,0,1
1457005,168,2018-07-15 04:00:00,2,Jackson Heights,527.0,234.0,2018,7,15,4,0,1
1457466,168,2018-07-15 08:00:00,2,Jackson Heights,1959.0,382.0,2018,7,15,8,0,1
1457925,168,2018-07-15 12:00:00,2,Jackson Heights,2755.0,750.0,2018,7,15,12,0,1
1458389,168,2018-07-15 16:00:00,2,Jackson Heights,2300.0,1195.0,2018,7,15,16,0,1
1458846,168,2018-07-15 20:00:00,2,Jackson Heights,1412.0,1427.0,2018,7,15,20,0,1
1459300,168,2018-07-16 00:00:00,2,Jackson Heights,118.0,542.0,2018,7,16,0,0,1
1459754,168,2018-07-16 04:00:00,2,Jackson Heights,1907.0,188.0,2018,7,16,4,0,1
1460218,168,2018-07-16 08:00:00,2,Jackson Heights,5130.0,607.0,2018,7,16,8,0,1
1460685,168,2018-07-16 12:00:00,2,Jackson Heights,3698.0,1145.0,2018,7,16,12,0,1
1461152,168,2018-07-16 16:00:00,2,Jackson Heights,2749.0,2213.0,2018,7,16,16,0,1
1461619,168,2018-07-16 20:00:00,2,Jackson Heights,1989.0,2037.0,2018,7,16,20,0,1
1462079,168,2018-07-17 00:00:00,2,Jackson Heights,107.0,537.0,2018,7,17,0,0,1
1462537,168,2018-07-17 04:00:00,2,Jackson Heights,2512.0,193.0,2018,7,17,4,0,1
1463002,168,2018-07-17 08:00:00,2,Jackson Heights,5354.0,568.0,2018,7,17,8,0,1
1463469,168,2018-07-17 12:00:00,2,Jackson Heights,3614.0,1094.0,2018,7,17,12,0,1
1463936,168,2018-07-17 16:00:00,2,Jackson Heights,2547.0,2328.0,2018,7,17,16,0,1
1464402,168,2018-07-17 20:00:00,2,Jackson Heights,1763.0,2403.0,2018,7,17,20,0,1
1464857,168,2018-07-18 00:00:00,2,Jackson Heights,60.0,493.0,2018,7,18,0,0,1
1465311,168,2018-07-18 04:00:00,2,Jackson Heights,2534.0,201.0,2018,7,18,4,0,1
1465776,168,2018-07-18 08:00:00,2,Jackson Heights,5433.0,702.0,2018,7,18,8,0,1
1466244,168,2018-07-18 12:00:00,2,Jackson Heights,3680.0,1063.0,2018,7,18,12,0,1
1466710,168,2018-07-18 16:00:00,2,Jackson Heights,2736.0,2161.0,2018,7,18,16,0,1
1467178,168,2018-07-18 20:00:00,2,Jackson Heights,1993.0,2595.0,2018,7,18,20,0,1
1467638,168,2018-07-19 00:00:00,2,Jackson Heights,78.0,768.0,2018,7,19,0,0,1
1468099,168,2018-07-19 04:00:00,2,Jackson Heights,2514.0,238.0,2018,7,19,4,0,1
1468565,168,2018-07-19 08:00:00,2,Jackson Heights,5368.0,629.0,2018,7,19,8,0,1
1469032,168,2018-07-19 12:00:00,2,Jackson Heights,3739.0,1081.0,2018,7,19,12,0,1
1469498,168,2018-07-19 16:00:00,2,Jackson Heights,2751.0,2247.0,2018,7,19,16,0,1
1469966,168,2018-07-19 20:00:00,2,Jackson Heights,1974.0,2523.0,2018,7,19,20,0,1
1470425,168,2018-07-20 00:00:00,2,Jackson Heights,135.0,953.0,2018,7,20,0,0,1
1470884,168,2018-07-20 04:00:00,2,Jackson Heights,2425.0,267.0,2018,7,20,4,0,1
1471351,168,2018-07-20 08:00:00,2,Jackson Heights,5167.0,668.0,2018,7,20,8,0,1
1471817,168,2018-07-20 12:00:00,2,Jackson Heights,3617.0,1153.0,2018,7,20,12,0,1
1472285,168,2018-07-20 16:00:00,2,Jackson Heights,2919.0,2012.0,2018,7,20,16,0,1
1472753,168,2018-07-20 20:00:00,2,Jackson Heights,2191.0,2343.0,2018,7,20,20,0,1
1473220,168,2018-07-21 00:00:00,2,Jackson Heights,420.0,1005.0,2018,7,21,0,0,1
1473683,168,2018-07-21 04:00:00,2,Jackson Heights,933.0,246.0,2018,7,21,4,0,1
1474144,168,2018-07-21 08:00:00,2,Jackson Heights,2794.0,651.0,2018,7,21,8,0,1
1474605,168,2018-07-21 12:00:00,2,Jackson Heights,2945.0,1190.0,2018,7,21,12,0,1
1475068,168,2018-07-21 16:00:00,2,Jackson Heights,2251.0,1734.0,2018,7,21,16,0,1
1475526,168,2018-07-21 20:00:00,2,Jackson Heights,1346.0,2050.0,2018,7,21,20,0,1
1475987,168,2018-07-22 00:00:00,2,Jackson Heights,357.0,1147.0,2018,7,22,0,0,1
1476444,168,2018-07-22 04:00:00,2,Jackson Heights,378.0,226.0,2018,7,22,4,0,1
1476905,168,2018-07-22 08:00:00,2,Jackson Heights,1790.0,439.0,2018,7,22,8,0,1
1477360,168,2018-07-22 12:00:00,2,Jackson Heights,2601.0,929.0,2018,7,22,12,0,1
1477825,168,2018-07-22 16:00:00,2,Jackson Heights,2056.0,1697.0,2018,7,22,16,0,1
1478278,168,2018-07-22 20:00:00,2,Jackson Heights,1120.0,1824.0,2018,7,22,20,0,1
1478735,168,2018-07-23 00:00:00,2,Jackson Heights,31.0,387.0,2018,7,23,0,0,1
1479179,168,2018-07-23 04:00:00,2,Jackson Heights,2027.0,168.0,2018,7,23,4,0,1
1479646,168,2018-07-23 08:00:00,2,Jackson Heights,5102.0,691.0,2018,7,23,8,0,1
1480113,168,2018-07-23 12:00:00,2,Jackson Heights,3670.0,1181.0,2018,7,23,12,0,1
1480582,168,2018-07-23 16:00:00,2,Jackson Heights,2820.0,2241.0,2018,7,23,16,0,1
1481050,168,2018-07-23 20:00:00,2,Jackson Heights,1994.0,2352.0,2018,7,23,20,0,1
1481509,168,2018-07-24 00:00:00,2,Jackson Heights,72.0,733.0,2018,7,24,0,0,1
1481963,168,2018-07-24 04:00:00,2,Jackson Heights,2528.0,222.0,2018,7,24,4,0,1
1482431,168,2018-07-24 08:00:00,2,Jackson Heights,5339.0,659.0,2018,7,24,8,0,1
1482899,168,2018-07-24 12:00:00,2,Jackson Heights,3599.0,1145.0,2018,7,24,12,0,1
1483368,168,2018-07-24 16:00:00,2,Jackson Heights,2844.0,2321.0,2018,7,24,16,0,1
1483836,168,2018-07-24 20:00:00,2,Jackson Heights,2026.0,2532.0,2018,7,24,20,0,1
1484298,168,2018-07-25 00:00:00,2,Jackson Heights,69.0,798.0,2018,7,25,0,0,1
1484754,168,2018-07-25 04:00:00,2,Jackson Heights,2353.0,270.0,2018,7,25,4,0,1
1485222,168,2018-07-25 08:00:00,2,Jackson Heights,5157.0,731.0,2018,7,25,8,0,1
1485691,168,2018-07-25 12:00:00,2,Jackson Heights,3664.0,1170.0,2018,7,25,12,0,1
1486159,168,2018-07-25 16:00:00,2,Jackson Heights,2777.0,2257.0,2018,7,25,16,0,1
1486627,168,2018-07-25 20:00:00,2,Jackson Heights,1938.0,2435.0,2018,7,25,20,0,1
1487086,168,2018-07-26 00:00:00,2,Jackson Heights,37.0,625.0,2018,7,26,0,0,1
1487539,168,2018-07-26 04:00:00,2,Jackson Heights,2529.0,277.0,2018,7,26,4,0,1
1488006,168,2018-07-26 08:00:00,2,Jackson Heights,5373.0,627.0,2018,7,26,8,0,1
1488475,168,2018-07-26 12:00:00,2,Jackson Heights,3657.0,1131.0,2018,7,26,12,0,1
1488943,168,2018-07-26 16:00:00,2,Jackson Heights,2786.0,2168.0,2018,7,26,16,0,1
1489411,168,2018-07-26 20:00:00,2,Jackson Heights,2050.0,2396.0,2018,7,26,20,0,1
1489878,168,2018-07-27 00:00:00,2,Jackson Heights,116.0,961.0,2018,7,27,0,0,1
1490339,168,2018-07-27 04:00:00,2,Jackson Heights,2373.0,276.0,2018,7,27,4,0,1
1490808,168,2018-07-27 08:00:00,2,Jackson Heights,5117.0,596.0,2018,7,27,8,0,1
1491276,168,2018-07-27 12:00:00,2,Jackson Heights,3647.0,1092.0,2018,7,27,12,0,1
1491744,168,2018-07-27 16:00:00,2,Jackson Heights,2915.0,2275.0,2018,7,27,16,0,1
1492213,168,2018-07-27 20:00:00,2,Jackson Heights,2034.0,2412.0,2018,7,27,20,0,1
1492682,168,2018-07-28 00:00:00,2,Jackson Heights,277.0,771.0,2018,7,28,0,0,1
1493145,168,2018-07-28 04:00:00,2,Jackson Heights,751.0,240.0,2018,7,28,4,0,1
1493606,168,2018-07-28 08:00:00,2,Jackson Heights,2472.0,329.0,2018,7,28,8,0,1
1494070,168,2018-07-28 12:00:00,2,Jackson Heights,2685.0,516.0,2018,7,28,12,0,1
1494529,168,2018-07-28 16:00:00,2,Jackson Heights,2127.0,712.0,2018,7,28,16,0,1
1494993,168,2018-07-28 20:00:00,2,Jackson Heights,1336.0,840.0,2018,7,28,20,0,1
1495453,168,2018-07-29 00:00:00,2,Jackson Heights,448.0,595.0,2018,7,29,0,0,1
1495917,168,2018-07-29 04:00:00,2,Jackson Heights,351.0,257.0,2018,7,29,4,0,1
1496377,168,2018-07-29 08:00:00,2,Jackson Heights,1525.0,232.0,2018,7,29,8,0,1
1496840,168,2018-07-29 12:00:00,2,Jackson Heights,2301.0,392.0,2018,7,29,12,0,1
1497296,168,2018-07-29 16:00:00,2,Jackson Heights,1740.0,572.0,2018,7,29,16,0,1
1497759,168,2018-07-29 20:00:00,2,Jackson Heights,989.0,695.0,2018,7,29,20,0,1
1498216,168,2018-07-30 00:00:00,2,Jackson Heights,119.0,421.0,2018,7,30,0,0,1
1498675,168,2018-07-30 04:00:00,2,Jackson Heights,2286.0,181.0,2018,7,30,4,0,1
1499144,168,2018-07-30 08:00:00,2,Jackson Heights,5086.0,684.0,2018,7,30,8,0,1
1499612,168,2018-07-30 12:00:00,2,Jackson Heights,3598.0,1182.0,2018,7,30,12,0,1
1500081,168,2018-07-30 16:00:00,2,Jackson Heights,2739.0,2220.0,2018,7,30,16,0,1
1500549,168,2018-07-30 20:00:00,2,Jackson Heights,1931.0,2340.0,2018,7,30,20,0,1
1501005,168,2018-07-31 00:00:00,2,Jackson Heights,34.0,560.0,2018,7,31,0,0,1
1501457,168,2018-07-31 04:00:00,2,Jackson Heights,2462.0,214.0,2018,7,31,4,0,1
1501925,168,2018-07-31 08:00:00,2,Jackson Heights,5126.0,666.0,2018,7,31,8,0,1
1502393,168,2018-07-31 12:00:00,2,Jackson Heights,3491.0,1167.0,2018,7,31,12,0,1
1502862,168,2018-07-31 16:00:00,2,Jackson Heights,2803.0,2171.0,2018,7,31,16,0,1
1503330,168,2018-07-31 20:00:00,2,Jackson Heights,1977.0,2337.0,2018,7,31,20,0,1
1503793,168,2018-08-01 00:00:00,2,Jackson Heights,70.0,632.0,2018,8,1,0,0,1
1504245,168,2018-08-01 04:00:00,2,Jackson Heights,2356.0,202.0,2018,8,1,4,0,1
1504712,168,2018-08-01 08:00:00,2,Jackson Heights,5232.0,667.0,2018,8,1,8,0,1
1505180,168,2018-08-01 12:00:00,2,Jackson Heights,3604.0,1140.0,2018,8,1,12,0,1
1505649,168,2018-08-01 16:00:00,2,Jackson Heights,2722.0,2119.0,2018,8,1,16,0,1
1506118,168,2018-08-01 20:00:00,2,Jackson Heights,1978.0,2361.0,2018,8,1,20,0,1
1506579,168,2018-08-02 00:00:00,2,Jackson Heights,60.0,639.0,2018,8,2,0,0,1
1507034,168,2018-08-02 04:00:00,2,Jackson Heights,2413.0,253.0,2018,8,2,4,0,1
1507502,168,2018-08-02 08:00:00,2,Jackson Heights,5256.0,604.0,2018,8,2,8,0,1
1507970,168,2018-08-02 12:00:00,2,Jackson Heights,3626.0,1166.0,2018,8,2,12,0,1
1508439,168,2018-08-02 16:00:00,2,Jackson Heights,2732.0,2254.0,2018,8,2,16,0,1
1508908,168,2018-08-02 20:00:00,2,Jackson Heights,1991.0,2347.0,2018,8,2,20,0,1
1509367,168,2018-08-03 00:00:00,2,Jackson Heights,35.0,552.0,2018,8,3,0,0,1
1509826,168,2018-08-03 04:00:00,2,Jackson Heights,2228.0,216.0,2018,8,3,4,0,1
1510293,168,2018-08-03 08:00:00,2,Jackson Heights,4971.0,619.0,2018,8,3,8,0,1
1510761,168,2018-08-03 12:00:00,2,Jackson Heights,3611.0,1184.0,2018,8,3,12,0,1
1511230,168,2018-08-03 16:00:00,2,Jackson Heights,2834.0,2133.0,2018,8,3,16,0,1
1511699,168,2018-08-03 20:00:00,2,Jackson Heights,2031.0,2253.0,2018,8,3,20,0,1
1512166,168,2018-08-04 00:00:00,2,Jackson Heights,391.0,977.0,2018,8,4,0,0,1
1512630,168,2018-08-04 04:00:00,2,Jackson Heights,979.0,260.0,2018,8,4,4,0,1
1513091,168,2018-08-04 08:00:00,2,Jackson Heights,2634.0,556.0,2018,8,4,8,0,1
1513555,168,2018-08-04 12:00:00,2,Jackson Heights,3012.0,1048.0,2018,8,4,12,0,1
1514017,168,2018-08-04 16:00:00,2,Jackson Heights,2772.0,1527.0,2018,8,4,16,0,1
1514481,168,2018-08-04 20:00:00,2,Jackson Heights,1777.0,1692.0,2018,8,4,20,0,1
1514945,168,2018-08-05 00:00:00,2,Jackson Heights,505.0,929.0,2018,8,5,0,0,1
1515407,168,2018-08-05 04:00:00,2,Jackson Heights,520.0,235.0,2018,8,5,4,0,1
1515866,168,2018-08-05 08:00:00,2,Jackson Heights,2058.0,488.0,2018,8,5,8,0,1
1516329,168,2018-08-05 12:00:00,2,Jackson Heights,3120.0,931.0,2018,8,5,12,0,1
1516789,168,2018-08-05 16:00:00,2,Jackson Heights,2447.0,1238.0,2018,8,5,16,0,1
1517251,168,2018-08-05 20:00:00,2,Jackson Heights,1320.0,1397.0,2018,8,5,20,0,1
1517712,168,2018-08-06 00:00:00,2,Jackson Heights,99.0,545.0,2018,8,6,0,0,1
1518169,168,2018-08-06 04:00:00,2,Jackson Heights,2344.0,209.0,2018,8,6,4,0,1
1518637,168,2018-08-06 08:00:00,2,Jackson Heights,5062.0,686.0,2018,8,6,8,0,1
1519106,168,2018-08-06 12:00:00,2,Jackson Heights,3564.0,1282.0,2018,8,6,12,0,1
1519575,168,2018-08-06 16:00:00,2,Jackson Heights,2722.0,2280.0,2018,8,6,16,0,1
1520043,168,2018-08-06 20:00:00,2,Jackson Heights,1929.0,2347.0,2018,8,6,20,0,1
1520506,168,2018-08-07 00:00:00,2,Jackson Heights,66.0,628.0,2018,8,7,0,0,1
1520965,168,2018-08-07 04:00:00,2,Jackson Heights,1995.0,222.0,2018,8,7,4,0,1
1521432,168,2018-08-07 08:00:00,2,Jackson Heights,5091.0,646.0,2018,8,7,8,0,1
1521901,168,2018-08-07 12:00:00,2,Jackson Heights,3397.0,1295.0,2018,8,7,12,0,1
1522370,168,2018-08-07 16:00:00,2,Jackson Heights,2604.0,2293.0,2018,8,7,16,0,1
1522838,168,2018-08-07 20:00:00,2,Jackson Heights,1839.0,2232.0,2018,8,7,20,0,1
1523298,168,2018-08-08 00:00:00,2,Jackson Heights,20.0,486.0,2018,8,8,0,0,1
1523756,168,2018-08-08 04:00:00,2,Jackson Heights,2409.0,257.0,2018,8,8,4,0,1
1524224,168,2018-08-08 08:00:00,2,Jackson Heights,5218.0,653.0,2018,8,8,8,0,1
1524692,168,2018-08-08 12:00:00,2,Jackson Heights,3643.0,1155.0,2018,8,8,12,0,1
1525161,168,2018-08-08 16:00:00,2,Jackson Heights,2708.0,2134.0,2018,8,8,16,0,1
1525630,168,2018-08-08 20:00:00,2,Jackson Heights,1951.0,2337.0,2018,8,8,20,0,1
1526094,168,2018-08-09 00:00:00,2,Jackson Heights,95.0,824.0,2018,8,9,0,0,1
1526555,168,2018-08-09 04:00:00,2,Jackson Heights,1626.0,253.0,2018,8,9,4,0,1
1527022,168,2018-08-09 08:00:00,2,Jackson Heights,5079.0,655.0,2018,8,9,8,0,1
1527490,168,2018-08-09 12:00:00,2,Jackson Heights,3505.0,1150.0,2018,8,9,12,0,1
1527958,168,2018-08-09 16:00:00,2,Jackson Heights,2704.0,2211.0,2018,8,9,16,0,1
1528427,168,2018-08-09 20:00:00,2,Jackson Heights,1999.0,2457.0,2018,8,9,20,0,1
1528892,168,2018-08-10 00:00:00,2,Jackson Heights,160.0,859.0,2018,8,10,0,0,1
1529352,168,2018-08-10 04:00:00,2,Jackson Heights,2307.0,267.0,2018,8,10,4,0,1
1529820,168,2018-08-10 08:00:00,2,Jackson Heights,4937.0,607.0,2018,8,10,8,0,1
1530289,168,2018-08-10 12:00:00,2,Jackson Heights,3589.0,1124.0,2018,8,10,12,0,1
1530757,168,2018-08-10 16:00:00,2,Jackson Heights,2926.0,2149.0,2018,8,10,16,0,1
1531226,168,2018-08-10 20:00:00,2,Jackson Heights,2105.0,2302.0,2018,8,10,20,0,1
1531695,168,2018-08-11 00:00:00,2,Jackson Heights,384.0,1011.0,2018,8,11,0,0,1
1532162,168,2018-08-11 04:00:00,2,Jackson Heights,1001.0,328.0,2018,8,11,4,0,1
1532615,168,2018-08-11 08:00:00,2,Jackson Heights,2632.0,440.0,2018,8,11,8,0,1
1533079,168,2018-08-11 12:00:00,2,Jackson Heights,2854.0,991.0,2018,8,11,12,0,1
1533538,168,2018-08-11 16:00:00,2,Jackson Heights,2378.0,1368.0,2018,8,11,16,0,1
1534002,168,2018-08-11 20:00:00,2,Jackson Heights,1511.0,1335.0,2018,8,11,20,0,1
1534461,168,2018-08-12 00:00:00,2,Jackson Heights,437.0,789.0,2018,8,12,0,0,1
1534927,168,2018-08-12 04:00:00,2,Jackson Heights,533.0,250.0,2018,8,12,4,0,1
1535389,168,2018-08-12 08:00:00,2,Jackson Heights,2105.0,383.0,2018,8,12,8,0,1
1535849,168,2018-08-12 12:00:00,2,Jackson Heights,3019.0,832.0,2018,8,12,12,0,1
1536312,168,2018-08-12 16:00:00,2,Jackson Heights,2461.0,1353.0,2018,8,12,16,0,1
1536769,168,2018-08-12 20:00:00,2,Jackson Heights,1391.0,1462.0,2018,8,12,20,0,1
1537228,168,2018-08-13 00:00:00,2,Jackson Heights,78.0,644.0,2018,8,13,0,0,1
1537680,168,2018-08-13 04:00:00,2,Jackson Heights,2306.0,180.0,2018,8,13,4,0,1
1538147,168,2018-08-13 08:00:00,2,Jackson Heights,4829.0,637.0,2018,8,13,8,0,1
1538616,168,2018-08-13 12:00:00,2,Jackson Heights,3439.0,1092.0,2018,8,13,12,0,1
1539085,168,2018-08-13 16:00:00,2,Jackson Heights,2766.0,2135.0,2018,8,13,16,0,1
1539554,168,2018-08-13 20:00:00,2,Jackson Heights,1896.0,2272.0,2018,8,13,20,0,1
1540014,168,2018-08-14 00:00:00,2,Jackson Heights,69.0,623.0,2018,8,14,0,0,1
1540471,168,2018-08-14 04:00:00,2,Jackson Heights,2049.0,214.0,2018,8,14,4,0,1
1540939,168,2018-08-14 08:00:00,2,Jackson Heights,5094.0,551.0,2018,8,14,8,0,1
1541408,168,2018-08-14 12:00:00,2,Jackson Heights,3511.0,801.0,2018,8,14,12,0,1
1541876,168,2018-08-14 16:00:00,2,Jackson Heights,2568.0,1948.0,2018,8,14,16,0,1
1542345,168,2018-08-14 20:00:00,2,Jackson Heights,1816.0,2253.0,2018,8,14,20,0,1
1542807,168,2018-08-15 00:00:00,2,Jackson Heights,83.0,707.0,2018,8,15,0,0,1
1543267,168,2018-08-15 04:00:00,2,Jackson Heights,2090.0,275.0,2018,8,15,4,0,1
1543736,168,2018-08-15 08:00:00,2,Jackson Heights,5119.0,570.0,2018,8,15,8,0,1
1544205,168,2018-08-15 12:00:00,2,Jackson Heights,3354.0,777.0,2018,8,15,12,0,1
1544673,168,2018-08-15 16:00:00,2,Jackson Heights,2583.0,1911.0,2018,8,15,16,0,1
1545142,168,2018-08-15 20:00:00,2,Jackson Heights,1990.0,2446.0,2018,8,15,20,0,1
1545604,168,2018-08-16 00:00:00,2,Jackson Heights,103.0,832.0,2018,8,16,0,0,1
1546064,168,2018-08-16 04:00:00,2,Jackson Heights,2372.0,210.0,2018,8,16,4,0,1
1546532,168,2018-08-16 08:00:00,2,Jackson Heights,5021.0,546.0,2018,8,16,8,0,1
1547001,168,2018-08-16 12:00:00,2,Jackson Heights,3345.0,727.0,2018,8,16,12,0,1
1547470,168,2018-08-16 16:00:00,2,Jackson Heights,2617.0,1901.0,2018,8,16,16,0,1
1547938,168,2018-08-16 20:00:00,2,Jackson Heights,1971.0,2394.0,2018,8,16,20,0,1
1548403,168,2018-08-17 00:00:00,2,Jackson Heights,114.0,815.0,2018,8,17,0,0,1
1548867,168,2018-08-17 04:00:00,2,Jackson Heights,2329.0,276.0,2018,8,17,4,0,1
1549336,168,2018-08-17 08:00:00,2,Jackson Heights,4848.0,535.0,2018,8,17,8,0,1
1549805,168,2018-08-17 12:00:00,2,Jackson Heights,3252.0,716.0,2018,8,17,12,0,1
1550274,168,2018-08-17 16:00:00,2,Jackson Heights,2706.0,1820.0,2018,8,17,16,0,1
1550743,168,2018-08-17 20:00:00,2,Jackson Heights,2021.0,2268.0,2018,8,17,20,0,1
1551211,168,2018-08-18 00:00:00,2,Jackson Heights,307.0,924.0,2018,8,18,0,0,1
1551679,168,2018-08-18 04:00:00,2,Jackson Heights,751.0,262.0,2018,8,18,4,0,1
1552141,168,2018-08-18 08:00:00,2,Jackson Heights,2373.0,297.0,2018,8,18,8,0,1
1552606,168,2018-08-18 12:00:00,2,Jackson Heights,2506.0,454.0,2018,8,18,12,0,1
1553068,168,2018-08-18 16:00:00,2,Jackson Heights,1961.0,626.0,2018,8,18,16,0,1
1553533,168,2018-08-18 20:00:00,2,Jackson Heights,1230.0,787.0,2018,8,18,20,0,1
1553995,168,2018-08-19 00:00:00,2,Jackson Heights,330.0,525.0,2018,8,19,0,0,1
1554457,168,2018-08-19 04:00:00,2,Jackson Heights,316.0,199.0,2018,8,19,4,0,1
1554922,168,2018-08-19 08:00:00,2,Jackson Heights,1321.0,215.0,2018,8,19,8,0,1
1555388,168,2018-08-19 12:00:00,2,Jackson Heights,2005.0,374.0,2018,8,19,12,0,1
1555854,168,2018-08-19 16:00:00,2,Jackson Heights,1591.0,501.0,2018,8,19,16,0,1
1556315,168,2018-08-19 20:00:00,2,Jackson Heights,913.0,672.0,2018,8,19,20,0,1
1556772,168,2018-08-20 00:00:00,2,Jackson Heights,129.0,390.0,2018,8,20,0,0,1
1557224,168,2018-08-20 04:00:00,2,Jackson Heights,2223.0,184.0,2018,8,20,4,0,1
1557692,168,2018-08-20 08:00:00,2,Jackson Heights,4642.0,592.0,2018,8,20,8,0,1
1558160,168,2018-08-20 12:00:00,2,Jackson Heights,3114.0,673.0,2018,8,20,12,0,1
1558629,168,2018-08-20 16:00:00,2,Jackson Heights,2551.0,1705.0,2018,8,20,16,0,1
1559098,168,2018-08-20 20:00:00,2,Jackson Heights,1839.0,2209.0,2018,8,20,20,0,1
1559559,168,2018-08-21 00:00:00,2,Jackson Heights,53.0,535.0,2018,8,21,0,0,1
1560017,168,2018-08-21 04:00:00,2,Jackson Heights,1907.0,207.0,2018,8,21,4,0,1
1560486,168,2018-08-21 08:00:00,2,Jackson Heights,4789.0,561.0,2018,8,21,8,0,1
1560955,168,2018-08-21 12:00:00,2,Jackson Heights,3069.0,571.0,2018,8,21,12,0,1
1561424,168,2018-08-21 16:00:00,2,Jackson Heights,2558.0,1889.0,2018,8,21,16,0,1
1561892,168,2018-08-21 20:00:00,2,Jackson Heights,1932.0,2475.0,2018,8,21,20,0,1
1562354,168,2018-08-22 00:00:00,2,Jackson Heights,63.0,506.0,2018,8,22,0,0,1
1562815,168,2018-08-22 04:00:00,2,Jackson Heights,2322.0,201.0,2018,8,22,4,0,1
1563284,168,2018-08-22 08:00:00,2,Jackson Heights,4874.0,546.0,2018,8,22,8,0,1
1563752,168,2018-08-22 12:00:00,2,Jackson Heights,3146.0,653.0,2018,8,22,12,0,1
1564221,168,2018-08-22 16:00:00,2,Jackson Heights,2495.0,1764.0,2018,8,22,16,0,1
1564690,168,2018-08-22 20:00:00,2,Jackson Heights,1898.0,2416.0,2018,8,22,20,0,1
1565153,168,2018-08-23 00:00:00,2,Jackson Heights,82.0,778.0,2018,8,23,0,0,1
1565613,168,2018-08-23 04:00:00,2,Jackson Heights,1439.0,199.0,2018,8,23,4,0,1
1566081,168,2018-08-23 08:00:00,2,Jackson Heights,4906.0,586.0,2018,8,23,8,0,1
1566550,168,2018-08-23 12:00:00,2,Jackson Heights,3289.0,981.0,2018,8,23,12,0,1
1567019,168,2018-08-23 16:00:00,2,Jackson Heights,2632.0,1953.0,2018,8,23,16,0,1
1567488,168,2018-08-23 20:00:00,2,Jackson Heights,2027.0,2367.0,2018,8,23,20,0,1
1567952,168,2018-08-24 00:00:00,2,Jackson Heights,141.0,879.0,2018,8,24,0,0,1
1568416,168,2018-08-24 04:00:00,2,Jackson Heights,2280.0,230.0,2018,8,24,4,0,1
1568885,168,2018-08-24 08:00:00,2,Jackson Heights,4799.0,567.0,2018,8,24,8,0,1
1569354,168,2018-08-24 12:00:00,2,Jackson Heights,3174.0,825.0,2018,8,24,12,0,1
1569823,168,2018-08-24 16:00:00,2,Jackson Heights,2653.0,1871.0,2018,8,24,16,0,1
1570292,168,2018-08-24 20:00:00,2,Jackson Heights,2088.0,2335.0,2018,8,24,20,0,1
1570759,168,2018-08-25 00:00:00,2,Jackson Heights,352.0,965.0,2018,8,25,0,0,1
1571222,168,2018-08-25 04:00:00,2,Jackson Heights,1022.0,285.0,2018,8,25,4,0,1
1571686,168,2018-08-25 08:00:00,2,Jackson Heights,2745.0,537.0,2018,8,25,8,0,1
1572149,168,2018-08-25 12:00:00,2,Jackson Heights,3185.0,1083.0,2018,8,25,12,0,1
1572615,168,2018-08-25 16:00:00,2,Jackson Heights,2597.0,1595.0,2018,8,25,16,0,1
1573078,168,2018-08-25 20:00:00,2,Jackson Heights,1538.0,1641.0,2018,8,25,20,0,1
1573542,168,2018-08-26 00:00:00,2,Jackson Heights,519.0,894.0,2018,8,26,0,0,1
1574003,168,2018-08-26 04:00:00,2,Jackson Heights,545.0,222.0,2018,8,26,4,0,1
1574469,168,2018-08-26 08:00:00,2,Jackson Heights,2033.0,404.0,2018,8,26,8,0,1
1574926,168,2018-08-26 12:00:00,2,Jackson Heights,2839.0,737.0,2018,8,26,12,0,1
1575393,168,2018-08-26 16:00:00,2,Jackson Heights,2193.0,1260.0,2018,8,26,16,0,1
1575847,168,2018-08-26 20:00:00,2,Jackson Heights,1203.0,1440.0,2018,8,26,20,0,1
1576308,168,2018-08-27 00:00:00,2,Jackson Heights,45.0,356.0,2018,8,27,0,0,1
1576753,168,2018-08-27 04:00:00,2,Jackson Heights,2361.0,170.0,2018,8,27,4,0,1
1577221,168,2018-08-27 08:00:00,2,Jackson Heights,5084.0,581.0,2018,8,27,8,0,1
1577690,168,2018-08-27 12:00:00,2,Jackson Heights,3312.0,679.0,2018,8,27,12,0,1
1578158,168,2018-08-27 16:00:00,2,Jackson Heights,2519.0,1901.0,2018,8,27,16,0,1
1578627,168,2018-08-27 20:00:00,2,Jackson Heights,1902.0,2435.0,2018,8,27,20,0,1
1579087,168,2018-08-28 00:00:00,2,Jackson Heights,40.0,319.0,2018,8,28,0,0,1
1579546,168,2018-08-28 04:00:00,2,Jackson Heights,2418.0,240.0,2018,8,28,4,0,1
1580014,168,2018-08-28 08:00:00,2,Jackson Heights,5063.0,586.0,2018,8,28,8,0,1
1580482,168,2018-08-28 12:00:00,2,Jackson Heights,3232.0,708.0,2018,8,28,12,0,1
1580951,168,2018-08-28 16:00:00,2,Jackson Heights,2419.0,1795.0,2018,8,28,16,0,1
1581419,168,2018-08-28 20:00:00,2,Jackson Heights,1828.0,2332.0,2018,8,28,20,0,1
1581881,168,2018-08-29 00:00:00,2,Jackson Heights,46.0,717.0,2018,8,29,0,0,1
1582338,168,2018-08-29 04:00:00,2,Jackson Heights,2386.0,273.0,2018,8,29,4,0,1
1582806,168,2018-08-29 08:00:00,2,Jackson Heights,5085.0,563.0,2018,8,29,8,0,1
1583274,168,2018-08-29 12:00:00,2,Jackson Heights,3221.0,723.0,2018,8,29,12,0,1
1583743,168,2018-08-29 16:00:00,2,Jackson Heights,2387.0,1790.0,2018,8,29,16,0,1
1584211,168,2018-08-29 20:00:00,2,Jackson Heights,1834.0,2379.0,2018,8,29,20,0,1
1584674,168,2018-08-30 00:00:00,2,Jackson Heights,62.0,786.0,2018,8,30,0,0,1
1585136,168,2018-08-30 04:00:00,2,Jackson Heights,2394.0,252.0,2018,8,30,4,0,1
1585603,168,2018-08-30 08:00:00,2,Jackson Heights,5094.0,580.0,2018,8,30,8,0,1
1586071,168,2018-08-30 12:00:00,2,Jackson Heights,3202.0,639.0,2018,8,30,12,0,1
1586540,168,2018-08-30 16:00:00,2,Jackson Heights,2408.0,1832.0,2018,8,30,16,0,1
1587008,168,2018-08-30 20:00:00,2,Jackson Heights,1916.0,2465.0,2018,8,30,20,0,1
1587471,168,2018-08-31 00:00:00,2,Jackson Heights,123.0,874.0,2018,8,31,0,0,1
1587930,168,2018-08-31 04:00:00,2,Jackson Heights,2243.0,322.0,2018,8,31,4,0,1
1588398,168,2018-08-31 08:00:00,2,Jackson Heights,4850.0,582.0,2018,8,31,8,0,1
1588866,168,2018-08-31 12:00:00,2,Jackson Heights,3225.0,736.0,2018,8,31,12,0,1
1589334,168,2018-08-31 16:00:00,2,Jackson Heights,2471.0,1715.0,2018,8,31,16,0,1
1589802,168,2018-08-31 20:00:00,2,Jackson Heights,1994.0,2227.0,2018,8,31,20,0,1
1590270,168,2018-09-01 00:00:00,2,Jackson Heights,395.0,877.0,2018,9,1,0,0,1
1590737,168,2018-09-01 04:00:00,2,Jackson Heights,833.0,213.0,2018,9,1,4,0,1
1591201,168,2018-09-01 08:00:00,2,Jackson Heights,2333.0,524.0,2018,9,1,8,0,1
1591669,168,2018-09-01 12:00:00,2,Jackson Heights,2519.0,989.0,2018,9,1,12,0,1
1592133,168,2018-09-01 16:00:00,2,Jackson Heights,2051.0,1523.0,2018,9,1,16,0,1
1592601,168,2018-09-01 20:00:00,2,Jackson Heights,1277.0,1724.0,2018,9,1,20,0,1
1593069,168,2018-09-02 00:00:00,2,Jackson Heights,350.0,956.0,2018,9,2,0,0,1
1593533,168,2018-09-02 04:00:00,2,Jackson Heights,414.0,271.0,2018,9,2,4,0,1
1593999,168,2018-09-02 08:00:00,2,Jackson Heights,1649.0,368.0,2018,9,2,8,0,1
1594465,168,2018-09-02 12:00:00,2,Jackson Heights,2194.0,760.0,2018,9,2,12,0,1
1594931,168,2018-09-02 16:00:00,2,Jackson Heights,1702.0,1216.0,2018,9,2,16,0,1
1595396,168,2018-09-02 20:00:00,2,Jackson Heights,982.0,1536.0,2018,9,2,20,0,1
1595864,168,2018-09-03 00:00:00,2,Jackson Heights,217.0,853.0,2018,9,3,0,1,1
1596325,168,2018-09-03 04:00:00,2,Jackson Heights,721.0,149.0,2018,9,3,4,1,1
1596791,168,2018-09-03 08:00:00,2,Jackson Heights,1893.0,438.0,2018,9,3,8,1,1
1597256,168,2018-09-03 12:00:00,2,Jackson Heights,2148.0,864.0,2018,9,3,12,1,1
1597722,168,2018-09-03 16:00:00,2,Jackson Heights,1767.0,1357.0,2018,9,3,16,1,1
1598188,168,2018-09-03 20:00:00,2,Jackson Heights,802.0,1443.0,2018,9,3,20,1,1
1598643,168,2018-09-04 00:00:00,2,Jackson Heights,1169.0,965.0,2018,9,4,0,0,1
1599102,168,2018-09-04 04:00:00,2,Jackson Heights,3201.0,339.0,2018,9,4,4,0,1
1599569,168,2018-09-04 08:00:00,2,Jackson Heights,3753.0,373.0,2018,9,4,8,0,1
1600036,168,2018-09-04 12:00:00,2,Jackson Heights,2816.0,1059.0,2018,9,4,12,0,1
1600504,168,2018-09-04 16:00:00,2,Jackson Heights,2693.0,2402.0,2018,9,4,16,0,1
1600971,168,2018-09-04 20:00:00,2,Jackson Heights,1936.0,2472.0,2018,9,4,20,0,1
1601426,168,2018-09-05 00:00:00,2,Jackson Heights,39.0,367.0,2018,9,5,0,0,1
1601877,168,2018-09-05 04:00:00,2,Jackson Heights,2952.0,291.0,2018,9,5,4,0,1
1602343,168,2018-09-05 08:00:00,2,Jackson Heights,5729.0,652.0,2018,9,5,8,0,1
1602810,168,2018-09-05 12:00:00,2,Jackson Heights,3378.0,1184.0,2018,9,5,12,0,1
1603276,168,2018-09-05 16:00:00,2,Jackson Heights,2594.0,2425.0,2018,9,5,16,0,1
1603742,168,2018-09-05 20:00:00,2,Jackson Heights,1866.0,2527.0,2018,9,5,20,0,1
1604197,168,2018-09-06 00:00:00,2,Jackson Heights,22.0,362.0,2018,9,6,0,0,1
1604650,168,2018-09-06 04:00:00,2,Jackson Heights,3056.0,292.0,2018,9,6,4,0,1
1605116,168,2018-09-06 08:00:00,2,Jackson Heights,5780.0,657.0,2018,9,6,8,0,1
1605582,168,2018-09-06 12:00:00,2,Jackson Heights,3387.0,1181.0,2018,9,6,12,0,1
1606049,168,2018-09-06 16:00:00,2,Jackson Heights,2608.0,2359.0,2018,9,6,16,0,1
1606516,168,2018-09-06 20:00:00,2,Jackson Heights,1864.0,2440.0,2018,9,6,20,0,1
1606966,168,2018-09-07 00:00:00,2,Jackson Heights,38.0,421.0,2018,9,7,0,0,1
1607417,168,2018-09-07 04:00:00,2,Jackson Heights,3010.0,322.0,2018,9,7,4,0,1
1607882,168,2018-09-07 08:00:00,2,Jackson Heights,5733.0,570.0,2018,9,7,8,0,1
1608349,168,2018-09-07 12:00:00,2,Jackson Heights,3388.0,1135.0,2018,9,7,12,0,1
1608816,168,2018-09-07 16:00:00,2,Jackson Heights,2725.0,2329.0,2018,9,7,16,0,1
1609282,168,2018-09-07 20:00:00,2,Jackson Heights,2006.0,2451.0,2018,9,7,20,0,1
1609748,168,2018-09-08 00:00:00,2,Jackson Heights,332.0,999.0,2018,9,8,0,0,1
1610208,168,2018-09-08 04:00:00,2,Jackson Heights,1073.0,259.0,2018,9,8,4,0,1
1610669,168,2018-09-08 08:00:00,2,Jackson Heights,2949.0,513.0,2018,9,8,8,0,1
1611131,168,2018-09-08 12:00:00,2,Jackson Heights,3148.0,967.0,2018,9,8,12,0,1
1611590,168,2018-09-08 16:00:00,2,Jackson Heights,2603.0,1568.0,2018,9,8,16,0,1
1612052,168,2018-09-08 20:00:00,2,Jackson Heights,1550.0,1632.0,2018,9,8,20,0,1
1612512,168,2018-09-09 00:00:00,2,Jackson Heights,358.0,793.0,2018,9,9,0,0,1
1612976,168,2018-09-09 04:00:00,2,Jackson Heights,521.0,236.0,2018,9,9,4,0,1
1613437,168,2018-09-09 08:00:00,2,Jackson Heights,1993.0,401.0,2018,9,9,8,0,1
1613895,168,2018-09-09 12:00:00,2,Jackson Heights,2632.0,810.0,2018,9,9,12,0,1
1614357,168,2018-09-09 16:00:00,2,Jackson Heights,2101.0,1270.0,2018,9,9,16,0,1
1614814,168,2018-09-09 20:00:00,2,Jackson Heights,1265.0,1338.0,2018,9,9,20,0,1
1615270,168,2018-09-10 00:00:00,2,Jackson Heights,51.0,428.0,2018,9,10,0,0,1
1615723,168,2018-09-10 04:00:00,2,Jackson Heights,2096.0,156.0,2018,9,10,4,0,1
1616189,168,2018-09-10 08:00:00,2,Jackson Heights,4465.0,607.0,2018,9,10,8,0,1
1616654,168,2018-09-10 12:00:00,2,Jackson Heights,3359.0,1044.0,2018,9,10,12,0,1
1617119,168,2018-09-10 16:00:00,2,Jackson Heights,2721.0,2170.0,2018,9,10,16,0,1
1617585,168,2018-09-10 20:00:00,2,Jackson Heights,1807.0,2206.0,2018,9,10,20,0,1
1618043,168,2018-09-11 00:00:00,2,Jackson Heights,82.0,567.0,2018,9,11,0,0,1
1618493,168,2018-09-11 04:00:00,2,Jackson Heights,2274.0,231.0,2018,9,11,4,0,1
1618957,168,2018-09-11 08:00:00,2,Jackson Heights,4770.0,589.0,2018,9,11,8,0,1
1619423,168,2018-09-11 12:00:00,2,Jackson Heights,3422.0,1041.0,2018,9,11,12,0,1
1619887,168,2018-09-11 16:00:00,2,Jackson Heights,2801.0,2218.0,2018,9,11,16,0,1
1620353,168,2018-09-11 20:00:00,2,Jackson Heights,1958.0,2356.0,2018,9,11,20,0,1
1620804,168,2018-09-12 00:00:00,2,Jackson Heights,43.0,501.0,2018,9,12,0,0,1
1621243,168,2018-09-12 04:00:00,2,Jackson Heights,3038.0,279.0,2018,9,12,4,0,1
1621707,168,2018-09-12 08:00:00,2,Jackson Heights,5932.0,596.0,2018,9,12,8,0,1
1622172,168,2018-09-12 12:00:00,2,Jackson Heights,3566.0,1131.0,2018,9,12,12,0,1
1622638,168,2018-09-12 16:00:00,2,Jackson Heights,2739.0,2422.0,2018,9,12,16,0,1
1623103,168,2018-09-12 20:00:00,2,Jackson Heights,1888.0,2476.0,2018,9,12,20,0,1
1623991,168,2018-09-13 04:00:00,2,Jackson Heights,3054.0,281.0,2018,9,13,4,0,1
1624455,168,2018-09-13 08:00:00,2,Jackson Heights,5887.0,641.0,2018,9,13,8,0,1
1624920,168,2018-09-13 12:00:00,2,Jackson Heights,3498.0,1062.0,2018,9,13,12,0,1
1625386,168,2018-09-13 16:00:00,2,Jackson Heights,2687.0,2298.0,2018,9,13,16,0,1
1625851,168,2018-09-13 20:00:00,2,Jackson Heights,1927.0,2538.0,2018,9,13,20,0,1
1626306,168,2018-09-14 00:00:00,2,Jackson Heights,15.0,400.0,2018,9,14,0,0,1
1626754,168,2018-09-14 04:00:00,2,Jackson Heights,2978.0,292.0,2018,9,14,4,0,1
1627219,168,2018-09-14 08:00:00,2,Jackson Heights,5849.0,614.0,2018,9,14,8,0,1
1627685,168,2018-09-14 12:00:00,2,Jackson Heights,3560.0,1157.0,2018,9,14,12,0,1
1628150,168,2018-09-14 16:00:00,2,Jackson Heights,2839.0,2349.0,2018,9,14,16,0,1
1628616,168,2018-09-14 20:00:00,2,Jackson Heights,2092.0,2432.0,2018,9,14,20,0,1
1629079,168,2018-09-15 00:00:00,2,Jackson Heights,339.0,920.0,2018,9,15,0,0,1
1629540,168,2018-09-15 04:00:00,2,Jackson Heights,854.0,252.0,2018,9,15,4,0,1
1629995,168,2018-09-15 08:00:00,2,Jackson Heights,2544.0,286.0,2018,9,15,8,0,1
1630456,168,2018-09-15 12:00:00,2,Jackson Heights,2669.0,444.0,2018,9,15,12,0,1
1630911,168,2018-09-15 16:00:00,2,Jackson Heights,2049.0,649.0,2018,9,15,16,0,1
1631372,168,2018-09-15 20:00:00,2,Jackson Heights,1273.0,780.0,2018,9,15,20,0,1
1631829,168,2018-09-16 00:00:00,2,Jackson Heights,364.0,560.0,2018,9,16,0,0,1
1632291,168,2018-09-16 04:00:00,2,Jackson Heights,344.0,223.0,2018,9,16,4,0,1
1632749,168,2018-09-16 08:00:00,2,Jackson Heights,1401.0,226.0,2018,9,16,8,0,1
1633207,168,2018-09-16 12:00:00,2,Jackson Heights,2141.0,362.0,2018,9,16,12,0,1
1633665,168,2018-09-16 16:00:00,2,Jackson Heights,1796.0,543.0,2018,9,16,16,0,1
1634123,168,2018-09-16 20:00:00,2,Jackson Heights,1033.0,723.0,2018,9,16,20,0,1
1634571,168,2018-09-17 00:00:00,2,Jackson Heights,24.0,155.0,2018,9,17,0,0,1
1635016,168,2018-09-17 04:00:00,2,Jackson Heights,3009.0,224.0,2018,9,17,4,0,1
1635480,168,2018-09-17 08:00:00,2,Jackson Heights,5818.0,642.0,2018,9,17,8,0,1
1635945,168,2018-09-17 12:00:00,2,Jackson Heights,3416.0,1131.0,2018,9,17,12,0,1
1636409,168,2018-09-17 16:00:00,2,Jackson Heights,2621.0,2384.0,2018,9,17,16,0,1
1636874,168,2018-09-17 20:00:00,2,Jackson Heights,1848.0,2451.0,2018,9,17,20,0,1
1637323,168,2018-09-18 00:00:00,2,Jackson Heights,11.0,205.0,2018,9,18,0,0,1
1637762,168,2018-09-18 04:00:00,2,Jackson Heights,2920.0,218.0,2018,9,18,4,0,1
1638226,168,2018-09-18 08:00:00,2,Jackson Heights,5600.0,621.0,2018,9,18,8,0,1
1638689,168,2018-09-18 12:00:00,2,Jackson Heights,3288.0,1226.0,2018,9,18,12,0,1
1639152,168,2018-09-18 16:00:00,2,Jackson Heights,2572.0,2432.0,2018,9,18,16,0,1
1639617,168,2018-09-18 20:00:00,2,Jackson Heights,1834.0,2303.0,2018,9,18,20,0,1
1640072,168,2018-09-19 00:00:00,2,Jackson Heights,76.0,509.0,2018,9,19,0,0,1
1640530,168,2018-09-19 04:00:00,2,Jackson Heights,2165.0,256.0,2018,9,19,4,0,1
1640994,168,2018-09-19 08:00:00,2,Jackson Heights,4725.0,604.0,2018,9,19,8,0,1
1641458,168,2018-09-19 12:00:00,2,Jackson Heights,3586.0,1112.0,2018,9,19,12,0,1
1641923,168,2018-09-19 16:00:00,2,Jackson Heights,3009.0,2160.0,2018,9,19,16,0,1
1642387,168,2018-09-19 20:00:00,2,Jackson Heights,2013.0,2340.0,2018,9,19,20,0,1
1642840,168,2018-09-20 00:00:00,2,Jackson Heights,26.0,414.0,2018,9,20,0,0,1
1643288,168,2018-09-20 04:00:00,2,Jackson Heights,2623.0,236.0,2018,9,20,4,0,1
1643752,168,2018-09-20 08:00:00,2,Jackson Heights,5988.0,612.0,2018,9,20,8,0,1
1644217,168,2018-09-20 12:00:00,2,Jackson Heights,3565.0,1085.0,2018,9,20,12,0,1
1644682,168,2018-09-20 16:00:00,2,Jackson Heights,2762.0,2333.0,2018,9,20,16,0,1
1645146,168,2018-09-20 20:00:00,2,Jackson Heights,1932.0,2500.0,2018,9,20,20,0,1
1645598,168,2018-09-21 00:00:00,2,Jackson Heights,16.0,316.0,2018,9,21,0,0,1
1646049,168,2018-09-21 04:00:00,2,Jackson Heights,3047.0,301.0,2018,9,21,4,0,1
1646513,168,2018-09-21 08:00:00,2,Jackson Heights,5779.0,589.0,2018,9,21,8,0,1
1646977,168,2018-09-21 12:00:00,2,Jackson Heights,3398.0,1081.0,2018,9,21,12,0,1
1647440,168,2018-09-21 16:00:00,2,Jackson Heights,2890.0,2340.0,2018,9,21,16,0,1
1647904,168,2018-09-21 20:00:00,2,Jackson Heights,2119.0,2386.0,2018,9,21,20,0,1
1648366,168,2018-09-22 00:00:00,2,Jackson Heights,293.0,927.0,2018,9,22,0,0,1
1648825,168,2018-09-22 04:00:00,2,Jackson Heights,815.0,332.0,2018,9,22,4,0,1
1649281,168,2018-09-22 08:00:00,2,Jackson Heights,2538.0,574.0,2018,9,22,8,0,1
1649741,168,2018-09-22 12:00:00,2,Jackson Heights,2668.0,1138.0,2018,9,22,12,0,1
1650199,168,2018-09-22 16:00:00,2,Jackson Heights,2183.0,1657.0,2018,9,22,16,0,1
1650659,168,2018-09-22 20:00:00,2,Jackson Heights,1375.0,1800.0,2018,9,22,20,0,1
1651117,168,2018-09-23 00:00:00,2,Jackson Heights,335.0,940.0,2018,9,23,0,0,1
1651577,168,2018-09-23 04:00:00,2,Jackson Heights,440.0,190.0,2018,9,23,4,0,1
1652033,168,2018-09-23 08:00:00,2,Jackson Heights,1718.0,357.0,2018,9,23,8,0,1
1652490,168,2018-09-23 12:00:00,2,Jackson Heights,2285.0,862.0,2018,9,23,12,0,1
1652947,168,2018-09-23 16:00:00,2,Jackson Heights,1698.0,1414.0,2018,9,23,16,0,1
1653404,168,2018-09-23 20:00:00,2,Jackson Heights,985.0,1600.0,2018,9,23,20,0,1
1654295,168,2018-09-24 04:00:00,2,Jackson Heights,2957.0,136.0,2018,9,24,4,0,1
1654758,168,2018-09-24 08:00:00,2,Jackson Heights,5790.0,649.0,2018,9,24,8,0,1
1655223,168,2018-09-24 12:00:00,2,Jackson Heights,3578.0,1150.0,2018,9,24,12,0,1
1655687,168,2018-09-24 16:00:00,2,Jackson Heights,2816.0,2432.0,2018,9,24,16,0,1
1656151,168,2018-09-24 20:00:00,2,Jackson Heights,1900.0,2454.0,2018,9,24,20,0,1
1656597,168,2018-09-25 00:00:00,2,Jackson Heights,20.0,284.0,2018,9,25,0,0,1
1657037,168,2018-09-25 04:00:00,2,Jackson Heights,2847.0,245.0,2018,9,25,4,0,1
1657500,168,2018-09-25 08:00:00,2,Jackson Heights,5576.0,590.0,2018,9,25,8,0,1
1657964,168,2018-09-25 12:00:00,2,Jackson Heights,3541.0,1162.0,2018,9,25,12,0,1
1658428,168,2018-09-25 16:00:00,2,Jackson Heights,2696.0,2345.0,2018,9,25,16,0,1
1658891,168,2018-09-25 20:00:00,2,Jackson Heights,1768.0,2289.0,2018,9,25,20,0,1
1659337,168,2018-09-26 00:00:00,2,Jackson Heights,11.0,364.0,2018,9,26,0,0,1
1659778,168,2018-09-26 04:00:00,2,Jackson Heights,2980.0,282.0,2018,9,26,4,0,1
1660239,168,2018-09-26 08:00:00,2,Jackson Heights,5933.0,621.0,2018,9,26,8,0,1
1660703,168,2018-09-26 12:00:00,2,Jackson Heights,3649.0,1181.0,2018,9,26,12,0,1
1661166,168,2018-09-26 16:00:00,2,Jackson Heights,2780.0,2549.0,2018,9,26,16,0,1
1661630,168,2018-09-26 20:00:00,2,Jackson Heights,1980.0,2612.0,2018,9,26,20,0,1
1662079,168,2018-09-27 00:00:00,2,Jackson Heights,30.0,625.0,2018,9,27,0,0,1
1662520,168,2018-09-27 04:00:00,2,Jackson Heights,3084.0,264.0,2018,9,27,4,0,1
1662983,168,2018-09-27 08:00:00,2,Jackson Heights,5974.0,630.0,2018,9,27,8,0,1
1663447,168,2018-09-27 12:00:00,2,Jackson Heights,3626.0,1129.0,2018,9,27,12,0,1
1663909,168,2018-09-27 16:00:00,2,Jackson Heights,2787.0,2420.0,2018,9,27,16,0,1
1664374,168,2018-09-27 20:00:00,2,Jackson Heights,1978.0,2531.0,2018,9,27,20,0,1
1664825,168,2018-09-28 00:00:00,2,Jackson Heights,40.0,351.0,2018,9,28,0,0,1
1665271,168,2018-09-28 04:00:00,2,Jackson Heights,2818.0,286.0,2018,9,28,4,0,1
1665734,168,2018-09-28 08:00:00,2,Jackson Heights,5595.0,580.0,2018,9,28,8,0,1
1666197,168,2018-09-28 12:00:00,2,Jackson Heights,3486.0,1067.0,2018,9,28,12,0,1
1666660,168,2018-09-28 16:00:00,2,Jackson Heights,2888.0,2187.0,2018,9,28,16,0,1
1667124,168,2018-09-28 20:00:00,2,Jackson Heights,2149.0,2369.0,2018,9,28,20,0,1
1667585,168,2018-09-29 00:00:00,2,Jackson Heights,317.0,996.0,2018,9,29,0,0,1
1668048,168,2018-09-29 04:00:00,2,Jackson Heights,1037.0,303.0,2018,9,29,4,0,1
1668500,168,2018-09-29 08:00:00,2,Jackson Heights,2906.0,545.0,2018,9,29,8,0,1
1668959,168,2018-09-29 12:00:00,2,Jackson Heights,3215.0,1039.0,2018,9,29,12,0,1
1669413,168,2018-09-29 16:00:00,2,Jackson Heights,2652.0,1519.0,2018,9,29,16,0,1
1669871,168,2018-09-29 20:00:00,2,Jackson Heights,1624.0,1615.0,2018,9,29,20,0,1
1670323,168,2018-09-30 00:00:00,2,Jackson Heights,418.0,893.0,2018,9,30,0,0,1
1670777,168,2018-09-30 04:00:00,2,Jackson Heights,559.0,283.0,2018,9,30,4,0,1
1671234,168,2018-09-30 08:00:00,2,Jackson Heights,2001.0,410.0,2018,9,30,8,0,1
1671683,168,2018-09-30 12:00:00,2,Jackson Heights,2764.0,732.0,2018,9,30,12,0,1
1672144,168,2018-09-30 16:00:00,2,Jackson Heights,2214.0,1398.0,2018,9,30,16,0,1
1672593,168,2018-09-30 20:00:00,2,Jackson Heights,1258.0,1523.0,2018,9,30,20,0,1
1673040,168,2018-10-01 00:00:00,2,Jackson Heights,6.0,143.0,2018,10,1,0,0,1
1673476,168,2018-10-01 04:00:00,2,Jackson Heights,2859.0,204.0,2018,10,1,4,0,1
1673938,168,2018-10-01 08:00:00,2,Jackson Heights,5611.0,605.0,2018,10,1,8,0,1
1674402,168,2018-10-01 12:00:00,2,Jackson Heights,3990.0,1557.0,2018,10,1,12,0,1
1674865,168,2018-10-01 16:00:00,2,Jackson Heights,2908.0,2501.0,2018,10,1,16,0,1
1675328,168,2018-10-01 20:00:00,2,Jackson Heights,1571.0,1961.0,2018,10,1,20,0,1
1675777,168,2018-10-02 00:00:00,2,Jackson Heights,43.0,413.0,2018,10,2,0,0,1
1676218,168,2018-10-02 04:00:00,2,Jackson Heights,2912.0,210.0,2018,10,2,4,0,1
1676680,168,2018-10-02 08:00:00,2,Jackson Heights,5806.0,612.0,2018,10,2,8,0,1
1677143,168,2018-10-02 12:00:00,2,Jackson Heights,3661.0,1121.0,2018,10,2,12,0,1
1677607,168,2018-10-02 16:00:00,2,Jackson Heights,2846.0,2440.0,2018,10,2,16,0,1
1678069,168,2018-10-02 20:00:00,2,Jackson Heights,1965.0,2447.0,2018,10,2,20,0,1
1678515,168,2018-10-03 00:00:00,2,Jackson Heights,34.0,353.0,2018,10,3,0,0,1
1678956,168,2018-10-03 04:00:00,2,Jackson Heights,3015.0,262.0,2018,10,3,4,0,1
1679420,168,2018-10-03 08:00:00,2,Jackson Heights,5990.0,620.0,2018,10,3,8,0,1
1679882,168,2018-10-03 12:00:00,2,Jackson Heights,3688.0,1146.0,2018,10,3,12,0,1
1680345,168,2018-10-03 16:00:00,2,Jackson Heights,2811.0,2466.0,2018,10,3,16,0,1
1680809,168,2018-10-03 20:00:00,2,Jackson Heights,1963.0,2452.0,2018,10,3,20,0,1
1681255,168,2018-10-04 00:00:00,2,Jackson Heights,22.0,446.0,2018,10,4,0,0,1
1681701,168,2018-10-04 04:00:00,2,Jackson Heights,3056.0,242.0,2018,10,4,4,0,1
1682161,168,2018-10-04 08:00:00,2,Jackson Heights,6038.0,638.0,2018,10,4,8,0,1
1682625,168,2018-10-04 12:00:00,2,Jackson Heights,3699.0,1129.0,2018,10,4,12,0,1
1683088,168,2018-10-04 16:00:00,2,Jackson Heights,2757.0,2308.0,2018,10,4,16,0,1
1683551,168,2018-10-04 20:00:00,2,Jackson Heights,1921.0,2516.0,2018,10,4,20,0,1
1684002,168,2018-10-05 00:00:00,2,Jackson Heights,12.0,419.0,2018,10,5,0,0,1
1684451,168,2018-10-05 04:00:00,2,Jackson Heights,2962.0,267.0,2018,10,5,4,0,1
1684913,168,2018-10-05 08:00:00,2,Jackson Heights,5857.0,619.0,2018,10,5,8,0,1
1685378,168,2018-10-05 12:00:00,2,Jackson Heights,3608.0,1112.0,2018,10,5,12,0,1
1685840,168,2018-10-05 16:00:00,2,Jackson Heights,2902.0,2408.0,2018,10,5,16,0,1
1686303,168,2018-10-05 20:00:00,2,Jackson Heights,2172.0,2547.0,2018,10,5,20,0,1
1686764,168,2018-10-06 00:00:00,2,Jackson Heights,350.0,909.0,2018,10,6,0,0,1
1687223,168,2018-10-06 04:00:00,2,Jackson Heights,1040.0,220.0,2018,10,6,4,0,1
1687674,168,2018-10-06 08:00:00,2,Jackson Heights,2934.0,567.0,2018,10,6,8,0,1
1688134,168,2018-10-06 12:00:00,2,Jackson Heights,3201.0,1034.0,2018,10,6,12,0,1
1688584,168,2018-10-06 16:00:00,2,Jackson Heights,2567.0,1351.0,2018,10,6,16,0,1
1689045,168,2018-10-06 20:00:00,2,Jackson Heights,1517.0,1431.0,2018,10,6,20,0,1
1689497,168,2018-10-07 00:00:00,2,Jackson Heights,390.0,795.0,2018,10,7,0,0,1
1689961,168,2018-10-07 04:00:00,2,Jackson Heights,466.0,229.0,2018,10,7,4,0,1
1690418,168,2018-10-07 08:00:00,2,Jackson Heights,1989.0,358.0,2018,10,7,8,0,1
1690873,168,2018-10-07 12:00:00,2,Jackson Heights,2863.0,783.0,2018,10,7,12,0,1
1691331,168,2018-10-07 16:00:00,2,Jackson Heights,2221.0,1283.0,2018,10,7,16,0,1
1691786,168,2018-10-07 20:00:00,2,Jackson Heights,1204.0,1254.0,2018,10,7,20,0,1
1692237,168,2018-10-08 00:00:00,2,Jackson Heights,60.0,416.0,2018,10,8,0,1,1
1692685,168,2018-10-08 04:00:00,2,Jackson Heights,1967.0,193.0,2018,10,8,4,1,1
1693148,168,2018-10-08 08:00:00,2,Jackson Heights,4115.0,532.0,2018,10,8,8,1,1
1693610,168,2018-10-08 12:00:00,2,Jackson Heights,3180.0,1043.0,2018,10,8,12,1,1
1694074,168,2018-10-08 16:00:00,2,Jackson Heights,2678.0,2012.0,2018,10,8,16,1,1
1694537,168,2018-10-08 20:00:00,2,Jackson Heights,1715.0,2050.0,2018,10,8,20,1,1
1694982,168,2018-10-09 00:00:00,2,Jackson Heights,7.0,269.0,2018,10,9,0,0,1
1695429,168,2018-10-09 04:00:00,2,Jackson Heights,2990.0,232.0,2018,10,9,4,0,1
1695892,168,2018-10-09 08:00:00,2,Jackson Heights,5890.0,622.0,2018,10,9,8,0,1
1696355,168,2018-10-09 12:00:00,2,Jackson Heights,3569.0,1085.0,2018,10,9,12,0,1
1696819,168,2018-10-09 16:00:00,2,Jackson Heights,2820.0,2449.0,2018,10,9,16,0,1
1697282,168,2018-10-09 20:00:00,2,Jackson Heights,2000.0,2517.0,2018,10,9,20,0,1
1697730,168,2018-10-10 00:00:00,2,Jackson Heights,23.0,469.0,2018,10,10,0,0,1
1698174,168,2018-10-10 04:00:00,2,Jackson Heights,2979.0,248.0,2018,10,10,4,0,1
1698637,168,2018-10-10 08:00:00,2,Jackson Heights,5951.0,621.0,2018,10,10,8,0,1
1699100,168,2018-10-10 12:00:00,2,Jackson Heights,3664.0,1198.0,2018,10,10,12,0,1
1699564,168,2018-10-10 16:00:00,2,Jackson Heights,2767.0,2448.0,2018,10,10,16,0,1
1700027,168,2018-10-10 20:00:00,2,Jackson Heights,1966.0,2517.0,2018,10,10,20,0,1
1700475,168,2018-10-11 00:00:00,2,Jackson Heights,7.0,299.0,2018,10,11,0,0,1
1700920,168,2018-10-11 04:00:00,2,Jackson Heights,2979.0,241.0,2018,10,11,4,0,1
1701382,168,2018-10-11 08:00:00,2,Jackson Heights,5908.0,641.0,2018,10,11,8,0,1
1701847,168,2018-10-11 12:00:00,2,Jackson Heights,3571.0,1093.0,2018,10,11,12,0,1
1702310,168,2018-10-11 16:00:00,2,Jackson Heights,2608.0,2343.0,2018,10,11,16,0,1
1702774,168,2018-10-11 20:00:00,2,Jackson Heights,1805.0,2421.0,2018,10,11,20,0,1
1703221,168,2018-10-12 00:00:00,2,Jackson Heights,24.0,334.0,2018,10,12,0,0,1
1703667,168,2018-10-12 04:00:00,2,Jackson Heights,2916.0,282.0,2018,10,12,4,0,1
1704130,168,2018-10-12 08:00:00,2,Jackson Heights,5768.0,594.0,2018,10,12,8,0,1
1704595,168,2018-10-12 12:00:00,2,Jackson Heights,3560.0,1097.0,2018,10,12,12,0,1
1705058,168,2018-10-12 16:00:00,2,Jackson Heights,2979.0,2345.0,2018,10,12,16,0,1
1705522,168,2018-10-12 20:00:00,2,Jackson Heights,2153.0,2411.0,2018,10,12,20,0,1
1705985,168,2018-10-13 00:00:00,2,Jackson Heights,267.0,832.0,2018,10,13,0,0,1
1706444,168,2018-10-13 04:00:00,2,Jackson Heights,779.0,235.0,2018,10,13,4,0,1
1706891,168,2018-10-13 08:00:00,2,Jackson Heights,2930.0,517.0,2018,10,13,8,0,1
1707353,168,2018-10-13 12:00:00,2,Jackson Heights,3145.0,996.0,2018,10,13,12,0,1
1707804,168,2018-10-13 16:00:00,2,Jackson Heights,2550.0,1462.0,2018,10,13,16,0,1
1708264,168,2018-10-13 20:00:00,2,Jackson Heights,1577.0,1388.0,2018,10,13,20,0,1
1708717,168,2018-10-14 00:00:00,2,Jackson Heights,335.0,691.0,2018,10,14,0,0,1
1709177,168,2018-10-14 04:00:00,2,Jackson Heights,521.0,231.0,2018,10,14,4,0,1
1709633,168,2018-10-14 08:00:00,2,Jackson Heights,1996.0,340.0,2018,10,14,8,0,1
1710082,168,2018-10-14 12:00:00,2,Jackson Heights,2694.0,734.0,2018,10,14,12,0,1
1710538,168,2018-10-14 16:00:00,2,Jackson Heights,2131.0,1164.0,2018,10,14,16,0,1
1710986,168,2018-10-14 20:00:00,2,Jackson Heights,1219.0,1170.0,2018,10,14,20,0,1
1711434,168,2018-10-15 00:00:00,2,Jackson Heights,10.0,105.0,2018,10,15,0,0,1
1711869,168,2018-10-15 04:00:00,2,Jackson Heights,2822.0,183.0,2018,10,15,4,0,1
1712331,168,2018-10-15 08:00:00,2,Jackson Heights,5699.0,605.0,2018,10,15,8,0,1
1712795,168,2018-10-15 12:00:00,2,Jackson Heights,3604.0,1093.0,2018,10,15,12,0,1
1713260,168,2018-10-15 16:00:00,2,Jackson Heights,2664.0,2333.0,2018,10,15,16,0,1
1713723,168,2018-10-15 20:00:00,2,Jackson Heights,1817.0,2371.0,2018,10,15,20,0,1
1714173,168,2018-10-16 00:00:00,2,Jackson Heights,16.0,300.0,2018,10,16,0,0,1
1714612,168,2018-10-16 04:00:00,2,Jackson Heights,2984.0,225.0,2018,10,16,4,0,1
1715075,168,2018-10-16 08:00:00,2,Jackson Heights,5897.0,629.0,2018,10,16,8,0,1
1715539,168,2018-10-16 12:00:00,2,Jackson Heights,3670.0,1132.0,2018,10,16,12,0,1
1716003,168,2018-10-16 16:00:00,2,Jackson Heights,2809.0,2486.0,2018,10,16,16,0,1
1716467,168,2018-10-16 20:00:00,2,Jackson Heights,1898.0,2509.0,2018,10,16,20,0,1
1716915,168,2018-10-17 00:00:00,2,Jackson Heights,26.0,335.0,2018,10,17,0,0,1
1717353,168,2018-10-17 04:00:00,2,Jackson Heights,2937.0,228.0,2018,10,17,4,0,1
1717816,168,2018-10-17 08:00:00,2,Jackson Heights,5917.0,614.0,2018,10,17,8,0,1
1718280,168,2018-10-17 12:00:00,2,Jackson Heights,3751.0,1066.0,2018,10,17,12,0,1
1718745,168,2018-10-17 16:00:00,2,Jackson Heights,2760.0,2427.0,2018,10,17,16,0,1
1719208,168,2018-10-17 20:00:00,2,Jackson Heights,1903.0,2486.0,2018,10,17,20,0,1
1719656,168,2018-10-18 00:00:00,2,Jackson Heights,41.0,429.0,2018,10,18,0,0,1
1720101,168,2018-10-18 04:00:00,2,Jackson Heights,2916.0,261.0,2018,10,18,4,0,1
1720563,168,2018-10-18 08:00:00,2,Jackson Heights,5900.0,645.0,2018,10,18,8,0,1
1721028,168,2018-10-18 12:00:00,2,Jackson Heights,3647.0,1084.0,2018,10,18,12,0,1
1721492,168,2018-10-18 16:00:00,2,Jackson Heights,2791.0,2385.0,2018,10,18,16,0,1
1721955,168,2018-10-18 20:00:00,2,Jackson Heights,1999.0,2496.0,2018,10,18,20,0,1
1722402,168,2018-10-19 00:00:00,2,Jackson Heights,28.0,358.0,2018,10,19,0,0,1
1722841,168,2018-10-19 04:00:00,2,Jackson Heights,2882.0,289.0,2018,10,19,4,0,1
1723304,168,2018-10-19 08:00:00,2,Jackson Heights,5744.0,564.0,2018,10,19,8,0,1
1723769,168,2018-10-19 12:00:00,2,Jackson Heights,3531.0,1010.0,2018,10,19,12,0,1
1724232,168,2018-10-19 16:00:00,2,Jackson Heights,2838.0,2210.0,2018,10,19,16,0,1
1724695,168,2018-10-19 20:00:00,2,Jackson Heights,2108.0,2327.0,2018,10,19,20,0,1
1725159,168,2018-10-20 00:00:00,2,Jackson Heights,316.0,859.0,2018,10,20,0,0,1
1725619,168,2018-10-20 04:00:00,2,Jackson Heights,948.0,265.0,2018,10,20,4,0,1
1726068,168,2018-10-20 08:00:00,2,Jackson Heights,2949.0,530.0,2018,10,20,8,0,1
1726528,168,2018-10-20 12:00:00,2,Jackson Heights,3195.0,1009.0,2018,10,20,12,0,1
1726983,168,2018-10-20 16:00:00,2,Jackson Heights,2543.0,1416.0,2018,10,20,16,0,1
1727444,168,2018-10-20 20:00:00,2,Jackson Heights,1644.0,1441.0,2018,10,20,20,0,1
1727902,168,2018-10-21 00:00:00,2,Jackson Heights,403.0,784.0,2018,10,21,0,0,1
1728364,168,2018-10-21 04:00:00,2,Jackson Heights,500.0,214.0,2018,10,21,4,0,1
1728821,168,2018-10-21 08:00:00,2,Jackson Heights,2001.0,362.0,2018,10,21,8,0,1
1729276,168,2018-10-21 12:00:00,2,Jackson Heights,2789.0,882.0,2018,10,21,12,0,1
1729732,168,2018-10-21 16:00:00,2,Jackson Heights,2234.0,1278.0,2018,10,21,16,0,1
1730186,168,2018-10-21 20:00:00,2,Jackson Heights,1249.0,1121.0,2018,10,21,20,0,1
1730633,168,2018-10-22 00:00:00,2,Jackson Heights,2.0,116.0,2018,10,22,0,0,1
1731066,168,2018-10-22 04:00:00,2,Jackson Heights,2813.0,167.0,2018,10,22,4,0,1
1731530,168,2018-10-22 08:00:00,2,Jackson Heights,5674.0,589.0,2018,10,22,8,0,1
1731994,168,2018-10-22 12:00:00,2,Jackson Heights,3526.0,1117.0,2018,10,22,12,0,1
1732459,168,2018-10-22 16:00:00,2,Jackson Heights,2740.0,2390.0,2018,10,22,16,0,1
1732922,168,2018-10-22 20:00:00,2,Jackson Heights,1956.0,2342.0,2018,10,22,20,0,1
1733369,168,2018-10-23 00:00:00,2,Jackson Heights,13.0,149.0,2018,10,23,0,0,1
1733806,168,2018-10-23 04:00:00,2,Jackson Heights,2931.0,207.0,2018,10,23,4,0,1
1734269,168,2018-10-23 08:00:00,2,Jackson Heights,5872.0,564.0,2018,10,23,8,0,1
1734733,168,2018-10-23 12:00:00,2,Jackson Heights,3616.0,1130.0,2018,10,23,12,0,1
1735196,168,2018-10-23 16:00:00,2,Jackson Heights,2820.0,2450.0,2018,10,23,16,0,1
1735660,168,2018-10-23 20:00:00,2,Jackson Heights,2006.0,2475.0,2018,10,23,20,0,1
1736110,168,2018-10-24 00:00:00,2,Jackson Heights,20.0,207.0,2018,10,24,0,0,1
1736554,168,2018-10-24 04:00:00,2,Jackson Heights,2905.0,237.0,2018,10,24,4,0,1
1737016,168,2018-10-24 08:00:00,2,Jackson Heights,5901.0,570.0,2018,10,24,8,0,1
1737481,168,2018-10-24 12:00:00,2,Jackson Heights,3697.0,1291.0,2018,10,24,12,0,1
1737945,168,2018-10-24 16:00:00,2,Jackson Heights,2715.0,2659.0,2018,10,24,16,0,1
1738410,168,2018-10-24 20:00:00,2,Jackson Heights,1899.0,2499.0,2018,10,24,20,0,1
1738858,168,2018-10-25 00:00:00,2,Jackson Heights,26.0,406.0,2018,10,25,0,0,1
1739306,168,2018-10-25 04:00:00,2,Jackson Heights,2937.0,252.0,2018,10,25,4,0,1
1739769,168,2018-10-25 08:00:00,2,Jackson Heights,5923.0,637.0,2018,10,25,8,0,1
1740233,168,2018-10-25 12:00:00,2,Jackson Heights,3672.0,1086.0,2018,10,25,12,0,1
1740698,168,2018-10-25 16:00:00,2,Jackson Heights,2856.0,2437.0,2018,10,25,16,0,1
1741162,168,2018-10-25 20:00:00,2,Jackson Heights,2036.0,2582.0,2018,10,25,20,0,1
1741610,168,2018-10-26 00:00:00,2,Jackson Heights,23.0,558.0,2018,10,26,0,0,1
1742058,168,2018-10-26 04:00:00,2,Jackson Heights,2744.0,298.0,2018,10,26,4,0,1
1742522,168,2018-10-26 08:00:00,2,Jackson Heights,5831.0,613.0,2018,10,26,8,0,1
1742988,168,2018-10-26 12:00:00,2,Jackson Heights,3746.0,1069.0,2018,10,26,12,0,1
1743452,168,2018-10-26 16:00:00,2,Jackson Heights,2983.0,2382.0,2018,10,26,16,0,1
1743917,168,2018-10-26 20:00:00,2,Jackson Heights,2163.0,2514.0,2018,10,26,20,0,1
1744380,168,2018-10-27 00:00:00,2,Jackson Heights,331.0,889.0,2018,10,27,0,0,1
1744841,168,2018-10-27 04:00:00,2,Jackson Heights,885.0,235.0,2018,10,27,4,0,1
1745292,168,2018-10-27 08:00:00,2,Jackson Heights,2684.0,515.0,2018,10,27,8,0,1
1745753,168,2018-10-27 12:00:00,2,Jackson Heights,3029.0,1003.0,2018,10,27,12,0,1
1746209,168,2018-10-27 16:00:00,2,Jackson Heights,2376.0,1327.0,2018,10,27,16,0,1
1746669,168,2018-10-27 20:00:00,2,Jackson Heights,1420.0,1304.0,2018,10,27,20,0,1
1747123,168,2018-10-28 00:00:00,2,Jackson Heights,338.0,713.0,2018,10,28,0,0,1
1747585,168,2018-10-28 04:00:00,2,Jackson Heights,526.0,211.0,2018,10,28,4,0,1
1748044,168,2018-10-28 08:00:00,2,Jackson Heights,2003.0,363.0,2018,10,28,8,0,1
1748501,168,2018-10-28 12:00:00,2,Jackson Heights,2816.0,839.0,2018,10,28,12,0,1
1748959,168,2018-10-28 16:00:00,2,Jackson Heights,2224.0,1246.0,2018,10,28,16,0,1
1749412,168,2018-10-28 20:00:00,2,Jackson Heights,1209.0,1223.0,2018,10,28,20,0,1
1749860,168,2018-10-29 00:00:00,2,Jackson Heights,3.0,227.0,2018,10,29,0,0,1
1750298,168,2018-10-29 04:00:00,2,Jackson Heights,2844.0,225.0,2018,10,29,4,0,1
1750762,168,2018-10-29 08:00:00,2,Jackson Heights,5711.0,487.0,2018,10,29,8,0,1
1751227,168,2018-10-29 12:00:00,2,Jackson Heights,3594.0,979.0,2018,10,29,12,0,1
1751693,168,2018-10-29 16:00:00,2,Jackson Heights,2767.0,2425.0,2018,10,29,16,0,1
1752158,168,2018-10-29 20:00:00,2,Jackson Heights,1897.0,2439.0,2018,10,29,20,0,1
1753052,168,2018-10-30 04:00:00,2,Jackson Heights,2900.0,258.0,2018,10,30,4,0,1
1753516,168,2018-10-30 08:00:00,2,Jackson Heights,5820.0,502.0,2018,10,30,8,0,1
1753982,168,2018-10-30 12:00:00,2,Jackson Heights,3650.0,864.0,2018,10,30,12,0,1
1754446,168,2018-10-30 16:00:00,2,Jackson Heights,2779.0,2306.0,2018,10,30,16,0,1
1754912,168,2018-10-30 20:00:00,2,Jackson Heights,1947.0,2452.0,2018,10,30,20,0,1
1755365,168,2018-10-31 00:00:00,2,Jackson Heights,12.0,231.0,2018,10,31,0,0,1
1755814,168,2018-10-31 04:00:00,2,Jackson Heights,2854.0,291.0,2018,10,31,4,0,1
1756278,168,2018-10-31 08:00:00,2,Jackson Heights,5759.0,501.0,2018,10,31,8,0,1
1756743,168,2018-10-31 12:00:00,2,Jackson Heights,3488.0,977.0,2018,10,31,12,0,1
1757209,168,2018-10-31 16:00:00,2,Jackson Heights,2807.0,2402.0,2018,10,31,16,0,1
1757674,168,2018-10-31 20:00:00,2,Jackson Heights,2140.0,2408.0,2018,10,31,20,0,1
1758128,168,2018-11-01 00:00:00,2,Jackson Heights,23.0,328.0,2018,11,1,0,0,1
1758579,168,2018-11-01 04:00:00,2,Jackson Heights,2890.0,269.0,2018,11,1,4,0,1
1759044,168,2018-11-01 08:00:00,2,Jackson Heights,5875.0,580.0,2018,11,1,8,0,1
1759510,168,2018-11-01 12:00:00,2,Jackson Heights,3669.0,1123.0,2018,11,1,12,0,1
1759974,168,2018-11-01 16:00:00,2,Jackson Heights,2895.0,2400.0,2018,11,1,16,0,1
1760439,168,2018-11-01 20:00:00,2,Jackson Heights,2080.0,2528.0,2018,11,1,20,0,1
1760892,168,2018-11-02 00:00:00,2,Jackson Heights,27.0,374.0,2018,11,2,0,0,1
1761342,168,2018-11-02 04:00:00,2,Jackson Heights,2837.0,252.0,2018,11,2,4,0,1
1761805,168,2018-11-02 08:00:00,2,Jackson Heights,5617.0,583.0,2018,11,2,8,0,1
1762271,168,2018-11-02 12:00:00,2,Jackson Heights,3596.0,1141.0,2018,11,2,12,0,1
1762736,168,2018-11-02 16:00:00,2,Jackson Heights,2896.0,2304.0,2018,11,2,16,0,1
1763201,168,2018-11-02 20:00:00,2,Jackson Heights,2013.0,2270.0,2018,11,2,20,0,1
1763666,168,2018-11-03 00:00:00,2,Jackson Heights,281.0,846.0,2018,11,3,0,0,1
1764128,168,2018-11-03 04:00:00,2,Jackson Heights,1020.0,274.0,2018,11,3,4,0,1
1764592,168,2018-11-03 08:00:00,2,Jackson Heights,3057.0,593.0,2018,11,3,8,0,1
1765056,168,2018-11-03 12:00:00,2,Jackson Heights,3398.0,1152.0,2018,11,3,12,0,1
1765522,168,2018-11-03 16:00:00,2,Jackson Heights,2866.0,1715.0,2018,11,3,16,0,1
1765986,168,2018-11-03 20:00:00,2,Jackson Heights,1792.0,1545.0,2018,11,3,20,0,1
1766450,168,2018-11-04 00:00:00,2,Jackson Heights,374.0,798.0,2018,11,4,0,0,1
1766915,168,2018-11-04 04:00:00,2,Jackson Heights,449.0,240.0,2018,11,4,4,0,1
1767381,168,2018-11-04 08:00:00,2,Jackson Heights,2379.0,454.0,2018,11,4,8,0,1
1767846,168,2018-11-04 12:00:00,2,Jackson Heights,2865.0,820.0,2018,11,4,12,0,1
1768311,168,2018-11-04 16:00:00,2,Jackson Heights,2395.0,1501.0,2018,11,4,16,0,1
1768776,168,2018-11-04 20:00:00,2,Jackson Heights,1164.0,1212.0,2018,11,4,20,0,1
1769231,168,2018-11-05 00:00:00,2,Jackson Heights,56.0,523.0,2018,11,5,0,0,1
1769664,168,2018-11-05 04:00:00,2,Jackson Heights,1861.0,134.0,2018,11,5,4,0,1
1770114,168,2018-11-05 08:00:00,2,Jackson Heights,6443.0,803.0,2018,11,5,8,0,1
1770580,168,2018-11-05 12:00:00,2,Jackson Heights,3541.0,1028.0,2018,11,5,12,0,1
1771045,168,2018-11-05 16:00:00,2,Jackson Heights,3045.0,2705.0,2018,11,5,16,0,1
1771510,168,2018-11-05 20:00:00,2,Jackson Heights,1691.0,2216.0,2018,11,5,20,0,1
1771968,168,2018-11-06 00:00:00,2,Jackson Heights,108.0,803.0,2018,11,6,0,0,1
1772400,168,2018-11-06 04:00:00,2,Jackson Heights,2034.0,179.0,2018,11,6,4,0,1
1772852,168,2018-11-06 08:00:00,2,Jackson Heights,5613.0,701.0,2018,11,6,8,0,1
1773317,168,2018-11-06 12:00:00,2,Jackson Heights,3308.0,999.0,2018,11,6,12,0,1
1773782,168,2018-11-06 16:00:00,2,Jackson Heights,2973.0,2558.0,2018,11,6,16,0,1
1774248,168,2018-11-06 20:00:00,2,Jackson Heights,1708.0,1919.0,2018,11,6,20,0,1
1774705,168,2018-11-07 00:00:00,2,Jackson Heights,141.0,801.0,2018,11,7,0,0,1
1775131,168,2018-11-07 04:00:00,2,Jackson Heights,2131.0,187.0,2018,11,7,4,0,1
1775583,168,2018-11-07 08:00:00,2,Jackson Heights,6583.0,827.0,2018,11,7,8,0,1
1776048,168,2018-11-07 12:00:00,2,Jackson Heights,3567.0,893.0,2018,11,7,12,0,1
1776512,168,2018-11-07 16:00:00,2,Jackson Heights,3092.0,2837.0,2018,11,7,16,0,1
1776978,168,2018-11-07 20:00:00,2,Jackson Heights,1706.0,2193.0,2018,11,7,20,0,1
1777436,168,2018-11-08 00:00:00,2,Jackson Heights,103.0,810.0,2018,11,8,0,0,1
1777866,168,2018-11-08 04:00:00,2,Jackson Heights,2161.0,209.0,2018,11,8,4,0,1
1778319,168,2018-11-08 08:00:00,2,Jackson Heights,6640.0,748.0,2018,11,8,8,0,1
1778784,168,2018-11-08 12:00:00,2,Jackson Heights,3563.0,880.0,2018,11,8,12,0,1
1779248,168,2018-11-08 16:00:00,2,Jackson Heights,3072.0,2777.0,2018,11,8,16,0,1
1779714,168,2018-11-08 20:00:00,2,Jackson Heights,1712.0,2308.0,2018,11,8,20,0,1
1780171,168,2018-11-09 00:00:00,2,Jackson Heights,108.0,937.0,2018,11,9,0,0,1
1780608,168,2018-11-09 04:00:00,2,Jackson Heights,1813.0,246.0,2018,11,9,4,0,1
1781064,168,2018-11-09 08:00:00,2,Jackson Heights,6391.0,694.0,2018,11,9,8,0,1
1781529,168,2018-11-09 12:00:00,2,Jackson Heights,3464.0,934.0,2018,11,9,12,0,1
1781994,168,2018-11-09 16:00:00,2,Jackson Heights,2970.0,2475.0,2018,11,9,16,0,1
1782460,168,2018-11-09 20:00:00,2,Jackson Heights,1709.0,1984.0,2018,11,9,20,0,1
1782925,168,2018-11-10 00:00:00,2,Jackson Heights,304.0,896.0,2018,11,10,0,0,1
1783386,168,2018-11-10 04:00:00,2,Jackson Heights,849.0,207.0,2018,11,10,4,0,1
1783837,168,2018-11-10 08:00:00,2,Jackson Heights,3585.0,538.0,2018,11,10,8,0,1
1784298,168,2018-11-10 12:00:00,2,Jackson Heights,3384.0,1058.0,2018,11,10,12,0,1
1784754,168,2018-11-10 16:00:00,2,Jackson Heights,2947.0,1647.0,2018,11,10,16,0,1
1785215,168,2018-11-10 20:00:00,2,Jackson Heights,1558.0,1452.0,2018,11,10,20,0,1
1785673,168,2018-11-11 00:00:00,2,Jackson Heights,351.0,751.0,2018,11,11,0,1,1
1786139,168,2018-11-11 04:00:00,2,Jackson Heights,481.0,245.0,2018,11,11,4,1,1
1786593,168,2018-11-11 08:00:00,2,Jackson Heights,2327.0,375.0,2018,11,11,8,1,1
1787056,168,2018-11-11 12:00:00,2,Jackson Heights,2905.0,799.0,2018,11,11,12,1,1
1787513,168,2018-11-11 16:00:00,2,Jackson Heights,2528.0,1389.0,2018,11,11,16,1,1
1787972,168,2018-11-11 20:00:00,2,Jackson Heights,1247.0,1183.0,2018,11,11,20,1,1
1788427,168,2018-11-12 00:00:00,2,Jackson Heights,97.0,652.0,2018,11,12,0,1,1
1788869,168,2018-11-12 04:00:00,2,Jackson Heights,1862.0,166.0,2018,11,12,4,1,1
1789325,168,2018-11-12 08:00:00,2,Jackson Heights,5235.0,623.0,2018,11,12,8,1,1
1789791,168,2018-11-12 12:00:00,2,Jackson Heights,3403.0,990.0,2018,11,12,12,1,1
1790257,168,2018-11-12 16:00:00,2,Jackson Heights,3003.0,2477.0,2018,11,12,16,1,1
1790723,168,2018-11-12 20:00:00,2,Jackson Heights,1624.0,1919.0,2018,11,12,20,1,1
1791182,168,2018-11-13 00:00:00,2,Jackson Heights,140.0,770.0,2018,11,13,0,0,1
1791614,168,2018-11-13 04:00:00,2,Jackson Heights,1931.0,185.0,2018,11,13,4,0,1
1792061,168,2018-11-13 08:00:00,2,Jackson Heights,6508.0,700.0,2018,11,13,8,0,1
1792527,168,2018-11-13 12:00:00,2,Jackson Heights,3600.0,877.0,2018,11,13,12,0,1
1792993,168,2018-11-13 16:00:00,2,Jackson Heights,3071.0,2747.0,2018,11,13,16,0,1
1793459,168,2018-11-13 20:00:00,2,Jackson Heights,1752.0,2223.0,2018,11,13,20,0,1
1793916,168,2018-11-14 00:00:00,2,Jackson Heights,142.0,865.0,2018,11,14,0,0,1
1794349,168,2018-11-14 04:00:00,2,Jackson Heights,1379.0,187.0,2018,11,14,4,0,1
1794801,168,2018-11-14 08:00:00,2,Jackson Heights,6746.0,833.0,2018,11,14,8,0,1
1795266,168,2018-11-14 12:00:00,2,Jackson Heights,3608.0,985.0,2018,11,14,12,0,1
1795732,168,2018-11-14 16:00:00,2,Jackson Heights,3150.0,2583.0,2018,11,14,16,0,1
1796198,168,2018-11-14 20:00:00,2,Jackson Heights,1715.0,2191.0,2018,11,14,20,0,1
1796655,168,2018-11-15 00:00:00,2,Jackson Heights,91.0,831.0,2018,11,15,0,0,1
1797089,168,2018-11-15 04:00:00,2,Jackson Heights,2048.0,157.0,2018,11,15,4,0,1
1797539,168,2018-11-15 08:00:00,2,Jackson Heights,6501.0,730.0,2018,11,15,8,0,1
1798005,168,2018-11-15 12:00:00,2,Jackson Heights,3505.0,938.0,2018,11,15,12,0,1
1798471,168,2018-11-15 16:00:00,2,Jackson Heights,2793.0,2709.0,2018,11,15,16,0,1
1798937,168,2018-11-15 20:00:00,2,Jackson Heights,1501.0,1947.0,2018,11,15,20,0,1
1799396,168,2018-11-16 00:00:00,2,Jackson Heights,118.0,826.0,2018,11,16,0,0,1
1799837,168,2018-11-16 04:00:00,2,Jackson Heights,1676.0,216.0,2018,11,16,4,0,1
1800293,168,2018-11-16 08:00:00,2,Jackson Heights,6385.0,711.0,2018,11,16,8,0,1
1800760,168,2018-11-16 12:00:00,2,Jackson Heights,3481.0,1004.0,2018,11,16,12,0,1
1801226,168,2018-11-16 16:00:00,2,Jackson Heights,3140.0,2608.0,2018,11,16,16,0,1
1801692,168,2018-11-16 20:00:00,2,Jackson Heights,1885.0,2025.0,2018,11,16,20,0,1
1802158,168,2018-11-17 00:00:00,2,Jackson Heights,370.0,903.0,2018,11,17,0,0,1
1802621,168,2018-11-17 04:00:00,2,Jackson Heights,874.0,219.0,2018,11,17,4,0,1
1803073,168,2018-11-17 08:00:00,2,Jackson Heights,3577.0,631.0,2018,11,17,8,0,1
1803534,168,2018-11-17 12:00:00,2,Jackson Heights,3293.0,994.0,2018,11,17,12,0,1
1803989,168,2018-11-17 16:00:00,2,Jackson Heights,2805.0,1531.0,2018,11,17,16,0,1
1804453,168,2018-11-17 20:00:00,2,Jackson Heights,1529.0,1378.0,2018,11,17,20,0,1
1804907,168,2018-11-18 00:00:00,2,Jackson Heights,374.0,842.0,2018,11,18,0,0,1
1805372,168,2018-11-18 04:00:00,2,Jackson Heights,471.0,247.0,2018,11,18,4,0,1
1805827,168,2018-11-18 08:00:00,2,Jackson Heights,2382.0,361.0,2018,11,18,8,0,1
1806288,168,2018-11-18 12:00:00,2,Jackson Heights,2680.0,754.0,2018,11,18,12,0,1
1806746,168,2018-11-18 16:00:00,2,Jackson Heights,2258.0,1342.0,2018,11,18,16,0,1
1807206,168,2018-11-18 20:00:00,2,Jackson Heights,1237.0,1161.0,2018,11,18,20,0,1
1807658,168,2018-11-19 00:00:00,2,Jackson Heights,95.0,562.0,2018,11,19,0,0,1
1808084,168,2018-11-19 04:00:00,2,Jackson Heights,2062.0,145.0,2018,11,19,4,0,1
1808539,168,2018-11-19 08:00:00,2,Jackson Heights,6512.0,799.0,2018,11,19,8,0,1
1809004,168,2018-11-19 12:00:00,2,Jackson Heights,3549.0,924.0,2018,11,19,12,0,1
1809470,168,2018-11-19 16:00:00,2,Jackson Heights,3070.0,2745.0,2018,11,19,16,0,1
1809936,168,2018-11-19 20:00:00,2,Jackson Heights,1774.0,2117.0,2018,11,19,20,0,1
1810391,168,2018-11-20 00:00:00,2,Jackson Heights,136.0,781.0,2018,11,20,0,0,1
1810822,168,2018-11-20 04:00:00,2,Jackson Heights,2004.0,159.0,2018,11,20,4,0,1
1811273,168,2018-11-20 08:00:00,2,Jackson Heights,6673.0,786.0,2018,11,20,8,0,1
1811740,168,2018-11-20 12:00:00,2,Jackson Heights,3575.0,929.0,2018,11,20,12,0,1
1812205,168,2018-11-20 16:00:00,2,Jackson Heights,3034.0,2772.0,2018,11,20,16,0,1
1812672,168,2018-11-20 20:00:00,2,Jackson Heights,1809.0,2245.0,2018,11,20,20,0,1
1813128,168,2018-11-21 00:00:00,2,Jackson Heights,142.0,798.0,2018,11,21,0,0,1
1813568,168,2018-11-21 04:00:00,2,Jackson Heights,2010.0,155.0,2018,11,21,4,0,1
1814027,168,2018-11-21 08:00:00,2,Jackson Heights,6494.0,716.0,2018,11,21,8,0,1
1814492,168,2018-11-21 12:00:00,2,Jackson Heights,3687.0,955.0,2018,11,21,12,0,1
1814959,168,2018-11-21 16:00:00,2,Jackson Heights,3198.0,2688.0,2018,11,21,16,0,1
1815424,168,2018-11-21 20:00:00,2,Jackson Heights,1843.0,2179.0,2018,11,21,20,0,1
1815891,168,2018-11-22 00:00:00,2,Jackson Heights,318.0,808.0,2018,11,22,0,1,1
1816356,168,2018-11-22 04:00:00,2,Jackson Heights,636.0,179.0,2018,11,22,4,1,1
1816820,168,2018-11-22 08:00:00,2,Jackson Heights,1843.0,425.0,2018,11,22,8,1,1
1817288,168,2018-11-22 12:00:00,2,Jackson Heights,2162.0,780.0,2018,11,22,12,1,1
1817754,168,2018-11-22 16:00:00,2,Jackson Heights,2002.0,1059.0,2018,11,22,16,1,1
1818221,168,2018-11-22 20:00:00,2,Jackson Heights,1100.0,832.0,2018,11,22,20,1,1
1818687,168,2018-11-23 00:00:00,2,Jackson Heights,221.0,453.0,2018,11,23,0,0,1
1819153,168,2018-11-23 04:00:00,2,Jackson Heights,1160.0,143.0,2018,11,23,4,0,1
1819621,168,2018-11-23 08:00:00,2,Jackson Heights,3513.0,506.0,2018,11,23,8,0,1
1820088,168,2018-11-23 12:00:00,2,Jackson Heights,2895.0,783.0,2018,11,23,12,0,1
1820555,168,2018-11-23 16:00:00,2,Jackson Heights,2738.0,1703.0,2018,11,23,16,0,1
1821023,168,2018-11-23 20:00:00,2,Jackson Heights,1504.0,1674.0,2018,11,23,20,0,1
1821489,168,2018-11-24 00:00:00,2,Jackson Heights,287.0,797.0,2018,11,24,0,0,1
1821953,168,2018-11-24 04:00:00,2,Jackson Heights,701.0,190.0,2018,11,24,4,0,1
1822410,168,2018-11-24 08:00:00,2,Jackson Heights,2889.0,489.0,2018,11,24,8,0,1
1822876,168,2018-11-24 12:00:00,2,Jackson Heights,2914.0,877.0,2018,11,24,12,0,1
1823333,168,2018-11-24 16:00:00,2,Jackson Heights,2588.0,1375.0,2018,11,24,16,0,1
1823799,168,2018-11-24 20:00:00,2,Jackson Heights,1338.0,1248.0,2018,11,24,20,0,1
1824258,168,2018-11-25 00:00:00,2,Jackson Heights,319.0,752.0,2018,11,25,0,0,1
1824720,168,2018-11-25 04:00:00,2,Jackson Heights,408.0,197.0,2018,11,25,4,0,1
1825181,168,2018-11-25 08:00:00,2,Jackson Heights,2186.0,358.0,2018,11,25,8,0,1
1825636,168,2018-11-25 12:00:00,2,Jackson Heights,2697.0,720.0,2018,11,25,12,0,1
1826100,168,2018-11-25 16:00:00,2,Jackson Heights,2261.0,1264.0,2018,11,25,16,0,1
1826557,168,2018-11-25 20:00:00,2,Jackson Heights,1138.0,1144.0,2018,11,25,20,0,1
1827013,168,2018-11-26 00:00:00,2,Jackson Heights,77.0,481.0,2018,11,26,0,0,1
1827446,168,2018-11-26 04:00:00,2,Jackson Heights,1980.0,169.0,2018,11,26,4,0,1
1827902,168,2018-11-26 08:00:00,2,Jackson Heights,6299.0,680.0,2018,11,26,8,0,1
1828369,168,2018-11-26 12:00:00,2,Jackson Heights,3553.0,1035.0,2018,11,26,12,0,1
1828837,168,2018-11-26 16:00:00,2,Jackson Heights,2785.0,2501.0,2018,11,26,16,0,1
1829303,168,2018-11-26 20:00:00,2,Jackson Heights,1474.0,1969.0,2018,11,26,20,0,1
1829757,168,2018-11-27 00:00:00,2,Jackson Heights,91.0,698.0,2018,11,27,0,0,1
1830185,168,2018-11-27 04:00:00,2,Jackson Heights,1564.0,120.0,2018,11,27,4,0,1
1830637,168,2018-11-27 08:00:00,2,Jackson Heights,6480.0,835.0,2018,11,27,8,0,1
1831105,168,2018-11-27 12:00:00,2,Jackson Heights,3646.0,1023.0,2018,11,27,12,0,1
1831573,168,2018-11-27 16:00:00,2,Jackson Heights,2700.0,2299.0,2018,11,27,16,0,1
1832040,168,2018-11-27 20:00:00,2,Jackson Heights,1655.0,2048.0,2018,11,27,20,0,1
1832499,168,2018-11-28 00:00:00,2,Jackson Heights,161.0,800.0,2018,11,28,0,0,1
1832935,168,2018-11-28 04:00:00,2,Jackson Heights,2004.0,181.0,2018,11,28,4,0,1
1833389,168,2018-11-28 08:00:00,2,Jackson Heights,6590.0,770.0,2018,11,28,8,0,1
1833857,168,2018-11-28 12:00:00,2,Jackson Heights,3508.0,1015.0,2018,11,28,12,0,1
1834324,168,2018-11-28 16:00:00,2,Jackson Heights,3069.0,2795.0,2018,11,28,16,0,1
1834793,168,2018-11-28 20:00:00,2,Jackson Heights,1696.0,2189.0,2018,11,28,20,0,1
1835249,168,2018-11-29 00:00:00,2,Jackson Heights,122.0,794.0,2018,11,29,0,0,1
1835684,168,2018-11-29 04:00:00,2,Jackson Heights,2042.0,227.0,2018,11,29,4,0,1
1836136,168,2018-11-29 08:00:00,2,Jackson Heights,6569.0,751.0,2018,11,29,8,0,1
1836604,168,2018-11-29 12:00:00,2,Jackson Heights,3593.0,917.0,2018,11,29,12,0,1
1837071,168,2018-11-29 16:00:00,2,Jackson Heights,3072.0,2629.0,2018,11,29,16,0,1
1837540,168,2018-11-29 20:00:00,2,Jackson Heights,1604.0,2231.0,2018,11,29,20,0,1
1838002,168,2018-11-30 00:00:00,2,Jackson Heights,145.0,731.0,2018,11,30,0,0,1
1838436,168,2018-11-30 04:00:00,2,Jackson Heights,2110.0,190.0,2018,11,30,4,0,1
1838891,168,2018-11-30 08:00:00,2,Jackson Heights,6378.0,842.0,2018,11,30,8,0,1
1839358,168,2018-11-30 12:00:00,2,Jackson Heights,3573.0,1127.0,2018,11,30,12,0,1
1839827,168,2018-11-30 16:00:00,2,Jackson Heights,3073.0,2281.0,2018,11,30,16,0,1
1840295,168,2018-11-30 20:00:00,2,Jackson Heights,1834.0,1974.0,2018,11,30,20,0,1
1840763,168,2018-12-01 00:00:00,2,Jackson Heights,349.0,1039.0,2018,12,1,0,0,1
1841225,168,2018-12-01 04:00:00,2,Jackson Heights,784.0,252.0,2018,12,1,4,0,1
1841684,168,2018-12-01 08:00:00,2,Jackson Heights,3460.0,602.0,2018,12,1,8,0,1
1842150,168,2018-12-01 12:00:00,2,Jackson Heights,3212.0,1111.0,2018,12,1,12,0,1
1842610,168,2018-12-01 16:00:00,2,Jackson Heights,2856.0,1676.0,2018,12,1,16,0,1
1843071,168,2018-12-01 20:00:00,2,Jackson Heights,1563.0,1420.0,2018,12,1,20,0,1
1843533,168,2018-12-02 00:00:00,2,Jackson Heights,434.0,847.0,2018,12,2,0,0,1
1843999,168,2018-12-02 04:00:00,2,Jackson Heights,439.0,249.0,2018,12,2,4,0,1
1844461,168,2018-12-02 08:00:00,2,Jackson Heights,2149.0,398.0,2018,12,2,8,0,1
1844922,168,2018-12-02 12:00:00,2,Jackson Heights,2590.0,793.0,2018,12,2,12,0,1
1845386,168,2018-12-02 16:00:00,2,Jackson Heights,2351.0,1347.0,2018,12,2,16,0,1
1845848,168,2018-12-02 20:00:00,2,Jackson Heights,1185.0,1149.0,2018,12,2,20,0,1
1846300,168,2018-12-03 00:00:00,2,Jackson Heights,72.0,567.0,2018,12,3,0,0,1
1846735,168,2018-12-03 04:00:00,2,Jackson Heights,2014.0,154.0,2018,12,3,4,0,1
1847189,168,2018-12-03 08:00:00,2,Jackson Heights,6482.0,739.0,2018,12,3,8,0,1
1847657,168,2018-12-03 12:00:00,2,Jackson Heights,3561.0,1029.0,2018,12,3,12,0,1
1848126,168,2018-12-03 16:00:00,2,Jackson Heights,2950.0,2722.0,2018,12,3,16,0,1
1848594,168,2018-12-03 20:00:00,2,Jackson Heights,1730.0,2126.0,2018,12,3,20,0,1
1849054,168,2018-12-04 00:00:00,2,Jackson Heights,153.0,789.0,2018,12,4,0,0,1
1849488,168,2018-12-04 04:00:00,2,Jackson Heights,2092.0,175.0,2018,12,4,4,0,1
1849942,168,2018-12-04 08:00:00,2,Jackson Heights,6550.0,765.0,2018,12,4,8,0,1
1850411,168,2018-12-04 12:00:00,2,Jackson Heights,3556.0,733.0,2018,12,4,12,0,1
1850880,168,2018-12-04 16:00:00,2,Jackson Heights,2984.0,2884.0,2018,12,4,16,0,1
1851348,168,2018-12-04 20:00:00,2,Jackson Heights,1694.0,1817.0,2018,12,4,20,0,1
1851809,168,2018-12-05 00:00:00,2,Jackson Heights,140.0,822.0,2018,12,5,0,0,1
1852242,168,2018-12-05 04:00:00,2,Jackson Heights,2067.0,164.0,2018,12,5,4,0,1
1852697,168,2018-12-05 08:00:00,2,Jackson Heights,6571.0,669.0,2018,12,5,8,0,1
1853166,168,2018-12-05 12:00:00,2,Jackson Heights,3531.0,872.0,2018,12,5,12,0,1
1853635,168,2018-12-05 16:00:00,2,Jackson Heights,2917.0,2582.0,2018,12,5,16,0,1
1854103,168,2018-12-05 20:00:00,2,Jackson Heights,1690.0,2053.0,2018,12,5,20,0,1
1854562,168,2018-12-06 00:00:00,2,Jackson Heights,114.0,827.0,2018,12,6,0,0,1
1854999,168,2018-12-06 04:00:00,2,Jackson Heights,2074.0,197.0,2018,12,6,4,0,1
1855453,168,2018-12-06 08:00:00,2,Jackson Heights,6565.0,687.0,2018,12,6,8,0,1
1855922,168,2018-12-06 12:00:00,2,Jackson Heights,3491.0,875.0,2018,12,6,12,0,1
1856391,168,2018-12-06 16:00:00,2,Jackson Heights,3065.0,2644.0,2018,12,6,16,0,1
1856860,168,2018-12-06 20:00:00,2,Jackson Heights,1722.0,2128.0,2018,12,6,20,0,1
1857325,168,2018-12-07 00:00:00,2,Jackson Heights,134.0,906.0,2018,12,7,0,0,1
1857770,168,2018-12-07 04:00:00,2,Jackson Heights,1663.0,236.0,2018,12,7,4,0,1
1858227,168,2018-12-07 08:00:00,2,Jackson Heights,6353.0,668.0,2018,12,7,8,0,1
1858696,168,2018-12-07 12:00:00,2,Jackson Heights,3456.0,953.0,2018,12,7,12,0,1
1859165,168,2018-12-07 16:00:00,2,Jackson Heights,3226.0,2464.0,2018,12,7,16,0,1
1859633,168,2018-12-07 20:00:00,2,Jackson Heights,1883.0,2038.0,2018,12,7,20,0,1
1860101,168,2018-12-08 00:00:00,2,Jackson Heights,351.0,982.0,2018,12,8,0,0,1
1860566,168,2018-12-08 04:00:00,2,Jackson Heights,809.0,238.0,2018,12,8,4,0,1
1861021,168,2018-12-08 08:00:00,2,Jackson Heights,3366.0,543.0,2018,12,8,8,0,1
1861487,168,2018-12-08 12:00:00,2,Jackson Heights,3106.0,890.0,2018,12,8,12,0,1
1861947,168,2018-12-08 16:00:00,2,Jackson Heights,2782.0,1291.0,2018,12,8,16,0,1
1862413,168,2018-12-08 20:00:00,2,Jackson Heights,1500.0,1223.0,2018,12,8,20,0,1
1862872,168,2018-12-09 00:00:00,2,Jackson Heights,343.0,763.0,2018,12,9,0,0,1
1863335,168,2018-12-09 04:00:00,2,Jackson Heights,431.0,224.0,2018,12,9,4,0,1
1863800,168,2018-12-09 08:00:00,2,Jackson Heights,2157.0,346.0,2018,12,9,8,0,1
1864255,168,2018-12-09 12:00:00,2,Jackson Heights,2590.0,622.0,2018,12,9,12,0,1
1864722,168,2018-12-09 16:00:00,2,Jackson Heights,2131.0,1068.0,2018,12,9,16,0,1
1865178,168,2018-12-09 20:00:00,2,Jackson Heights,1102.0,965.0,2018,12,9,20,0,1
1865636,168,2018-12-10 00:00:00,2,Jackson Heights,73.0,486.0,2018,12,10,0,0,1
1866069,168,2018-12-10 04:00:00,2,Jackson Heights,1919.0,172.0,2018,12,10,4,0,1
1866525,168,2018-12-10 08:00:00,2,Jackson Heights,6466.0,718.0,2018,12,10,8,0,1
1866994,168,2018-12-10 12:00:00,2,Jackson Heights,3554.0,909.0,2018,12,10,12,0,1
1867463,168,2018-12-10 16:00:00,2,Jackson Heights,3042.0,2658.0,2018,12,10,16,0,1
1867932,168,2018-12-10 20:00:00,2,Jackson Heights,1724.0,2053.0,2018,12,10,20,0,1
1868392,168,2018-12-11 00:00:00,2,Jackson Heights,121.0,721.0,2018,12,11,0,0,1
1868822,168,2018-12-11 04:00:00,2,Jackson Heights,2005.0,182.0,2018,12,11,4,0,1
1869271,168,2018-12-11 08:00:00,2,Jackson Heights,6487.0,659.0,2018,12,11,8,0,1
1869740,168,2018-12-11 12:00:00,2,Jackson Heights,3559.0,903.0,2018,12,11,12,0,1
1870209,168,2018-12-11 16:00:00,2,Jackson Heights,2952.0,2739.0,2018,12,11,16,0,1
1870678,168,2018-12-11 20:00:00,2,Jackson Heights,1742.0,2073.0,2018,12,11,20,0,1
1871140,168,2018-12-12 00:00:00,2,Jackson Heights,175.0,871.0,2018,12,12,0,0,1
1871574,168,2018-12-12 04:00:00,2,Jackson Heights,1597.0,205.0,2018,12,12,4,0,1
1872029,168,2018-12-12 08:00:00,2,Jackson Heights,6563.0,697.0,2018,12,12,8,0,1
1872498,168,2018-12-12 12:00:00,2,Jackson Heights,3522.0,942.0,2018,12,12,12,0,1
1872967,168,2018-12-12 16:00:00,2,Jackson Heights,3105.0,2605.0,2018,12,12,16,0,1
1873436,168,2018-12-12 20:00:00,2,Jackson Heights,1708.0,2160.0,2018,12,12,20,0,1
1873898,168,2018-12-13 00:00:00,2,Jackson Heights,115.0,823.0,2018,12,13,0,0,1
1874342,168,2018-12-13 04:00:00,2,Jackson Heights,1735.0,175.0,2018,12,13,4,0,1
1874796,168,2018-12-13 08:00:00,2,Jackson Heights,6267.0,692.0,2018,12,13,8,0,1
1875265,168,2018-12-13 12:00:00,2,Jackson Heights,3459.0,855.0,2018,12,13,12,0,1
1875734,168,2018-12-13 16:00:00,2,Jackson Heights,2910.0,2577.0,2018,12,13,16,0,1
1876203,168,2018-12-13 20:00:00,2,Jackson Heights,1700.0,2101.0,2018,12,13,20,0,1
1876664,168,2018-12-14 00:00:00,2,Jackson Heights,124.0,903.0,2018,12,14,0,0,1
1877104,168,2018-12-14 04:00:00,2,Jackson Heights,1999.0,233.0,2018,12,14,4,0,1
1877562,168,2018-12-14 08:00:00,2,Jackson Heights,6259.0,683.0,2018,12,14,8,0,1
1878031,168,2018-12-14 12:00:00,2,Jackson Heights,3392.0,913.0,2018,12,14,12,0,1
1878500,168,2018-12-14 16:00:00,2,Jackson Heights,3203.0,2465.0,2018,12,14,16,0,1
1878969,168,2018-12-14 20:00:00,2,Jackson Heights,1955.0,1995.0,2018,12,14,20,0,1
1879438,168,2018-12-15 00:00:00,2,Jackson Heights,395.0,1068.0,2018,12,15,0,0,1
1879901,168,2018-12-15 04:00:00,2,Jackson Heights,715.0,268.0,2018,12,15,4,0,1
1880361,168,2018-12-15 08:00:00,2,Jackson Heights,3383.0,602.0,2018,12,15,8,0,1
1880823,168,2018-12-15 12:00:00,2,Jackson Heights,3182.0,1034.0,2018,12,15,12,0,1
1881282,168,2018-12-15 16:00:00,2,Jackson Heights,2870.0,1562.0,2018,12,15,16,0,1
1881744,168,2018-12-15 20:00:00,2,Jackson Heights,1653.0,1363.0,2018,12,15,20,0,1
1882203,168,2018-12-16 00:00:00,2,Jackson Heights,439.0,892.0,2018,12,16,0,0,1
1882670,168,2018-12-16 04:00:00,2,Jackson Heights,437.0,197.0,2018,12,16,4,0,1
1883133,168,2018-12-16 08:00:00,2,Jackson Heights,2190.0,401.0,2018,12,16,8,0,1
1883588,168,2018-12-16 12:00:00,2,Jackson Heights,2596.0,809.0,2018,12,16,12,0,1
1884051,168,2018-12-16 16:00:00,2,Jackson Heights,2147.0,1209.0,2018,12,16,16,0,1
1884506,168,2018-12-16 20:00:00,2,Jackson Heights,1103.0,1109.0,2018,12,16,20,0,1
1884962,168,2018-12-17 00:00:00,2,Jackson Heights,66.0,554.0,2018,12,17,0,0,1
1885388,168,2018-12-17 04:00:00,2,Jackson Heights,1702.0,162.0,2018,12,17,4,0,1
1885843,168,2018-12-17 08:00:00,2,Jackson Heights,6264.0,723.0,2018,12,17,8,0,1
1886312,168,2018-12-17 12:00:00,2,Jackson Heights,3518.0,951.0,2018,12,17,12,0,1
1886781,168,2018-12-17 16:00:00,2,Jackson Heights,3113.0,2526.0,2018,12,17,16,0,1
1887249,168,2018-12-17 20:00:00,2,Jackson Heights,1727.0,2068.0,2018,12,17,20,0,1
1887708,168,2018-12-18 00:00:00,2,Jackson Heights,123.0,729.0,2018,12,18,0,0,1
1888139,168,2018-12-18 04:00:00,2,Jackson Heights,2058.0,189.0,2018,12,18,4,0,1
1888594,168,2018-12-18 08:00:00,2,Jackson Heights,5854.0,688.0,2018,12,18,8,0,1
1889062,168,2018-12-18 12:00:00,2,Jackson Heights,3635.0,952.0,2018,12,18,12,0,1
1889530,168,2018-12-18 16:00:00,2,Jackson Heights,3139.0,2673.0,2018,12,18,16,0,1
1889998,168,2018-12-18 20:00:00,2,Jackson Heights,1766.0,2132.0,2018,12,18,20,0,1
1890459,168,2018-12-19 00:00:00,2,Jackson Heights,149.0,765.0,2018,12,19,0,0,1
1890896,168,2018-12-19 04:00:00,2,Jackson Heights,1968.0,174.0,2018,12,19,4,0,1
1891352,168,2018-12-19 08:00:00,2,Jackson Heights,6296.0,760.0,2018,12,19,8,0,1
1891820,168,2018-12-19 12:00:00,2,Jackson Heights,3468.0,880.0,2018,12,19,12,0,1
1892288,168,2018-12-19 16:00:00,2,Jackson Heights,3022.0,2605.0,2018,12,19,16,0,1
1892756,168,2018-12-19 20:00:00,2,Jackson Heights,1768.0,2191.0,2018,12,19,20,0,1
1893217,168,2018-12-20 00:00:00,2,Jackson Heights,125.0,869.0,2018,12,20,0,0,1
1893655,168,2018-12-20 04:00:00,2,Jackson Heights,1956.0,190.0,2018,12,20,4,0,1
1894111,168,2018-12-20 08:00:00,2,Jackson Heights,6246.0,729.0,2018,12,20,8,0,1
1894579,168,2018-12-20 12:00:00,2,Jackson Heights,3463.0,899.0,2018,12,20,12,0,1
1895047,168,2018-12-20 16:00:00,2,Jackson Heights,2995.0,2599.0,2018,12,20,16,0,1
1895515,168,2018-12-20 20:00:00,2,Jackson Heights,1755.0,2139.0,2018,12,20,20,0,1
1895976,168,2018-12-21 00:00:00,2,Jackson Heights,206.0,878.0,2018,12,21,0,0,1
1896425,168,2018-12-21 04:00:00,2,Jackson Heights,1724.0,217.0,2018,12,21,4,0,1
1896885,168,2018-12-21 08:00:00,2,Jackson Heights,5726.0,648.0,2018,12,21,8,0,1
1897354,168,2018-12-21 12:00:00,2,Jackson Heights,3335.0,968.0,2018,12,21,12,0,1
1897823,168,2018-12-21 16:00:00,2,Jackson Heights,3193.0,2391.0,2018,12,21,16,0,1
1898292,168,2018-12-21 20:00:00,2,Jackson Heights,1959.0,1980.0,2018,12,21,20,0,1
1898761,168,2018-12-22 00:00:00,2,Jackson Heights,441.0,985.0,2018,12,22,0,0,1
1899229,168,2018-12-22 04:00:00,2,Jackson Heights,757.0,264.0,2018,12,22,4,0,1
1899692,168,2018-12-22 08:00:00,2,Jackson Heights,3133.0,574.0,2018,12,22,8,0,1
1900161,168,2018-12-22 12:00:00,2,Jackson Heights,3336.0,1011.0,2018,12,22,12,0,1
1900623,168,2018-12-22 16:00:00,2,Jackson Heights,3111.0,1693.0,2018,12,22,16,0,1
1901091,168,2018-12-22 20:00:00,2,Jackson Heights,1795.0,1453.0,2018,12,22,20,0,1
1901556,168,2018-12-23 00:00:00,2,Jackson Heights,463.0,840.0,2018,12,23,0,0,1
1902024,168,2018-12-23 04:00:00,2,Jackson Heights,425.0,219.0,2018,12,23,4,0,1
1902492,168,2018-12-23 08:00:00,2,Jackson Heights,2373.0,442.0,2018,12,23,8,0,1
1902955,168,2018-12-23 12:00:00,2,Jackson Heights,3053.0,878.0,2018,12,23,12,0,1
1903424,168,2018-12-23 16:00:00,2,Jackson Heights,2902.0,1413.0,2018,12,23,16,0,1
1903887,168,2018-12-23 20:00:00,2,Jackson Heights,1537.0,1313.0,2018,12,23,20,0,1
1904354,168,2018-12-24 00:00:00,2,Jackson Heights,234.0,668.0,2018,12,24,0,0,1
1904813,168,2018-12-24 04:00:00,2,Jackson Heights,1143.0,181.0,2018,12,24,4,0,1
1905282,168,2018-12-24 08:00:00,2,Jackson Heights,3485.0,556.0,2018,12,24,8,0,1
1905751,168,2018-12-24 12:00:00,2,Jackson Heights,3048.0,1021.0,2018,12,24,12,0,1
1906220,168,2018-12-24 16:00:00,2,Jackson Heights,2663.0,1846.0,2018,12,24,16,0,1
1906689,168,2018-12-24 20:00:00,2,Jackson Heights,1514.0,1382.0,2018,12,24,20,0,1
1907158,168,2018-12-25 00:00:00,2,Jackson Heights,402.0,618.0,2018,12,25,0,1,1
1907626,168,2018-12-25 04:00:00,2,Jackson Heights,380.0,176.0,2018,12,25,4,1,1
1908095,168,2018-12-25 08:00:00,2,Jackson Heights,1091.0,234.0,2018,12,25,8,1,1
1908564,168,2018-12-25 12:00:00,2,Jackson Heights,1744.0,532.0,2018,12,25,12,1,1
1909032,168,2018-12-25 16:00:00,2,Jackson Heights,2048.0,1019.0,2018,12,25,16,1,1
1909501,168,2018-12-25 20:00:00,2,Jackson Heights,1206.0,820.0,2018,12,25,20,1,1
1909967,168,2018-12-26 00:00:00,2,Jackson Heights,136.0,409.0,2018,12,26,0,0,1
1910429,168,2018-12-26 04:00:00,2,Jackson Heights,1628.0,101.0,2018,12,26,4,0,1
1910896,168,2018-12-26 08:00:00,2,Jackson Heights,4423.0,558.0,2018,12,26,8,0,1
1911365,168,2018-12-26 12:00:00,2,Jackson Heights,3147.0,862.0,2018,12,26,12,0,1
1911833,168,2018-12-26 16:00:00,2,Jackson Heights,3042.0,2090.0,2018,12,26,16,0,1
1912302,168,2018-12-26 20:00:00,2,Jackson Heights,1704.0,1871.0,2018,12,26,20,0,1
1912768,168,2018-12-27 00:00:00,2,Jackson Heights,165.0,829.0,2018,12,27,0,0,1
1913227,168,2018-12-27 04:00:00,2,Jackson Heights,1718.0,164.0,2018,12,27,4,0,1
1913693,168,2018-12-27 08:00:00,2,Jackson Heights,4703.0,659.0,2018,12,27,8,0,1
1914162,168,2018-12-27 12:00:00,2,Jackson Heights,3373.0,898.0,2018,12,27,12,0,1
1914631,168,2018-12-27 16:00:00,2,Jackson Heights,3085.0,2222.0,2018,12,27,16,0,1
1915100,168,2018-12-27 20:00:00,2,Jackson Heights,1596.0,1646.0,2018,12,27,20,0,1
1915567,168,2018-12-28 00:00:00,2,Jackson Heights,161.0,778.0,2018,12,28,0,0,1
1916029,168,2018-12-28 04:00:00,2,Jackson Heights,1591.0,213.0,2018,12,28,4,0,1
1916495,168,2018-12-28 08:00:00,2,Jackson Heights,4439.0,627.0,2018,12,28,8,0,1
1916964,168,2018-12-28 12:00:00,2,Jackson Heights,2987.0,782.0,2018,12,28,12,0,1
1917433,168,2018-12-28 16:00:00,2,Jackson Heights,2962.0,2119.0,2018,12,28,16,0,1
1917902,168,2018-12-28 20:00:00,2,Jackson Heights,1836.0,1769.0,2018,12,28,20,0,1
1918371,168,2018-12-29 00:00:00,2,Jackson Heights,393.0,893.0,2018,12,29,0,0,1
1918840,168,2018-12-29 04:00:00,2,Jackson Heights,744.0,257.0,2018,12,29,4,0,1
1919305,168,2018-12-29 08:00:00,2,Jackson Heights,3021.0,521.0,2018,12,29,8,0,1
1919774,168,2018-12-29 12:00:00,2,Jackson Heights,3258.0,981.0,2018,12,29,12,0,1
1920240,168,2018-12-29 16:00:00,2,Jackson Heights,3011.0,1576.0,2018,12,29,16,0,1
1920709,168,2018-12-29 20:00:00,2,Jackson Heights,1653.0,1407.0,2018,12,29,20,0,1
1921176,168,2018-12-30 00:00:00,2,Jackson Heights,362.0,846.0,2018,12,30,0,0,1
1921644,168,2018-12-30 04:00:00,2,Jackson Heights,465.0,247.0,2018,12,30,4,0,1
1922112,168,2018-12-30 08:00:00,2,Jackson Heights,2188.0,370.0,2018,12,30,8,0,1
1922576,168,2018-12-30 12:00:00,2,Jackson Heights,2683.0,744.0,2018,12,30,12,0,1
1923045,168,2018-12-30 16:00:00,2,Jackson Heights,2605.0,1271.0,2018,12,30,16,0,1
1923509,168,2018-12-30 20:00:00,2,Jackson Heights,1418.0,1198.0,2018,12,30,20,0,1
1923977,168,2018-12-31 00:00:00,2,Jackson Heights,260.0,697.0,2018,12,31,0,0,1
1924438,168,2018-12-31 04:00:00,2,Jackson Heights,1198.0,190.0,2018,12,31,4,0,1
1924906,168,2018-12-31 08:00:00,2,Jackson Heights,3467.0,542.0,2018,12,31,8,0,1
1925375,168,2018-12-31 12:00:00,2,Jackson Heights,3102.0,959.0,2018,12,31,12,0,1
1925844,168,2018-12-31 16:00:00,2,Jackson Heights,2602.0,1946.0,2018,12,31,16,0,1
1926311,168,2018-12-31 20:00:00,2,Jackson Heights,1640.0,1385.0,2018,12,31,20,0,1
1926780,168,2019-01-01 00:00:00,2,Jackson Heights,455.0,739.0,2019,1,1,0,1,1
1927249,168,2019-01-01 04:00:00,2,Jackson Heights,421.0,279.0,2019,1,1,4,1,1
1927718,168,2019-01-01 08:00:00,2,Jackson Heights,1324.0,256.0,2019,1,1,8,1,1
1928187,168,2019-01-01 12:00:00,2,Jackson Heights,1800.0,478.0,2019,1,1,12,1,1
1928656,168,2019-01-01 16:00:00,2,Jackson Heights,2092.0,1091.0,2019,1,1,16,1,1
1929125,168,2019-01-01 20:00:00,2,Jackson Heights,1095.0,989.0,2019,1,1,20,1,1
1929587,168,2019-01-02 00:00:00,2,Jackson Heights,94.0,443.0,2019,1,2,0,0,1
1930034,168,2019-01-02 04:00:00,2,Jackson Heights,1837.0,145.0,2019,1,2,4,0,1
1930491,168,2019-01-02 08:00:00,2,Jackson Heights,5738.0,652.0,2019,1,2,8,0,1
1930960,168,2019-01-02 12:00:00,2,Jackson Heights,3320.0,958.0,2019,1,2,12,0,1
1931429,168,2019-01-02 16:00:00,2,Jackson Heights,2902.0,2554.0,2019,1,2,16,0,1
1931898,168,2019-01-02 20:00:00,2,Jackson Heights,1618.0,1931.0,2019,1,2,20,0,1
1932361,168,2019-01-03 00:00:00,2,Jackson Heights,135.0,723.0,2019,1,3,0,0,1
1932802,168,2019-01-03 04:00:00,2,Jackson Heights,1865.0,186.0,2019,1,3,4,0,1
1933258,168,2019-01-03 08:00:00,2,Jackson Heights,5935.0,681.0,2019,1,3,8,0,1
1933727,168,2019-01-03 12:00:00,2,Jackson Heights,3343.0,945.0,2019,1,3,12,0,1
1934196,168,2019-01-03 16:00:00,2,Jackson Heights,2829.0,2631.0,2019,1,3,16,0,1
1934665,168,2019-01-03 20:00:00,2,Jackson Heights,1612.0,1957.0,2019,1,3,20,0,1
1935128,168,2019-01-04 00:00:00,2,Jackson Heights,151.0,758.0,2019,1,4,0,0,1
1935572,168,2019-01-04 04:00:00,2,Jackson Heights,1839.0,198.0,2019,1,4,4,0,1
1936029,168,2019-01-04 08:00:00,2,Jackson Heights,5923.0,710.0,2019,1,4,8,0,1
1936498,168,2019-01-04 12:00:00,2,Jackson Heights,3370.0,937.0,2019,1,4,12,0,1
1936967,168,2019-01-04 16:00:00,2,Jackson Heights,3073.0,2470.0,2019,1,4,16,0,1
1937436,168,2019-01-04 20:00:00,2,Jackson Heights,1871.0,2027.0,2019,1,4,20,0,1
1937905,168,2019-01-05 00:00:00,2,Jackson Heights,353.0,897.0,2019,1,5,0,0,1
1938370,168,2019-01-05 04:00:00,2,Jackson Heights,730.0,184.0,2019,1,5,4,0,1
1938832,168,2019-01-05 08:00:00,2,Jackson Heights,2911.0,567.0,2019,1,5,8,0,1
1939297,168,2019-01-05 12:00:00,2,Jackson Heights,2803.0,929.0,2019,1,5,12,0,1
1939759,168,2019-01-05 16:00:00,2,Jackson Heights,2627.0,1439.0,2019,1,5,16,0,1
1940224,168,2019-01-05 20:00:00,2,Jackson Heights,1381.0,1220.0,2019,1,5,20,0,1
1940688,168,2019-01-06 00:00:00,2,Jackson Heights,333.0,694.0,2019,1,6,0,0,1
1941153,168,2019-01-06 04:00:00,2,Jackson Heights,435.0,195.0,2019,1,6,4,0,1
1941622,168,2019-01-06 08:00:00,2,Jackson Heights,2051.0,379.0,2019,1,6,8,0,1
1942082,168,2019-01-06 12:00:00,2,Jackson Heights,2678.0,791.0,2019,1,6,12,0,1
1942549,168,2019-01-06 16:00:00,2,Jackson Heights,2300.0,1269.0,2019,1,6,16,0,1
1943008,168,2019-01-06 20:00:00,2,Jackson Heights,1210.0,1025.0,2019,1,6,20,0,1
1943467,168,2019-01-07 00:00:00,2,Jackson Heights,109.0,459.0,2019,1,7,0,0,1
1943902,168,2019-01-07 04:00:00,2,Jackson Heights,1634.0,111.0,2019,1,7,4,0,1
1944357,168,2019-01-07 08:00:00,2,Jackson Heights,6042.0,730.0,2019,1,7,8,0,1
1944826,168,2019-01-07 12:00:00,2,Jackson Heights,3406.0,971.0,2019,1,7,12,0,1
1945295,168,2019-01-07 16:00:00,2,Jackson Heights,2810.0,2698.0,2019,1,7,16,0,1
1945764,168,2019-01-07 20:00:00,2,Jackson Heights,1626.0,1942.0,2019,1,7,20,0,1
1946223,168,2019-01-08 00:00:00,2,Jackson Heights,147.0,634.0,2019,1,8,0,0,1
1946650,168,2019-01-08 04:00:00,2,Jackson Heights,1894.0,134.0,2019,1,8,4,0,1
1947104,168,2019-01-08 08:00:00,2,Jackson Heights,5989.0,699.0,2019,1,8,8,0,1
1947573,168,2019-01-08 12:00:00,2,Jackson Heights,3379.0,941.0,2019,1,8,12,0,1
1948042,168,2019-01-08 16:00:00,2,Jackson Heights,2806.0,2663.0,2019,1,8,16,0,1
1948511,168,2019-01-08 20:00:00,2,Jackson Heights,1648.0,2014.0,2019,1,8,20,0,1
1948971,168,2019-01-09 00:00:00,2,Jackson Heights,130.0,780.0,2019,1,9,0,0,1
1949402,168,2019-01-09 04:00:00,2,Jackson Heights,1922.0,148.0,2019,1,9,4,0,1
1949855,168,2019-01-09 08:00:00,2,Jackson Heights,6183.0,699.0,2019,1,9,8,0,1
1950324,168,2019-01-09 12:00:00,2,Jackson Heights,3308.0,916.0,2019,1,9,12,0,1
1950792,168,2019-01-09 16:00:00,2,Jackson Heights,2891.0,2738.0,2019,1,9,16,0,1
1951261,168,2019-01-09 20:00:00,2,Jackson Heights,1624.0,2077.0,2019,1,9,20,0,1
1951721,168,2019-01-10 00:00:00,2,Jackson Heights,124.0,669.0,2019,1,10,0,0,1
1952158,168,2019-01-10 04:00:00,2,Jackson Heights,1922.0,152.0,2019,1,10,4,0,1
1952613,168,2019-01-10 08:00:00,2,Jackson Heights,6134.0,689.0,2019,1,10,8,0,1
1953082,168,2019-01-10 12:00:00,2,Jackson Heights,3352.0,834.0,2019,1,10,12,0,1
1953551,168,2019-01-10 16:00:00,2,Jackson Heights,2946.0,2621.0,2019,1,10,16,0,1
1954020,168,2019-01-10 20:00:00,2,Jackson Heights,1586.0,1966.0,2019,1,10,20,0,1
1954482,168,2019-01-11 00:00:00,2,Jackson Heights,103.0,799.0,2019,1,11,0,0,1
1954921,168,2019-01-11 04:00:00,2,Jackson Heights,1850.0,171.0,2019,1,11,4,0,1
1955377,168,2019-01-11 08:00:00,2,Jackson Heights,5962.0,722.0,2019,1,11,8,0,1
1955846,168,2019-01-11 12:00:00,2,Jackson Heights,3289.0,876.0,2019,1,11,12,0,1
1956315,168,2019-01-11 16:00:00,2,Jackson Heights,2929.0,2507.0,2019,1,11,16,0,1
1956784,168,2019-01-11 20:00:00,2,Jackson Heights,1782.0,2030.0,2019,1,11,20,0,1
1957253,168,2019-01-12 00:00:00,2,Jackson Heights,303.0,877.0,2019,1,12,0,0,1
1957721,168,2019-01-12 04:00:00,2,Jackson Heights,711.0,192.0,2019,1,12,4,0,1
1958182,168,2019-01-12 08:00:00,2,Jackson Heights,2963.0,536.0,2019,1,12,8,0,1
1958651,168,2019-01-12 12:00:00,2,Jackson Heights,2815.0,955.0,2019,1,12,12,0,1
1959114,168,2019-01-12 16:00:00,2,Jackson Heights,2594.0,1414.0,2019,1,12,16,0,1
1959581,168,2019-01-12 20:00:00,2,Jackson Heights,1423.0,1241.0,2019,1,12,20,0,1
1960045,168,2019-01-13 00:00:00,2,Jackson Heights,335.0,703.0,2019,1,13,0,0,1
1960511,168,2019-01-13 04:00:00,2,Jackson Heights,390.0,200.0,2019,1,13,4,0,1
1960977,168,2019-01-13 08:00:00,2,Jackson Heights,1994.0,381.0,2019,1,13,8,0,1
1961439,168,2019-01-13 12:00:00,2,Jackson Heights,2383.0,748.0,2019,1,13,12,0,1
1961905,168,2019-01-13 16:00:00,2,Jackson Heights,2038.0,1202.0,2019,1,13,16,0,1
1962365,168,2019-01-13 20:00:00,2,Jackson Heights,1264.0,1039.0,2019,1,13,20,0,1
1962826,168,2019-01-14 00:00:00,2,Jackson Heights,125.0,459.0,2019,1,14,0,0,1
1963262,168,2019-01-14 04:00:00,2,Jackson Heights,1810.0,127.0,2019,1,14,4,0,1
1963716,168,2019-01-14 08:00:00,2,Jackson Heights,6007.0,774.0,2019,1,14,8,0,1
1964185,168,2019-01-14 12:00:00,2,Jackson Heights,3334.0,951.0,2019,1,14,12,0,1
1964654,168,2019-01-14 16:00:00,2,Jackson Heights,2895.0,2622.0,2019,1,14,16,0,1
1965123,168,2019-01-14 20:00:00,2,Jackson Heights,1647.0,2042.0,2019,1,14,20,0,1
1965582,168,2019-01-15 00:00:00,2,Jackson Heights,134.0,717.0,2019,1,15,0,0,1
1966010,168,2019-01-15 04:00:00,2,Jackson Heights,1871.0,164.0,2019,1,15,4,0,1
1966463,168,2019-01-15 08:00:00,2,Jackson Heights,6115.0,745.0,2019,1,15,8,0,1
1966932,168,2019-01-15 12:00:00,2,Jackson Heights,3354.0,916.0,2019,1,15,12,0,1
1967401,168,2019-01-15 16:00:00,2,Jackson Heights,2991.0,2796.0,2019,1,15,16,0,1
1967870,168,2019-01-15 20:00:00,2,Jackson Heights,1701.0,1958.0,2019,1,15,20,0,1
1968329,168,2019-01-16 00:00:00,2,Jackson Heights,105.0,732.0,2019,1,16,0,0,1
1968760,168,2019-01-16 04:00:00,2,Jackson Heights,1852.0,194.0,2019,1,16,4,0,1
1969215,168,2019-01-16 08:00:00,2,Jackson Heights,6153.0,701.0,2019,1,16,8,0,1
1969684,168,2019-01-16 12:00:00,2,Jackson Heights,3451.0,937.0,2019,1,16,12,0,1
1970153,168,2019-01-16 16:00:00,2,Jackson Heights,2973.0,2648.0,2019,1,16,16,0,1
1970622,168,2019-01-16 20:00:00,2,Jackson Heights,1653.0,2142.0,2019,1,16,20,0,1
1971083,168,2019-01-17 00:00:00,2,Jackson Heights,108.0,680.0,2019,1,17,0,0,1
1971518,168,2019-01-17 04:00:00,2,Jackson Heights,1072.0,140.0,2019,1,17,4,0,1
1971967,168,2019-01-17 08:00:00,2,Jackson Heights,6179.0,798.0,2019,1,17,8,0,1
1972436,168,2019-01-17 12:00:00,2,Jackson Heights,3392.0,1002.0,2019,1,17,12,0,1
1972905,168,2019-01-17 16:00:00,2,Jackson Heights,2857.0,2693.0,2019,1,17,16,0,1
1973374,168,2019-01-17 20:00:00,2,Jackson Heights,1687.0,1964.0,2019,1,17,20,0,1
1973837,168,2019-01-18 00:00:00,2,Jackson Heights,121.0,764.0,2019,1,18,0,0,1
1974278,168,2019-01-18 04:00:00,2,Jackson Heights,1857.0,201.0,2019,1,18,4,0,1
1974732,168,2019-01-18 08:00:00,2,Jackson Heights,5896.0,663.0,2019,1,18,8,0,1
1975201,168,2019-01-18 12:00:00,2,Jackson Heights,3252.0,955.0,2019,1,18,12,0,1
1975670,168,2019-01-18 16:00:00,2,Jackson Heights,3002.0,2643.0,2019,1,18,16,0,1
1976138,168,2019-01-18 20:00:00,2,Jackson Heights,1791.0,1960.0,2019,1,18,20,0,1
1976607,168,2019-01-19 00:00:00,2,Jackson Heights,312.0,865.0,2019,1,19,0,0,1
1977073,168,2019-01-19 04:00:00,2,Jackson Heights,713.0,195.0,2019,1,19,4,0,1
1977529,168,2019-01-19 08:00:00,2,Jackson Heights,2985.0,540.0,2019,1,19,8,0,1
1977996,168,2019-01-19 12:00:00,2,Jackson Heights,2891.0,969.0,2019,1,19,12,0,1
1978456,168,2019-01-19 16:00:00,2,Jackson Heights,2541.0,1407.0,2019,1,19,16,0,1
1978922,168,2019-01-19 20:00:00,2,Jackson Heights,1369.0,1170.0,2019,1,19,20,0,1
1979384,168,2019-01-20 00:00:00,2,Jackson Heights,283.0,700.0,2019,1,20,0,0,1
1979849,168,2019-01-20 04:00:00,2,Jackson Heights,352.0,197.0,2019,1,20,4,0,1
1980314,168,2019-01-20 08:00:00,2,Jackson Heights,1839.0,304.0,2019,1,20,8,0,1
1980774,168,2019-01-20 12:00:00,2,Jackson Heights,2249.0,771.0,2019,1,20,12,0,1
1981241,168,2019-01-20 16:00:00,2,Jackson Heights,2023.0,1166.0,2019,1,20,16,0,1
1981703,168,2019-01-20 20:00:00,2,Jackson Heights,837.0,775.0,2019,1,20,20,0,1
1982170,168,2019-01-21 00:00:00,2,Jackson Heights,53.0,381.0,2019,1,21,0,1,1
1982625,168,2019-01-21 04:00:00,2,Jackson Heights,1289.0,109.0,2019,1,21,4,1,1
1983092,168,2019-01-21 08:00:00,2,Jackson Heights,3259.0,541.0,2019,1,21,8,1,1
1983561,168,2019-01-21 12:00:00,2,Jackson Heights,2339.0,769.0,2019,1,21,12,1,1
1984030,168,2019-01-21 16:00:00,2,Jackson Heights,2064.0,1759.0,2019,1,21,16,1,1
1984499,168,2019-01-21 20:00:00,2,Jackson Heights,1039.0,1315.0,2019,1,21,20,1,1
1984956,168,2019-01-22 00:00:00,2,Jackson Heights,39.0,412.0,2019,1,22,0,0,1
1985388,168,2019-01-22 04:00:00,2,Jackson Heights,1720.0,129.0,2019,1,22,4,0,1
1985836,168,2019-01-22 08:00:00,2,Jackson Heights,5433.0,685.0,2019,1,22,8,0,1
1986305,168,2019-01-22 12:00:00,2,Jackson Heights,3385.0,1015.0,2019,1,22,12,0,1
1986774,168,2019-01-22 16:00:00,2,Jackson Heights,2965.0,2409.0,2019,1,22,16,0,1
1987243,168,2019-01-22 20:00:00,2,Jackson Heights,1607.0,2009.0,2019,1,22,20,0,1
1987703,168,2019-01-23 00:00:00,2,Jackson Heights,114.0,800.0,2019,1,23,0,0,1
1988136,168,2019-01-23 04:00:00,2,Jackson Heights,1783.0,188.0,2019,1,23,4,0,1
1988590,168,2019-01-23 08:00:00,2,Jackson Heights,5624.0,670.0,2019,1,23,8,0,1
1989058,168,2019-01-23 12:00:00,2,Jackson Heights,3421.0,893.0,2019,1,23,12,0,1
1989527,168,2019-01-23 16:00:00,2,Jackson Heights,3065.0,2502.0,2019,1,23,16,0,1
1989996,168,2019-01-23 20:00:00,2,Jackson Heights,1607.0,2015.0,2019,1,23,20,0,1
1990461,168,2019-01-24 00:00:00,2,Jackson Heights,130.0,765.0,2019,1,24,0,0,1
1990903,168,2019-01-24 04:00:00,2,Jackson Heights,1636.0,165.0,2019,1,24,4,0,1
1991358,168,2019-01-24 08:00:00,2,Jackson Heights,5451.0,774.0,2019,1,24,8,0,1
1991827,168,2019-01-24 12:00:00,2,Jackson Heights,3135.0,982.0,2019,1,24,12,0,1
1992296,168,2019-01-24 16:00:00,2,Jackson Heights,2856.0,2393.0,2019,1,24,16,0,1
1992765,168,2019-01-24 20:00:00,2,Jackson Heights,1603.0,1959.0,2019,1,24,20,0,1
1993226,168,2019-01-25 00:00:00,2,Jackson Heights,124.0,792.0,2019,1,25,0,0,1
1993671,168,2019-01-25 04:00:00,2,Jackson Heights,1839.0,191.0,2019,1,25,4,0,1
1994124,168,2019-01-25 08:00:00,2,Jackson Heights,5588.0,732.0,2019,1,25,8,0,1
1994593,168,2019-01-25 12:00:00,2,Jackson Heights,3352.0,960.0,2019,1,25,12,0,1
1995062,168,2019-01-25 16:00:00,2,Jackson Heights,3188.0,2482.0,2019,1,25,16,0,1
1995531,168,2019-01-25 20:00:00,2,Jackson Heights,1838.0,2062.0,2019,1,25,20,0,1
1996000,168,2019-01-26 00:00:00,2,Jackson Heights,330.0,889.0,2019,1,26,0,0,1
1996465,168,2019-01-26 04:00:00,2,Jackson Heights,731.0,187.0,2019,1,26,4,0,1
1996926,168,2019-01-26 08:00:00,2,Jackson Heights,3073.0,517.0,2019,1,26,8,0,1
1997393,168,2019-01-26 12:00:00,2,Jackson Heights,2863.0,905.0,2019,1,26,12,0,1
1997855,168,2019-01-26 16:00:00,2,Jackson Heights,2512.0,1333.0,2019,1,26,16,0,1
1998321,168,2019-01-26 20:00:00,2,Jackson Heights,1333.0,1140.0,2019,1,26,20,0,1
1998785,168,2019-01-27 00:00:00,2,Jackson Heights,287.0,638.0,2019,1,27,0,0,1
1999251,168,2019-01-27 04:00:00,2,Jackson Heights,372.0,187.0,2019,1,27,4,0,1
1999718,168,2019-01-27 08:00:00,2,Jackson Heights,1909.0,338.0,2019,1,27,8,0,1
2000180,168,2019-01-27 12:00:00,2,Jackson Heights,2292.0,658.0,2019,1,27,12,0,1
2000645,168,2019-01-27 16:00:00,2,Jackson Heights,2060.0,1061.0,2019,1,27,16,0,1
2001107,168,2019-01-27 20:00:00,2,Jackson Heights,999.0,986.0,2019,1,27,20,0,1
2001566,168,2019-01-28 00:00:00,2,Jackson Heights,36.0,445.0,2019,1,28,0,0,1
2002006,168,2019-01-28 04:00:00,2,Jackson Heights,1558.0,129.0,2019,1,28,4,0,1
2002457,168,2019-01-28 08:00:00,2,Jackson Heights,5720.0,746.0,2019,1,28,8,0,1
2002926,168,2019-01-28 12:00:00,2,Jackson Heights,3558.0,1118.0,2019,1,28,12,0,1
2003395,168,2019-01-28 16:00:00,2,Jackson Heights,3070.0,2547.0,2019,1,28,16,0,1
2003864,168,2019-01-28 20:00:00,2,Jackson Heights,1650.0,2027.0,2019,1,28,20,0,1
2004324,168,2019-01-29 00:00:00,2,Jackson Heights,130.0,734.0,2019,1,29,0,0,1
2004756,168,2019-01-29 04:00:00,2,Jackson Heights,1836.0,174.0,2019,1,29,4,0,1
2005205,168,2019-01-29 08:00:00,2,Jackson Heights,6366.0,715.0,2019,1,29,8,0,1
2005674,168,2019-01-29 12:00:00,2,Jackson Heights,3444.0,982.0,2019,1,29,12,0,1
2006143,168,2019-01-29 16:00:00,2,Jackson Heights,2956.0,2926.0,2019,1,29,16,0,1
2006612,168,2019-01-29 20:00:00,2,Jackson Heights,1696.0,2090.0,2019,1,29,20,0,1
2007070,168,2019-01-30 00:00:00,2,Jackson Heights,109.0,734.0,2019,1,30,0,0,1
2007499,168,2019-01-30 04:00:00,2,Jackson Heights,1937.0,199.0,2019,1,30,4,0,1
2007949,168,2019-01-30 08:00:00,2,Jackson Heights,6156.0,684.0,2019,1,30,8,0,1
2008418,168,2019-01-30 12:00:00,2,Jackson Heights,3343.0,1019.0,2019,1,30,12,0,1
2008887,168,2019-01-30 16:00:00,2,Jackson Heights,2801.0,2715.0,2019,1,30,16,0,1
2009356,168,2019-01-30 20:00:00,2,Jackson Heights,1355.0,1871.0,2019,1,30,20,0,1
2009816,168,2019-01-31 00:00:00,2,Jackson Heights,98.0,605.0,2019,1,31,0,0,1
2010241,168,2019-01-31 04:00:00,2,Jackson Heights,1586.0,178.0,2019,1,31,4,0,1
2010687,168,2019-01-31 08:00:00,2,Jackson Heights,3602.0,483.0,2019,1,31,8,0,1
2011156,168,2019-01-31 12:00:00,2,Jackson Heights,3036.0,665.0,2019,1,31,12,0,1
2011625,168,2019-01-31 16:00:00,2,Jackson Heights,2569.0,2015.0,2019,1,31,16,0,1
2012094,168,2019-01-31 20:00:00,2,Jackson Heights,1384.0,1196.0,2019,1,31,20,0,1
2012555,168,2019-02-01 00:00:00,2,Jackson Heights,80.0,594.0,2019,2,1,0,0,1
2012988,168,2019-02-01 04:00:00,2,Jackson Heights,1723.0,169.0,2019,2,1,4,0,1
2013439,168,2019-02-01 08:00:00,2,Jackson Heights,4298.0,540.0,2019,2,1,8,0,1
2013908,168,2019-02-01 12:00:00,2,Jackson Heights,3424.0,820.0,2019,2,1,12,0,1
2014377,168,2019-02-01 16:00:00,2,Jackson Heights,3068.0,2533.0,2019,2,1,16,0,1
2014846,168,2019-02-01 20:00:00,2,Jackson Heights,1720.0,1895.0,2019,2,1,20,0,1
2015315,168,2019-02-02 00:00:00,2,Jackson Heights,301.0,897.0,2019,2,2,0,0,1
2015781,168,2019-02-02 04:00:00,2,Jackson Heights,645.0,203.0,2019,2,2,4,0,1
2016237,168,2019-02-02 08:00:00,2,Jackson Heights,3176.0,529.0,2019,2,2,8,0,1
2016702,168,2019-02-02 12:00:00,2,Jackson Heights,2982.0,1059.0,2019,2,2,12,0,1
2017163,168,2019-02-02 16:00:00,2,Jackson Heights,2694.0,1474.0,2019,2,2,16,0,1
2017631,168,2019-02-02 20:00:00,2,Jackson Heights,1540.0,1231.0,2019,2,2,20,0,1
2018090,168,2019-02-03 00:00:00,2,Jackson Heights,348.0,747.0,2019,2,3,0,0,1
2018557,168,2019-02-03 04:00:00,2,Jackson Heights,389.0,207.0,2019,2,3,4,0,1
2019019,168,2019-02-03 08:00:00,2,Jackson Heights,2262.0,404.0,2019,2,3,8,0,1
2019481,168,2019-02-03 12:00:00,2,Jackson Heights,1504.0,696.0,2019,2,3,12,0,1
2019941,168,2019-02-03 16:00:00,2,Jackson Heights,148.0,121.0,2019,2,3,16,0,1
2020405,168,2019-02-03 20:00:00,2,Jackson Heights,654.0,766.0,2019,2,3,20,0,1
2020864,168,2019-02-04 00:00:00,2,Jackson Heights,98.0,581.0,2019,2,4,0,0,1
2021304,168,2019-02-04 04:00:00,2,Jackson Heights,1823.0,141.0,2019,2,4,4,0,1
2021758,168,2019-02-04 08:00:00,2,Jackson Heights,6093.0,779.0,2019,2,4,8,0,1
2022227,168,2019-02-04 12:00:00,2,Jackson Heights,3436.0,1036.0,2019,2,4,12,0,1
2022696,168,2019-02-04 16:00:00,2,Jackson Heights,2975.0,2660.0,2019,2,4,16,0,1
2023165,168,2019-02-04 20:00:00,2,Jackson Heights,1742.0,2050.0,2019,2,4,20,0,1
2023628,168,2019-02-05 00:00:00,2,Jackson Heights,139.0,646.0,2019,2,5,0,0,1
2024069,168,2019-02-05 04:00:00,2,Jackson Heights,1804.0,150.0,2019,2,5,4,0,1
2024523,168,2019-02-05 08:00:00,2,Jackson Heights,5367.0,737.0,2019,2,5,8,0,1
2024992,168,2019-02-05 12:00:00,2,Jackson Heights,3426.0,1064.0,2019,2,5,12,0,1
2025461,168,2019-02-05 16:00:00,2,Jackson Heights,3153.0,2583.0,2019,2,5,16,0,1
2025930,168,2019-02-05 20:00:00,2,Jackson Heights,1696.0,1864.0,2019,2,5,20,0,1
2026392,168,2019-02-06 00:00:00,2,Jackson Heights,123.0,729.0,2019,2,6,0,0,1
2026831,168,2019-02-06 04:00:00,2,Jackson Heights,1895.0,165.0,2019,2,6,4,0,1
2027286,168,2019-02-06 08:00:00,2,Jackson Heights,6406.0,727.0,2019,2,6,8,0,1
2027755,168,2019-02-06 12:00:00,2,Jackson Heights,3437.0,1053.0,2019,2,6,12,0,1
2028224,168,2019-02-06 16:00:00,2,Jackson Heights,2966.0,2706.0,2019,2,6,16,0,1
2028693,168,2019-02-06 20:00:00,2,Jackson Heights,1588.0,2034.0,2019,2,6,20,0,1
2029153,168,2019-02-07 00:00:00,2,Jackson Heights,95.0,764.0,2019,2,7,0,0,1
2029584,168,2019-02-07 04:00:00,2,Jackson Heights,1887.0,171.0,2019,2,7,4,0,1
2030037,168,2019-02-07 08:00:00,2,Jackson Heights,6327.0,679.0,2019,2,7,8,0,1
2030506,168,2019-02-07 12:00:00,2,Jackson Heights,3491.0,994.0,2019,2,7,12,0,1
2030975,168,2019-02-07 16:00:00,2,Jackson Heights,2939.0,2763.0,2019,2,7,16,0,1
2031444,168,2019-02-07 20:00:00,2,Jackson Heights,1675.0,2098.0,2019,2,7,20,0,1
2031906,168,2019-02-08 00:00:00,2,Jackson Heights,130.0,818.0,2019,2,8,0,0,1
2032346,168,2019-02-08 04:00:00,2,Jackson Heights,1830.0,180.0,2019,2,8,4,0,1
2032800,168,2019-02-08 08:00:00,2,Jackson Heights,6194.0,778.0,2019,2,8,8,0,1
2033269,168,2019-02-08 12:00:00,2,Jackson Heights,3417.0,949.0,2019,2,8,12,0,1
2033738,168,2019-02-08 16:00:00,2,Jackson Heights,3107.0,2654.0,2019,2,8,16,0,1
2034207,168,2019-02-08 20:00:00,2,Jackson Heights,1810.0,2032.0,2019,2,8,20,0,1
2034676,168,2019-02-09 00:00:00,2,Jackson Heights,331.0,866.0,2019,2,9,0,0,1
2035142,168,2019-02-09 04:00:00,2,Jackson Heights,703.0,195.0,2019,2,9,4,0,1
2035595,168,2019-02-09 08:00:00,2,Jackson Heights,3213.0,581.0,2019,2,9,8,0,1
2036061,168,2019-02-09 12:00:00,2,Jackson Heights,2976.0,1111.0,2019,2,9,12,0,1
2036517,168,2019-02-09 16:00:00,2,Jackson Heights,2705.0,1522.0,2019,2,9,16,0,1
2036984,168,2019-02-09 20:00:00,2,Jackson Heights,1445.0,1196.0,2019,2,9,20,0,1
2037442,168,2019-02-10 00:00:00,2,Jackson Heights,281.0,746.0,2019,2,10,0,0,1
2037911,168,2019-02-10 04:00:00,2,Jackson Heights,416.0,210.0,2019,2,10,4,0,1
2038372,168,2019-02-10 08:00:00,2,Jackson Heights,2112.0,391.0,2019,2,10,8,0,1
2038836,168,2019-02-10 12:00:00,2,Jackson Heights,2520.0,779.0,2019,2,10,12,0,1
2039298,168,2019-02-10 16:00:00,2,Jackson Heights,2238.0,1242.0,2019,2,10,16,0,1
2039762,168,2019-02-10 20:00:00,2,Jackson Heights,1119.0,1141.0,2019,2,10,20,0,1
2040215,168,2019-02-11 00:00:00,2,Jackson Heights,51.0,427.0,2019,2,11,0,0,1
2040648,168,2019-02-11 04:00:00,2,Jackson Heights,1857.0,109.0,2019,2,11,4,0,1
2041100,168,2019-02-11 08:00:00,2,Jackson Heights,6216.0,791.0,2019,2,11,8,0,1
2041569,168,2019-02-11 12:00:00,2,Jackson Heights,3516.0,998.0,2019,2,11,12,0,1
2042038,168,2019-02-11 16:00:00,2,Jackson Heights,2993.0,2698.0,2019,2,11,16,0,1
2042507,168,2019-02-11 20:00:00,2,Jackson Heights,1730.0,2079.0,2019,2,11,20,0,1
2042969,168,2019-02-12 00:00:00,2,Jackson Heights,165.0,724.0,2019,2,12,0,0,1
2043403,168,2019-02-12 04:00:00,2,Jackson Heights,1457.0,156.0,2019,2,12,4,0,1
2043856,168,2019-02-12 08:00:00,2,Jackson Heights,5642.0,703.0,2019,2,12,8,0,1
2044325,168,2019-02-12 12:00:00,2,Jackson Heights,3060.0,953.0,2019,2,12,12,0,1
2044794,168,2019-02-12 16:00:00,2,Jackson Heights,2530.0,2515.0,2019,2,12,16,0,1
2045263,168,2019-02-12 20:00:00,2,Jackson Heights,1421.0,1849.0,2019,2,12,20,0,1
2045719,168,2019-02-13 00:00:00,2,Jackson Heights,99.0,672.0,2019,2,13,0,0,1
2046146,168,2019-02-13 04:00:00,2,Jackson Heights,1826.0,154.0,2019,2,13,4,0,1
2046599,168,2019-02-13 08:00:00,2,Jackson Heights,6458.0,741.0,2019,2,13,8,0,1
2047068,168,2019-02-13 12:00:00,2,Jackson Heights,3424.0,1100.0,2019,2,13,12,0,1
2047537,168,2019-02-13 16:00:00,2,Jackson Heights,2994.0,2716.0,2019,2,13,16,0,1
2048006,168,2019-02-13 20:00:00,2,Jackson Heights,1713.0,2248.0,2019,2,13,20,0,1
2048469,168,2019-02-14 00:00:00,2,Jackson Heights,114.0,647.0,2019,2,14,0,0,1
2048904,168,2019-02-14 04:00:00,2,Jackson Heights,1956.0,202.0,2019,2,14,4,0,1
2049360,168,2019-02-14 08:00:00,2,Jackson Heights,6347.0,723.0,2019,2,14,8,0,1
2049829,168,2019-02-14 12:00:00,2,Jackson Heights,3581.0,982.0,2019,2,14,12,0,1
2050298,168,2019-02-14 16:00:00,2,Jackson Heights,3024.0,2722.0,2019,2,14,16,0,1
2050767,168,2019-02-14 20:00:00,2,Jackson Heights,1715.0,2172.0,2019,2,14,20,0,1
2051231,168,2019-02-15 00:00:00,2,Jackson Heights,155.0,899.0,2019,2,15,0,0,1
2051674,168,2019-02-15 04:00:00,2,Jackson Heights,1839.0,223.0,2019,2,15,4,0,1
2052130,168,2019-02-15 08:00:00,2,Jackson Heights,6026.0,716.0,2019,2,15,8,0,1
2052599,168,2019-02-15 12:00:00,2,Jackson Heights,3301.0,982.0,2019,2,15,12,0,1
2053068,168,2019-02-15 16:00:00,2,Jackson Heights,3139.0,2573.0,2019,2,15,16,0,1
2053537,168,2019-02-15 20:00:00,2,Jackson Heights,1904.0,2038.0,2019,2,15,20,0,1
2054006,168,2019-02-16 00:00:00,2,Jackson Heights,381.0,944.0,2019,2,16,0,0,1
2054472,168,2019-02-16 04:00:00,2,Jackson Heights,718.0,178.0,2019,2,16,4,0,1
2054924,168,2019-02-16 08:00:00,2,Jackson Heights,3196.0,603.0,2019,2,16,8,0,1
2055385,168,2019-02-16 12:00:00,2,Jackson Heights,3091.0,1032.0,2019,2,16,12,0,1
2055840,168,2019-02-16 16:00:00,2,Jackson Heights,2878.0,1600.0,2019,2,16,16,0,1
2056304,168,2019-02-16 20:00:00,2,Jackson Heights,1525.0,1334.0,2019,2,16,20,0,1
2056761,168,2019-02-17 00:00:00,2,Jackson Heights,326.0,775.0,2019,2,17,0,0,1
2057223,168,2019-02-17 04:00:00,2,Jackson Heights,415.0,234.0,2019,2,17,4,0,1
2057680,168,2019-02-17 08:00:00,2,Jackson Heights,2054.0,380.0,2019,2,17,8,0,1
2058143,168,2019-02-17 12:00:00,2,Jackson Heights,2520.0,713.0,2019,2,17,12,0,1
2058603,168,2019-02-17 16:00:00,2,Jackson Heights,2400.0,1279.0,2019,2,17,16,0,1
2059064,168,2019-02-17 20:00:00,2,Jackson Heights,1162.0,1140.0,2019,2,17,20,0,1
2059530,168,2019-02-18 00:00:00,2,Jackson Heights,107.0,594.0,2019,2,18,0,1,1
2059990,168,2019-02-18 04:00:00,2,Jackson Heights,1372.0,157.0,2019,2,18,4,1,1
2060453,168,2019-02-18 08:00:00,2,Jackson Heights,3662.0,507.0,2019,2,18,8,1,1
2060915,168,2019-02-18 12:00:00,2,Jackson Heights,2923.0,1030.0,2019,2,18,12,1,1
2061381,168,2019-02-18 16:00:00,2,Jackson Heights,2789.0,1763.0,2019,2,18,16,1,1
2061843,168,2019-02-18 20:00:00,2,Jackson Heights,1567.0,1625.0,2019,2,18,20,1,1
2062302,168,2019-02-19 00:00:00,2,Jackson Heights,165.0,621.0,2019,2,19,0,0,1
2062743,168,2019-02-19 04:00:00,2,Jackson Heights,1776.0,136.0,2019,2,19,4,0,1
2063197,168,2019-02-19 08:00:00,2,Jackson Heights,5326.0,695.0,2019,2,19,8,0,1
2063666,168,2019-02-19 12:00:00,2,Jackson Heights,3355.0,1006.0,2019,2,19,12,0,1
2064135,168,2019-02-19 16:00:00,2,Jackson Heights,3111.0,2557.0,2019,2,19,16,0,1
2064604,168,2019-02-19 20:00:00,2,Jackson Heights,1603.0,1808.0,2019,2,19,20,0,1
2065067,168,2019-02-20 00:00:00,2,Jackson Heights,111.0,692.0,2019,2,20,0,0,1
2065508,168,2019-02-20 04:00:00,2,Jackson Heights,1769.0,166.0,2019,2,20,4,0,1
2065960,168,2019-02-20 08:00:00,2,Jackson Heights,5416.0,635.0,2019,2,20,8,0,1
2066429,168,2019-02-20 12:00:00,2,Jackson Heights,3200.0,1038.0,2019,2,20,12,0,1
2066898,168,2019-02-20 16:00:00,2,Jackson Heights,2729.0,2436.0,2019,2,20,16,0,1
2067367,168,2019-02-20 20:00:00,2,Jackson Heights,1441.0,1904.0,2019,2,20,20,0,1
2067829,168,2019-02-21 00:00:00,2,Jackson Heights,98.0,760.0,2019,2,21,0,0,1
2068272,168,2019-02-21 04:00:00,2,Jackson Heights,1555.0,159.0,2019,2,21,4,0,1
2068719,168,2019-02-21 08:00:00,2,Jackson Heights,5505.0,641.0,2019,2,21,8,0,1
2069188,168,2019-02-21 12:00:00,2,Jackson Heights,3360.0,940.0,2019,2,21,12,0,1
2069657,168,2019-02-21 16:00:00,2,Jackson Heights,3072.0,2372.0,2019,2,21,16,0,1
2070125,168,2019-02-21 20:00:00,2,Jackson Heights,1709.0,2029.0,2019,2,21,20,0,1
2070587,168,2019-02-22 00:00:00,2,Jackson Heights,134.0,842.0,2019,2,22,0,0,1
2071032,168,2019-02-22 04:00:00,2,Jackson Heights,1822.0,222.0,2019,2,22,4,0,1
2071489,168,2019-02-22 08:00:00,2,Jackson Heights,5349.0,647.0,2019,2,22,8,0,1
2071958,168,2019-02-22 12:00:00,2,Jackson Heights,3301.0,1001.0,2019,2,22,12,0,1
2072426,168,2019-02-22 16:00:00,2,Jackson Heights,3090.0,2024.0,2019,2,22,16,0,1
2072895,168,2019-02-22 20:00:00,2,Jackson Heights,1865.0,1866.0,2019,2,22,20,0,1
2073364,168,2019-02-23 00:00:00,2,Jackson Heights,329.0,942.0,2019,2,23,0,0,1
2073831,168,2019-02-23 04:00:00,2,Jackson Heights,714.0,224.0,2019,2,23,4,0,1
2074287,168,2019-02-23 08:00:00,2,Jackson Heights,3117.0,568.0,2019,2,23,8,0,1
2074755,168,2019-02-23 12:00:00,2,Jackson Heights,3046.0,955.0,2019,2,23,12,0,1
2075215,168,2019-02-23 16:00:00,2,Jackson Heights,2711.0,1499.0,2019,2,23,16,0,1
2075681,168,2019-02-23 20:00:00,2,Jackson Heights,1468.0,1260.0,2019,2,23,20,0,1
2076142,168,2019-02-24 00:00:00,2,Jackson Heights,342.0,762.0,2019,2,24,0,0,1
2076609,168,2019-02-24 04:00:00,2,Jackson Heights,376.0,173.0,2019,2,24,4,0,1
2077074,168,2019-02-24 08:00:00,2,Jackson Heights,1970.0,368.0,2019,2,24,8,0,1
2077538,168,2019-02-24 12:00:00,2,Jackson Heights,2265.0,697.0,2019,2,24,12,0,1
2078004,168,2019-02-24 16:00:00,2,Jackson Heights,2126.0,1195.0,2019,2,24,16,0,1
2078466,168,2019-02-24 20:00:00,2,Jackson Heights,1088.0,1046.0,2019,2,24,20,0,1
2078926,168,2019-02-25 00:00:00,2,Jackson Heights,68.0,501.0,2019,2,25,0,0,1
2079355,168,2019-02-25 04:00:00,2,Jackson Heights,1833.0,149.0,2019,2,25,4,0,1
2079807,168,2019-02-25 08:00:00,2,Jackson Heights,6162.0,765.0,2019,2,25,8,0,1
2080275,168,2019-02-25 12:00:00,2,Jackson Heights,3468.0,1049.0,2019,2,25,12,0,1
2080744,168,2019-02-25 16:00:00,2,Jackson Heights,2902.0,2623.0,2019,2,25,16,0,1
2081212,168,2019-02-25 20:00:00,2,Jackson Heights,1702.0,2159.0,2019,2,25,20,0,1
2081666,168,2019-02-26 00:00:00,2,Jackson Heights,128.0,724.0,2019,2,26,0,0,1
2082094,168,2019-02-26 04:00:00,2,Jackson Heights,1743.0,150.0,2019,2,26,4,0,1
2082547,168,2019-02-26 08:00:00,2,Jackson Heights,6268.0,761.0,2019,2,26,8,0,1
2083015,168,2019-02-26 12:00:00,2,Jackson Heights,3443.0,999.0,2019,2,26,12,0,1
2083483,168,2019-02-26 16:00:00,2,Jackson Heights,2978.0,2868.0,2019,2,26,16,0,1
2083951,168,2019-02-26 20:00:00,2,Jackson Heights,1721.0,2170.0,2019,2,26,20,0,1
2084407,168,2019-02-27 00:00:00,2,Jackson Heights,118.0,783.0,2019,2,27,0,0,1
2084836,168,2019-02-27 04:00:00,2,Jackson Heights,1873.0,191.0,2019,2,27,4,0,1
2085289,168,2019-02-27 08:00:00,2,Jackson Heights,6277.0,702.0,2019,2,27,8,0,1
2085758,168,2019-02-27 12:00:00,2,Jackson Heights,3193.0,1485.0,2019,2,27,12,0,1
2086226,168,2019-02-27 16:00:00,2,Jackson Heights,2904.0,2960.0,2019,2,27,16,0,1
2086694,168,2019-02-27 20:00:00,2,Jackson Heights,1624.0,2104.0,2019,2,27,20,0,1
2087154,168,2019-02-28 00:00:00,2,Jackson Heights,109.0,785.0,2019,2,28,0,0,1
2087581,168,2019-02-28 04:00:00,2,Jackson Heights,1518.0,142.0,2019,2,28,4,0,1
2088034,168,2019-02-28 08:00:00,2,Jackson Heights,6254.0,758.0,2019,2,28,8,0,1
2088502,168,2019-02-28 12:00:00,2,Jackson Heights,3406.0,970.0,2019,2,28,12,0,1
2088970,168,2019-02-28 16:00:00,2,Jackson Heights,2992.0,2728.0,2019,2,28,16,0,1
2089438,168,2019-02-28 20:00:00,2,Jackson Heights,1670.0,2083.0,2019,2,28,20,0,1
2089897,168,2019-03-01 00:00:00,2,Jackson Heights,130.0,878.0,2019,3,1,0,0,1
2090333,168,2019-03-01 04:00:00,2,Jackson Heights,1814.0,198.0,2019,3,1,4,0,1
2090786,168,2019-03-01 08:00:00,2,Jackson Heights,6117.0,726.0,2019,3,1,8,0,1
2091254,168,2019-03-01 12:00:00,2,Jackson Heights,3390.0,1007.0,2019,3,1,12,0,1
2091722,168,2019-03-01 16:00:00,2,Jackson Heights,3046.0,2570.0,2019,3,1,16,0,1
2092190,168,2019-03-01 20:00:00,2,Jackson Heights,1813.0,1933.0,2019,3,1,20,0,1
2092658,168,2019-03-02 00:00:00,2,Jackson Heights,336.0,902.0,2019,3,2,0,0,1
2093124,168,2019-03-02 04:00:00,2,Jackson Heights,720.0,224.0,2019,3,2,4,0,1
2093578,168,2019-03-02 08:00:00,2,Jackson Heights,3130.0,546.0,2019,3,2,8,0,1
2094044,168,2019-03-02 12:00:00,2,Jackson Heights,3037.0,1091.0,2019,3,2,12,0,1
2094505,168,2019-03-02 16:00:00,2,Jackson Heights,2706.0,1467.0,2019,3,2,16,0,1
2094971,168,2019-03-02 20:00:00,2,Jackson Heights,1453.0,1242.0,2019,3,2,20,0,1
2095434,168,2019-03-03 00:00:00,2,Jackson Heights,350.0,814.0,2019,3,3,0,0,1
2095899,168,2019-03-03 04:00:00,2,Jackson Heights,391.0,211.0,2019,3,3,4,0,1
2096363,168,2019-03-03 08:00:00,2,Jackson Heights,2207.0,394.0,2019,3,3,8,0,1
2096823,168,2019-03-03 12:00:00,2,Jackson Heights,2511.0,784.0,2019,3,3,12,0,1
2097288,168,2019-03-03 16:00:00,2,Jackson Heights,2252.0,1312.0,2019,3,3,16,0,1
2097748,168,2019-03-03 20:00:00,2,Jackson Heights,1059.0,1074.0,2019,3,3,20,0,1
2098210,168,2019-03-04 00:00:00,2,Jackson Heights,57.0,497.0,2019,3,4,0,0,1
2098649,168,2019-03-04 04:00:00,2,Jackson Heights,1685.0,164.0,2019,3,4,4,0,1
2099104,168,2019-03-04 08:00:00,2,Jackson Heights,4643.0,630.0,2019,3,4,8,0,1
2099572,168,2019-03-04 12:00:00,2,Jackson Heights,2940.0,914.0,2019,3,4,12,0,1
2100040,168,2019-03-04 16:00:00,2,Jackson Heights,2784.0,2185.0,2019,3,4,16,0,1
2100508,168,2019-03-04 20:00:00,2,Jackson Heights,1603.0,1848.0,2019,3,4,20,0,1
2100966,168,2019-03-05 00:00:00,2,Jackson Heights,130.0,681.0,2019,3,5,0,0,1
2101397,168,2019-03-05 04:00:00,2,Jackson Heights,1950.0,169.0,2019,3,5,4,0,1
2101851,168,2019-03-05 08:00:00,2,Jackson Heights,6359.0,774.0,2019,3,5,8,0,1
2102319,168,2019-03-05 12:00:00,2,Jackson Heights,3550.0,1072.0,2019,3,5,12,0,1
2102787,168,2019-03-05 16:00:00,2,Jackson Heights,3043.0,2851.0,2019,3,5,16,0,1
2103255,168,2019-03-05 20:00:00,2,Jackson Heights,1791.0,2253.0,2019,3,5,20,0,1
2103712,168,2019-03-06 00:00:00,2,Jackson Heights,132.0,863.0,2019,3,6,0,0,1
2104144,168,2019-03-06 04:00:00,2,Jackson Heights,1838.0,172.0,2019,3,6,4,0,1
2104596,168,2019-03-06 08:00:00,2,Jackson Heights,6350.0,695.0,2019,3,6,8,0,1
2105064,168,2019-03-06 12:00:00,2,Jackson Heights,3493.0,1049.0,2019,3,6,12,0,1
2105532,168,2019-03-06 16:00:00,2,Jackson Heights,2860.0,2806.0,2019,3,6,16,0,1
2106000,168,2019-03-06 20:00:00,2,Jackson Heights,1550.0,2112.0,2019,3,6,20,0,1
2106460,168,2019-03-07 00:00:00,2,Jackson Heights,87.0,556.0,2019,3,7,0,0,1
2106893,168,2019-03-07 04:00:00,2,Jackson Heights,1856.0,184.0,2019,3,7,4,0,1
2107346,168,2019-03-07 08:00:00,2,Jackson Heights,6322.0,741.0,2019,3,7,8,0,1
2107814,168,2019-03-07 12:00:00,2,Jackson Heights,3402.0,851.0,2019,3,7,12,0,1
2108282,168,2019-03-07 16:00:00,2,Jackson Heights,2918.0,2529.0,2019,3,7,16,0,1
2108750,168,2019-03-07 20:00:00,2,Jackson Heights,1684.0,2151.0,2019,3,7,20,0,1
2109210,168,2019-03-08 00:00:00,2,Jackson Heights,135.0,880.0,2019,3,8,0,0,1
2109647,168,2019-03-08 04:00:00,2,Jackson Heights,1828.0,203.0,2019,3,8,4,0,1
2110101,168,2019-03-08 08:00:00,2,Jackson Heights,6270.0,690.0,2019,3,8,8,0,1
2110569,168,2019-03-08 12:00:00,2,Jackson Heights,3510.0,1208.0,2019,3,8,12,0,1
2111037,168,2019-03-08 16:00:00,2,Jackson Heights,3143.0,2548.0,2019,3,8,16,0,1
2111505,168,2019-03-08 20:00:00,2,Jackson Heights,1914.0,2022.0,2019,3,8,20,0,1
2111973,168,2019-03-09 00:00:00,2,Jackson Heights,335.0,966.0,2019,3,9,0,0,1
2112439,168,2019-03-09 04:00:00,2,Jackson Heights,767.0,233.0,2019,3,9,4,0,1
2112894,168,2019-03-09 08:00:00,2,Jackson Heights,3070.0,654.0,2019,3,9,8,0,1
2113360,168,2019-03-09 12:00:00,2,Jackson Heights,2776.0,1193.0,2019,3,9,12,0,1
2113812,168,2019-03-09 16:00:00,2,Jackson Heights,2421.0,1953.0,2019,3,9,16,0,1
2114279,168,2019-03-09 20:00:00,2,Jackson Heights,1456.0,1426.0,2019,3,9,20,0,1
2114740,168,2019-03-10 00:00:00,2,Jackson Heights,286.0,687.0,2019,3,10,0,0,1
2115204,168,2019-03-10 04:00:00,2,Jackson Heights,423.0,294.0,2019,3,10,4,0,1
2115670,168,2019-03-10 08:00:00,2,Jackson Heights,1594.0,322.0,2019,3,10,8,0,1
2116125,168,2019-03-10 12:00:00,2,Jackson Heights,2165.0,756.0,2019,3,10,12,0,1
2116591,168,2019-03-10 16:00:00,2,Jackson Heights,1674.0,1230.0,2019,3,10,16,0,1
2117046,168,2019-03-10 20:00:00,2,Jackson Heights,1036.0,1216.0,2019,3,10,20,0,1
2117499,168,2019-03-11 00:00:00,2,Jackson Heights,34.0,188.0,2019,3,11,0,0,1
2117944,168,2019-03-11 04:00:00,2,Jackson Heights,2652.0,217.0,2019,3,11,4,0,1
2118411,168,2019-03-11 08:00:00,2,Jackson Heights,5626.0,656.0,2019,3,11,8,0,1
2118879,168,2019-03-11 12:00:00,2,Jackson Heights,3725.0,1220.0,2019,3,11,12,0,1
2119347,168,2019-03-11 16:00:00,2,Jackson Heights,2849.0,2492.0,2019,3,11,16,0,1
2119815,168,2019-03-11 20:00:00,2,Jackson Heights,2091.0,2447.0,2019,3,11,20,0,1
2120271,168,2019-03-12 00:00:00,2,Jackson Heights,57.0,505.0,2019,3,12,0,0,1
2120725,168,2019-03-12 04:00:00,2,Jackson Heights,2744.0,233.0,2019,3,12,4,0,1
2121192,168,2019-03-12 08:00:00,2,Jackson Heights,5691.0,617.0,2019,3,12,8,0,1
2121660,168,2019-03-12 12:00:00,2,Jackson Heights,3672.0,1173.0,2019,3,12,12,0,1
2122128,168,2019-03-12 16:00:00,2,Jackson Heights,2782.0,2566.0,2019,3,12,16,0,1
2122596,168,2019-03-12 20:00:00,2,Jackson Heights,1981.0,2584.0,2019,3,12,20,0,1
2123051,168,2019-03-13 00:00:00,2,Jackson Heights,49.0,551.0,2019,3,13,0,0,1
2123503,168,2019-03-13 04:00:00,2,Jackson Heights,2235.0,244.0,2019,3,13,4,0,1
2123970,168,2019-03-13 08:00:00,2,Jackson Heights,5700.0,646.0,2019,3,13,8,0,1
2124438,168,2019-03-13 12:00:00,2,Jackson Heights,3801.0,1251.0,2019,3,13,12,0,1
2124906,168,2019-03-13 16:00:00,2,Jackson Heights,2793.0,2491.0,2019,3,13,16,0,1
2125374,168,2019-03-13 20:00:00,2,Jackson Heights,1885.0,2442.0,2019,3,13,20,0,1
2125828,168,2019-03-14 00:00:00,2,Jackson Heights,21.0,385.0,2019,3,14,0,0,1
2126280,168,2019-03-14 04:00:00,2,Jackson Heights,2697.0,257.0,2019,3,14,4,0,1
2126748,168,2019-03-14 08:00:00,2,Jackson Heights,5740.0,594.0,2019,3,14,8,0,1
2127216,168,2019-03-14 12:00:00,2,Jackson Heights,3720.0,1090.0,2019,3,14,12,0,1
2127684,168,2019-03-14 16:00:00,2,Jackson Heights,2714.0,2316.0,2019,3,14,16,0,1
2128152,168,2019-03-14 20:00:00,2,Jackson Heights,1947.0,2426.0,2019,3,14,20,0,1
2128606,168,2019-03-15 00:00:00,2,Jackson Heights,18.0,327.0,2019,3,15,0,0,1
2129065,168,2019-03-15 04:00:00,2,Jackson Heights,2650.0,262.0,2019,3,15,4,0,1
2129533,168,2019-03-15 08:00:00,2,Jackson Heights,5493.0,602.0,2019,3,15,8,0,1
2130001,168,2019-03-15 12:00:00,2,Jackson Heights,3673.0,1141.0,2019,3,15,12,0,1
2130469,168,2019-03-15 16:00:00,2,Jackson Heights,2966.0,2289.0,2019,3,15,16,0,1
2130937,168,2019-03-15 20:00:00,2,Jackson Heights,2103.0,2381.0,2019,3,15,20,0,1
2131405,168,2019-03-16 00:00:00,2,Jackson Heights,331.0,915.0,2019,3,16,0,0,1
2131867,168,2019-03-16 04:00:00,2,Jackson Heights,758.0,261.0,2019,3,16,4,0,1
2132319,168,2019-03-16 08:00:00,2,Jackson Heights,2400.0,343.0,2019,3,16,8,0,1
2132780,168,2019-03-16 12:00:00,2,Jackson Heights,2732.0,576.0,2019,3,16,12,0,1
2133236,168,2019-03-16 16:00:00,2,Jackson Heights,2087.0,746.0,2019,3,16,16,0,1
2133701,168,2019-03-16 20:00:00,2,Jackson Heights,1213.0,718.0,2019,3,16,20,0,1
2134157,168,2019-03-17 00:00:00,2,Jackson Heights,283.0,508.0,2019,3,17,0,0,1
2134619,168,2019-03-17 04:00:00,2,Jackson Heights,257.0,230.0,2019,3,17,4,0,1
2135079,168,2019-03-17 08:00:00,2,Jackson Heights,1245.0,198.0,2019,3,17,8,0,1
2135537,168,2019-03-17 12:00:00,2,Jackson Heights,1870.0,361.0,2019,3,17,12,0,1
2135997,168,2019-03-17 16:00:00,2,Jackson Heights,1523.0,543.0,2019,3,17,16,0,1
2136449,168,2019-03-17 20:00:00,2,Jackson Heights,908.0,790.0,2019,3,17,20,0,1
2136901,168,2019-03-18 00:00:00,2,Jackson Heights,10.0,130.0,2019,3,18,0,0,1
2137344,168,2019-03-18 04:00:00,2,Jackson Heights,2664.0,177.0,2019,3,18,4,0,1
2137812,168,2019-03-18 08:00:00,2,Jackson Heights,5565.0,666.0,2019,3,18,8,0,1
2138280,168,2019-03-18 12:00:00,2,Jackson Heights,3691.0,1242.0,2019,3,18,12,0,1
2138748,168,2019-03-18 16:00:00,2,Jackson Heights,2769.0,2433.0,2019,3,18,16,0,1
2139216,168,2019-03-18 20:00:00,2,Jackson Heights,1947.0,2394.0,2019,3,18,20,0,1
2139670,168,2019-03-19 00:00:00,2,Jackson Heights,48.0,542.0,2019,3,19,0,0,1
2140116,168,2019-03-19 04:00:00,2,Jackson Heights,2711.0,239.0,2019,3,19,4,0,1
2140583,168,2019-03-19 08:00:00,2,Jackson Heights,5616.0,612.0,2019,3,19,8,0,1
2141051,168,2019-03-19 12:00:00,2,Jackson Heights,3711.0,1176.0,2019,3,19,12,0,1
2141519,168,2019-03-19 16:00:00,2,Jackson Heights,2820.0,2540.0,2019,3,19,16,0,1
2141987,168,2019-03-19 20:00:00,2,Jackson Heights,1961.0,2490.0,2019,3,19,20,0,1
2142440,168,2019-03-20 00:00:00,2,Jackson Heights,21.0,497.0,2019,3,20,0,0,1
2142889,168,2019-03-20 04:00:00,2,Jackson Heights,2755.0,245.0,2019,3,20,4,0,1
2143356,168,2019-03-20 08:00:00,2,Jackson Heights,5639.0,582.0,2019,3,20,8,0,1
2143824,168,2019-03-20 12:00:00,2,Jackson Heights,3668.0,1172.0,2019,3,20,12,0,1
2144292,168,2019-03-20 16:00:00,2,Jackson Heights,2869.0,2430.0,2019,3,20,16,0,1
2144760,168,2019-03-20 20:00:00,2,Jackson Heights,1946.0,2469.0,2019,3,20,20,0,1
2145215,168,2019-03-21 00:00:00,2,Jackson Heights,50.0,703.0,2019,3,21,0,0,1
2145672,168,2019-03-21 04:00:00,2,Jackson Heights,2585.0,254.0,2019,3,21,4,0,1
2146140,168,2019-03-21 08:00:00,2,Jackson Heights,5481.0,594.0,2019,3,21,8,0,1
2146608,168,2019-03-21 12:00:00,2,Jackson Heights,3571.0,1196.0,2019,3,21,12,0,1
2147076,168,2019-03-21 16:00:00,2,Jackson Heights,2668.0,2420.0,2019,3,21,16,0,1
2147544,168,2019-03-21 20:00:00,2,Jackson Heights,1866.0,2405.0,2019,3,21,20,0,1
2147999,168,2019-03-22 00:00:00,2,Jackson Heights,31.0,438.0,2019,3,22,0,0,1
2148454,168,2019-03-22 04:00:00,2,Jackson Heights,2113.0,226.0,2019,3,22,4,0,1
2148922,168,2019-03-22 08:00:00,2,Jackson Heights,5375.0,535.0,2019,3,22,8,0,1
2149390,168,2019-03-22 12:00:00,2,Jackson Heights,3721.0,1222.0,2019,3,22,12,0,1
2149858,168,2019-03-22 16:00:00,2,Jackson Heights,2923.0,1733.0,2019,3,22,16,0,1
2150326,168,2019-03-22 20:00:00,2,Jackson Heights,2049.0,2337.0,2019,3,22,20,0,1
2150793,168,2019-03-23 00:00:00,2,Jackson Heights,352.0,833.0,2019,3,23,0,0,1
2151254,168,2019-03-23 04:00:00,2,Jackson Heights,718.0,299.0,2019,3,23,4,0,1
2151716,168,2019-03-23 08:00:00,2,Jackson Heights,2184.0,322.0,2019,3,23,8,0,1
2152174,168,2019-03-23 12:00:00,2,Jackson Heights,2453.0,519.0,2019,3,23,12,0,1
2152636,168,2019-03-23 16:00:00,2,Jackson Heights,1942.0,699.0,2019,3,23,16,0,1
2153095,168,2019-03-23 20:00:00,2,Jackson Heights,1156.0,722.0,2019,3,23,20,0,1
2153558,168,2019-03-24 00:00:00,2,Jackson Heights,291.0,528.0,2019,3,24,0,0,1
2154015,168,2019-03-24 04:00:00,2,Jackson Heights,276.0,239.0,2019,3,24,4,0,1
2154475,168,2019-03-24 08:00:00,2,Jackson Heights,1360.0,197.0,2019,3,24,8,0,1
2154930,168,2019-03-24 12:00:00,2,Jackson Heights,2099.0,418.0,2019,3,24,12,0,1
2155391,168,2019-03-24 16:00:00,2,Jackson Heights,1615.0,657.0,2019,3,24,16,0,1
2155843,168,2019-03-24 20:00:00,2,Jackson Heights,881.0,820.0,2019,3,24,20,0,1
2156297,168,2019-03-25 00:00:00,2,Jackson Heights,16.0,262.0,2019,3,25,0,0,1
2156744,168,2019-03-25 04:00:00,2,Jackson Heights,2745.0,218.0,2019,3,25,4,0,1
2157212,168,2019-03-25 08:00:00,2,Jackson Heights,5571.0,643.0,2019,3,25,8,0,1
2157680,168,2019-03-25 12:00:00,2,Jackson Heights,3561.0,1215.0,2019,3,25,12,0,1
2158148,168,2019-03-25 16:00:00,2,Jackson Heights,2737.0,2431.0,2019,3,25,16,0,1
2158616,168,2019-03-25 20:00:00,2,Jackson Heights,1946.0,2383.0,2019,3,25,20,0,1
2159066,168,2019-03-26 00:00:00,2,Jackson Heights,13.0,235.0,2019,3,26,0,0,1
2159513,168,2019-03-26 04:00:00,2,Jackson Heights,2781.0,245.0,2019,3,26,4,0,1
2159981,168,2019-03-26 08:00:00,2,Jackson Heights,5621.0,613.0,2019,3,26,8,0,1
2160449,168,2019-03-26 12:00:00,2,Jackson Heights,3612.0,1182.0,2019,3,26,12,0,1
2160917,168,2019-03-26 16:00:00,2,Jackson Heights,2828.0,2463.0,2019,3,26,16,0,1
2161385,168,2019-03-26 20:00:00,2,Jackson Heights,2003.0,2513.0,2019,3,26,20,0,1
2161840,168,2019-03-27 00:00:00,2,Jackson Heights,48.0,596.0,2019,3,27,0,0,1
2162293,168,2019-03-27 04:00:00,2,Jackson Heights,2645.0,248.0,2019,3,27,4,0,1
2162761,168,2019-03-27 08:00:00,2,Jackson Heights,5586.0,674.0,2019,3,27,8,0,1
2163229,168,2019-03-27 12:00:00,2,Jackson Heights,3718.0,1310.0,2019,3,27,12,0,1
2163697,168,2019-03-27 16:00:00,2,Jackson Heights,2814.0,2469.0,2019,3,27,16,0,1
2164165,168,2019-03-27 20:00:00,2,Jackson Heights,1946.0,2431.0,2019,3,27,20,0,1
2164616,168,2019-03-28 00:00:00,2,Jackson Heights,15.0,377.0,2019,3,28,0,0,1
2165069,168,2019-03-28 04:00:00,2,Jackson Heights,2760.0,276.0,2019,3,28,4,0,1
2165536,168,2019-03-28 08:00:00,2,Jackson Heights,5623.0,632.0,2019,3,28,8,0,1
2166004,168,2019-03-28 12:00:00,2,Jackson Heights,3657.0,1144.0,2019,3,28,12,0,1
2166472,168,2019-03-28 16:00:00,2,Jackson Heights,2795.0,2372.0,2019,3,28,16,0,1
2166940,168,2019-03-28 20:00:00,2,Jackson Heights,1865.0,2501.0,2019,3,28,20,0,1
2167396,168,2019-03-29 00:00:00,2,Jackson Heights,6.0,128.0,2019,3,29,0,0,1
2167853,168,2019-03-29 04:00:00,2,Jackson Heights,2687.0,280.0,2019,3,29,4,0,1
2168320,168,2019-03-29 08:00:00,2,Jackson Heights,5477.0,598.0,2019,3,29,8,0,1
2168788,168,2019-03-29 12:00:00,2,Jackson Heights,3625.0,1155.0,2019,3,29,12,0,1
2169256,168,2019-03-29 16:00:00,2,Jackson Heights,2884.0,2332.0,2019,3,29,16,0,1
2169724,168,2019-03-29 20:00:00,2,Jackson Heights,2005.0,2371.0,2019,3,29,20,0,1
2170190,168,2019-03-30 00:00:00,2,Jackson Heights,305.0,912.0,2019,3,30,0,0,1
2170653,168,2019-03-30 04:00:00,2,Jackson Heights,850.0,272.0,2019,3,30,4,0,1
2171116,168,2019-03-30 08:00:00,2,Jackson Heights,2679.0,491.0,2019,3,30,8,0,1
2171579,168,2019-03-30 12:00:00,2,Jackson Heights,3174.0,966.0,2019,3,30,12,0,1
2172041,168,2019-03-30 16:00:00,2,Jackson Heights,2570.0,1375.0,2019,3,30,16,0,1
2172501,168,2019-03-30 20:00:00,2,Jackson Heights,1521.0,1388.0,2019,3,30,20,0,1
2172962,168,2019-03-31 00:00:00,2,Jackson Heights,364.0,779.0,2019,3,31,0,0,1
2173422,168,2019-03-31 04:00:00,2,Jackson Heights,438.0,271.0,2019,3,31,4,0,1
2173885,168,2019-03-31 08:00:00,2,Jackson Heights,1810.0,351.0,2019,3,31,8,0,1
2174343,168,2019-03-31 12:00:00,2,Jackson Heights,2468.0,698.0,2019,3,31,12,0,1
2174806,168,2019-03-31 16:00:00,2,Jackson Heights,1986.0,1014.0,2019,3,31,16,0,1
2175263,168,2019-03-31 20:00:00,2,Jackson Heights,1205.0,1074.0,2019,3,31,20,0,1
2175714,168,2019-04-01 00:00:00,2,Jackson Heights,44.0,193.0,2019,4,1,0,0,1
2176156,168,2019-04-01 04:00:00,2,Jackson Heights,2734.0,215.0,2019,4,1,4,0,1
2176624,168,2019-04-01 08:00:00,2,Jackson Heights,5600.0,599.0,2019,4,1,8,0,1
2177092,168,2019-04-01 12:00:00,2,Jackson Heights,3667.0,1298.0,2019,4,1,12,0,1
2177560,168,2019-04-01 16:00:00,2,Jackson Heights,2778.0,2357.0,2019,4,1,16,0,1
2178028,168,2019-04-01 20:00:00,2,Jackson Heights,1927.0,2381.0,2019,4,1,20,0,1
2178483,168,2019-04-02 00:00:00,2,Jackson Heights,58.0,406.0,2019,4,2,0,0,1
2178929,168,2019-04-02 04:00:00,2,Jackson Heights,2802.0,241.0,2019,4,2,4,0,1
2179397,168,2019-04-02 08:00:00,2,Jackson Heights,5715.0,569.0,2019,4,2,8,0,1
2179865,168,2019-04-02 12:00:00,2,Jackson Heights,3623.0,1148.0,2019,4,2,12,0,1
2180333,168,2019-04-02 16:00:00,2,Jackson Heights,2776.0,2564.0,2019,4,2,16,0,1
2180801,168,2019-04-02 20:00:00,2,Jackson Heights,1963.0,2535.0,2019,4,2,20,0,1
2181251,168,2019-04-03 00:00:00,2,Jackson Heights,25.0,393.0,2019,4,3,0,0,1
2181702,168,2019-04-03 04:00:00,2,Jackson Heights,2760.0,288.0,2019,4,3,4,0,1
2182169,168,2019-04-03 08:00:00,2,Jackson Heights,5734.0,625.0,2019,4,3,8,0,1
2182637,168,2019-04-03 12:00:00,2,Jackson Heights,3747.0,1209.0,2019,4,3,12,0,1
2183105,168,2019-04-03 16:00:00,2,Jackson Heights,2800.0,2480.0,2019,4,3,16,0,1
2183573,168,2019-04-03 20:00:00,2,Jackson Heights,1922.0,2464.0,2019,4,3,20,0,1
2184025,168,2019-04-04 00:00:00,2,Jackson Heights,9.0,533.0,2019,4,4,0,0,1
2184475,168,2019-04-04 04:00:00,2,Jackson Heights,2810.0,271.0,2019,4,4,4,0,1
2184943,168,2019-04-04 08:00:00,2,Jackson Heights,5777.0,661.0,2019,4,4,8,0,1
2185411,168,2019-04-04 12:00:00,2,Jackson Heights,3716.0,1190.0,2019,4,4,12,0,1
2185879,168,2019-04-04 16:00:00,2,Jackson Heights,2800.0,2520.0,2019,4,4,16,0,1
2186347,168,2019-04-04 20:00:00,2,Jackson Heights,1925.0,2585.0,2019,4,4,20,0,1
2186802,168,2019-04-05 00:00:00,2,Jackson Heights,23.0,349.0,2019,4,5,0,0,1
2187252,168,2019-04-05 04:00:00,2,Jackson Heights,2691.0,282.0,2019,4,5,4,0,1
2187720,168,2019-04-05 08:00:00,2,Jackson Heights,5588.0,629.0,2019,4,5,8,0,1
2188188,168,2019-04-05 12:00:00,2,Jackson Heights,3713.0,1285.0,2019,4,5,12,0,1
2188656,168,2019-04-05 16:00:00,2,Jackson Heights,2807.0,2421.0,2019,4,5,16,0,1
2189124,168,2019-04-05 20:00:00,2,Jackson Heights,1933.0,2388.0,2019,4,5,20,0,1
2189590,168,2019-04-06 00:00:00,2,Jackson Heights,284.0,960.0,2019,4,6,0,0,1
2190051,168,2019-04-06 04:00:00,2,Jackson Heights,951.0,286.0,2019,4,6,4,0,1
2190510,168,2019-04-06 08:00:00,2,Jackson Heights,3002.0,564.0,2019,4,6,8,0,1
2190971,168,2019-04-06 12:00:00,2,Jackson Heights,3485.0,1155.0,2019,4,6,12,0,1
2191432,168,2019-04-06 16:00:00,2,Jackson Heights,2735.0,1820.0,2019,4,6,16,0,1
2191894,168,2019-04-06 20:00:00,2,Jackson Heights,1653.0,1718.0,2019,4,6,20,0,1
2192355,168,2019-04-07 00:00:00,2,Jackson Heights,416.0,810.0,2019,4,7,0,0,1
2192821,168,2019-04-07 04:00:00,2,Jackson Heights,494.0,295.0,2019,4,7,4,0,1
2193276,168,2019-04-07 08:00:00,2,Jackson Heights,2041.0,382.0,2019,4,7,8,0,1
2193738,168,2019-04-07 12:00:00,2,Jackson Heights,2952.0,892.0,2019,4,7,12,0,1
2194193,168,2019-04-07 16:00:00,2,Jackson Heights,2339.0,1504.0,2019,4,7,16,0,1
2194654,168,2019-04-07 20:00:00,2,Jackson Heights,1229.0,1484.0,2019,4,7,20,0,1
2195102,168,2019-04-08 00:00:00,2,Jackson Heights,24.0,351.0,2019,4,8,0,0,1
2195552,168,2019-04-08 04:00:00,2,Jackson Heights,2755.0,211.0,2019,4,8,4,0,1
2196019,168,2019-04-08 08:00:00,2,Jackson Heights,5654.0,646.0,2019,4,8,8,0,1
2196487,168,2019-04-08 12:00:00,2,Jackson Heights,3667.0,1190.0,2019,4,8,12,0,1
2196955,168,2019-04-08 16:00:00,2,Jackson Heights,2890.0,2471.0,2019,4,8,16,0,1
2197423,168,2019-04-08 20:00:00,2,Jackson Heights,2107.0,2520.0,2019,4,8,20,0,1
2197875,168,2019-04-09 00:00:00,2,Jackson Heights,51.0,527.0,2019,4,9,0,0,1
2198328,168,2019-04-09 04:00:00,2,Jackson Heights,2827.0,219.0,2019,4,9,4,0,1
2198795,168,2019-04-09 08:00:00,2,Jackson Heights,5813.0,675.0,2019,4,9,8,0,1
2199263,168,2019-04-09 12:00:00,2,Jackson Heights,3707.0,1265.0,2019,4,9,12,0,1
2199731,168,2019-04-09 16:00:00,2,Jackson Heights,2785.0,2385.0,2019,4,9,16,0,1
2200199,168,2019-04-09 20:00:00,2,Jackson Heights,1980.0,2448.0,2019,4,9,20,0,1
2200650,168,2019-04-10 00:00:00,2,Jackson Heights,39.0,538.0,2019,4,10,0,0,1
2201098,168,2019-04-10 04:00:00,2,Jackson Heights,2837.0,249.0,2019,4,10,4,0,1
2201565,168,2019-04-10 08:00:00,2,Jackson Heights,5880.0,655.0,2019,4,10,8,0,1
2202033,168,2019-04-10 12:00:00,2,Jackson Heights,3730.0,1275.0,2019,4,10,12,0,1
2202501,168,2019-04-10 16:00:00,2,Jackson Heights,2767.0,2521.0,2019,4,10,16,0,1
2202969,168,2019-04-10 20:00:00,2,Jackson Heights,2010.0,2626.0,2019,4,10,20,0,1
2203424,168,2019-04-11 00:00:00,2,Jackson Heights,42.0,456.0,2019,4,11,0,0,1
2203877,168,2019-04-11 04:00:00,2,Jackson Heights,2362.0,234.0,2019,4,11,4,0,1
2204344,168,2019-04-11 08:00:00,2,Jackson Heights,5769.0,619.0,2019,4,11,8,0,1
2204812,168,2019-04-11 12:00:00,2,Jackson Heights,3705.0,1144.0,2019,4,11,12,0,1
2205280,168,2019-04-11 16:00:00,2,Jackson Heights,2772.0,2436.0,2019,4,11,16,0,1
2205748,168,2019-04-11 20:00:00,2,Jackson Heights,1928.0,2587.0,2019,4,11,20,0,1
2206203,168,2019-04-12 00:00:00,2,Jackson Heights,46.0,557.0,2019,4,12,0,0,1
2206659,168,2019-04-12 04:00:00,2,Jackson Heights,2245.0,234.0,2019,4,12,4,0,1
2207127,168,2019-04-12 08:00:00,2,Jackson Heights,5583.0,619.0,2019,4,12,8,0,1
2207595,168,2019-04-12 12:00:00,2,Jackson Heights,3606.0,1163.0,2019,4,12,12,0,1
2208063,168,2019-04-12 16:00:00,2,Jackson Heights,2873.0,2318.0,2019,4,12,16,0,1
2208531,168,2019-04-12 20:00:00,2,Jackson Heights,2103.0,2410.0,2019,4,12,20,0,1
2208997,168,2019-04-13 00:00:00,2,Jackson Heights,286.0,922.0,2019,4,13,0,0,1
2209457,168,2019-04-13 04:00:00,2,Jackson Heights,963.0,250.0,2019,4,13,4,0,1
2209918,168,2019-04-13 08:00:00,2,Jackson Heights,2894.0,515.0,2019,4,13,8,0,1
2210372,168,2019-04-13 12:00:00,2,Jackson Heights,3377.0,953.0,2019,4,13,12,0,1
2210834,168,2019-04-13 16:00:00,2,Jackson Heights,2663.0,1374.0,2019,4,13,16,0,1
2211293,168,2019-04-13 20:00:00,2,Jackson Heights,1560.0,1472.0,2019,4,13,20,0,1
2211754,168,2019-04-14 00:00:00,2,Jackson Heights,431.0,838.0,2019,4,14,0,0,1
2212215,168,2019-04-14 04:00:00,2,Jackson Heights,485.0,268.0,2019,4,14,4,0,1
2212671,168,2019-04-14 08:00:00,2,Jackson Heights,2023.0,340.0,2019,4,14,8,0,1
2213128,168,2019-04-14 12:00:00,2,Jackson Heights,2746.0,732.0,2019,4,14,12,0,1
2213584,168,2019-04-14 16:00:00,2,Jackson Heights,2048.0,1111.0,2019,4,14,16,0,1
2214040,168,2019-04-14 20:00:00,2,Jackson Heights,1147.0,1160.0,2019,4,14,20,0,1
2214488,168,2019-04-15 00:00:00,2,Jackson Heights,36.0,349.0,2019,4,15,0,0,1
2214935,168,2019-04-15 04:00:00,2,Jackson Heights,2613.0,184.0,2019,4,15,4,0,1
2215402,168,2019-04-15 08:00:00,2,Jackson Heights,5572.0,644.0,2019,4,15,8,0,1
2215869,168,2019-04-15 12:00:00,2,Jackson Heights,3755.0,1269.0,2019,4,15,12,0,1
2216336,168,2019-04-15 16:00:00,2,Jackson Heights,2782.0,2445.0,2019,4,15,16,0,1
2216803,168,2019-04-15 20:00:00,2,Jackson Heights,1970.0,2357.0,2019,4,15,20,0,1
2217253,168,2019-04-16 00:00:00,2,Jackson Heights,41.0,471.0,2019,4,16,0,0,1
2217699,168,2019-04-16 04:00:00,2,Jackson Heights,2426.0,197.0,2019,4,16,4,0,1
2218165,168,2019-04-16 08:00:00,2,Jackson Heights,5742.0,632.0,2019,4,16,8,0,1
2218632,168,2019-04-16 12:00:00,2,Jackson Heights,3668.0,1213.0,2019,4,16,12,0,1
2219100,168,2019-04-16 16:00:00,2,Jackson Heights,2736.0,2391.0,2019,4,16,16,0,1
2219568,168,2019-04-16 20:00:00,2,Jackson Heights,1947.0,2452.0,2019,4,16,20,0,1
2220023,168,2019-04-17 00:00:00,2,Jackson Heights,18.0,459.0,2019,4,17,0,0,1
2220481,168,2019-04-17 04:00:00,2,Jackson Heights,2004.0,205.0,2019,4,17,4,0,1
2220948,168,2019-04-17 08:00:00,2,Jackson Heights,5751.0,633.0,2019,4,17,8,0,1
2221416,168,2019-04-17 12:00:00,2,Jackson Heights,3764.0,1267.0,2019,4,17,12,0,1
2221883,168,2019-04-17 16:00:00,2,Jackson Heights,2949.0,2576.0,2019,4,17,16,0,1
2222351,168,2019-04-17 20:00:00,2,Jackson Heights,1997.0,2541.0,2019,4,17,20,0,1
2222810,168,2019-04-18 00:00:00,2,Jackson Heights,23.0,313.0,2019,4,18,0,0,1
2223268,168,2019-04-18 04:00:00,2,Jackson Heights,2295.0,260.0,2019,4,18,4,0,1
2223735,168,2019-04-18 08:00:00,2,Jackson Heights,5696.0,611.0,2019,4,18,8,0,1
2224203,168,2019-04-18 12:00:00,2,Jackson Heights,3668.0,1165.0,2019,4,18,12,0,1
2224671,168,2019-04-18 16:00:00,2,Jackson Heights,2756.0,2355.0,2019,4,18,16,0,1
2225139,168,2019-04-18 20:00:00,2,Jackson Heights,1953.0,2489.0,2019,4,18,20,0,1
2225607,168,2019-04-19 00:00:00,2,Jackson Heights,141.0,866.0,2019,4,19,0,0,1
2226072,168,2019-04-19 04:00:00,2,Jackson Heights,1558.0,233.0,2019,4,19,4,0,1
2226540,168,2019-04-19 08:00:00,2,Jackson Heights,4140.0,572.0,2019,4,19,8,0,1
2227008,168,2019-04-19 12:00:00,2,Jackson Heights,3511.0,1158.0,2019,4,19,12,0,1
2227476,168,2019-04-19 16:00:00,2,Jackson Heights,2804.0,1882.0,2019,4,19,16,0,1
2227944,168,2019-04-19 20:00:00,2,Jackson Heights,1826.0,1985.0,2019,4,19,20,0,1
2228411,168,2019-04-20 00:00:00,2,Jackson Heights,332.0,833.0,2019,4,20,0,0,1
2228869,168,2019-04-20 04:00:00,2,Jackson Heights,907.0,271.0,2019,4,20,4,0,1
2229330,168,2019-04-20 08:00:00,2,Jackson Heights,2572.0,418.0,2019,4,20,8,0,1
2229792,168,2019-04-20 12:00:00,2,Jackson Heights,3028.0,805.0,2019,4,20,12,0,1
2230256,168,2019-04-20 16:00:00,2,Jackson Heights,2612.0,1222.0,2019,4,20,16,0,1
2230713,168,2019-04-20 20:00:00,2,Jackson Heights,1580.0,1319.0,2019,4,20,20,0,1
2231175,168,2019-04-21 00:00:00,2,Jackson Heights,445.0,760.0,2019,4,21,0,0,1
2231638,168,2019-04-21 04:00:00,2,Jackson Heights,461.0,254.0,2019,4,21,4,0,1
2232097,168,2019-04-21 08:00:00,2,Jackson Heights,1965.0,345.0,2019,4,21,8,0,1
2232558,168,2019-04-21 12:00:00,2,Jackson Heights,2979.0,711.0,2019,4,21,12,0,1
2233019,168,2019-04-21 16:00:00,2,Jackson Heights,2265.0,1112.0,2019,4,21,16,0,1
2233478,168,2019-04-21 20:00:00,2,Jackson Heights,1206.0,1196.0,2019,4,21,20,0,1
2233931,168,2019-04-22 00:00:00,2,Jackson Heights,100.0,538.0,2019,4,22,0,0,1
2234385,168,2019-04-22 04:00:00,2,Jackson Heights,2145.0,140.0,2019,4,22,4,0,1
2234852,168,2019-04-22 08:00:00,2,Jackson Heights,4749.0,611.0,2019,4,22,8,0,1
2235320,168,2019-04-22 12:00:00,2,Jackson Heights,3519.0,1235.0,2019,4,22,12,0,1
2235788,168,2019-04-22 16:00:00,2,Jackson Heights,2697.0,2038.0,2019,4,22,16,0,1
2236257,168,2019-04-22 20:00:00,2,Jackson Heights,1804.0,2009.0,2019,4,22,20,0,1
2236714,168,2019-04-23 00:00:00,2,Jackson Heights,66.0,576.0,2019,4,23,0,0,1
2237168,168,2019-04-23 04:00:00,2,Jackson Heights,2281.0,201.0,2019,4,23,4,0,1
2237636,168,2019-04-23 08:00:00,2,Jackson Heights,4967.0,618.0,2019,4,23,8,0,1
2238104,168,2019-04-23 12:00:00,2,Jackson Heights,3671.0,1170.0,2019,4,23,12,0,1
2238572,168,2019-04-23 16:00:00,2,Jackson Heights,2936.0,2230.0,2019,4,23,16,0,1
2239040,168,2019-04-23 20:00:00,2,Jackson Heights,1987.0,2387.0,2019,4,23,20,0,1
2239500,168,2019-04-24 00:00:00,2,Jackson Heights,118.0,841.0,2019,4,24,0,0,1
2239961,168,2019-04-24 04:00:00,2,Jackson Heights,1855.0,212.0,2019,4,24,4,0,1
2240430,168,2019-04-24 08:00:00,2,Jackson Heights,4896.0,648.0,2019,4,24,8,0,1
2240898,168,2019-04-24 12:00:00,2,Jackson Heights,3676.0,1145.0,2019,4,24,12,0,1
2241367,168,2019-04-24 16:00:00,2,Jackson Heights,2948.0,2125.0,2019,4,24,16,0,1
2241835,168,2019-04-24 20:00:00,2,Jackson Heights,1980.0,1884.0,2019,4,24,20,0,1
2242297,168,2019-04-25 00:00:00,2,Jackson Heights,128.0,726.0,2019,4,25,0,0,1
2242759,168,2019-04-25 04:00:00,2,Jackson Heights,1834.0,227.0,2019,4,25,4,0,1
2243227,168,2019-04-25 08:00:00,2,Jackson Heights,4873.0,619.0,2019,4,25,8,0,1
2243696,168,2019-04-25 12:00:00,2,Jackson Heights,3656.0,1074.0,2019,4,25,12,0,1
2244164,168,2019-04-25 16:00:00,2,Jackson Heights,2814.0,2182.0,2019,4,25,16,0,1
2244632,168,2019-04-25 20:00:00,2,Jackson Heights,1853.0,2315.0,2019,4,25,20,0,1
2245095,168,2019-04-26 00:00:00,2,Jackson Heights,108.0,765.0,2019,4,26,0,0,1
2245558,168,2019-04-26 04:00:00,2,Jackson Heights,1415.0,269.0,2019,4,26,4,0,1
2246026,168,2019-04-26 08:00:00,2,Jackson Heights,4596.0,635.0,2019,4,26,8,0,1
2246494,168,2019-04-26 12:00:00,2,Jackson Heights,3476.0,1116.0,2019,4,26,12,0,1
2246962,168,2019-04-26 16:00:00,2,Jackson Heights,2779.0,2002.0,2019,4,26,16,0,1
2247431,168,2019-04-26 20:00:00,2,Jackson Heights,1919.0,2103.0,2019,4,26,20,0,1
2247897,168,2019-04-27 00:00:00,2,Jackson Heights,236.0,892.0,2019,4,27,0,0,1
2248359,168,2019-04-27 04:00:00,2,Jackson Heights,1036.0,311.0,2019,4,27,4,0,1
2248824,168,2019-04-27 08:00:00,2,Jackson Heights,2997.0,623.0,2019,4,27,8,0,1
2249291,168,2019-04-27 12:00:00,2,Jackson Heights,3329.0,1017.0,2019,4,27,12,0,1
2249750,168,2019-04-27 16:00:00,2,Jackson Heights,2711.0,1489.0,2019,4,27,16,0,1
2250216,168,2019-04-27 20:00:00,2,Jackson Heights,1728.0,1695.0,2019,4,27,20,0,1
2250680,168,2019-04-28 00:00:00,2,Jackson Heights,477.0,895.0,2019,4,28,0,0,1
2251146,168,2019-04-28 04:00:00,2,Jackson Heights,500.0,278.0,2019,4,28,4,0,1
2251610,168,2019-04-28 08:00:00,2,Jackson Heights,2019.0,391.0,2019,4,28,8,0,1
2252076,168,2019-04-28 12:00:00,2,Jackson Heights,2853.0,817.0,2019,4,28,12,0,1
2252540,168,2019-04-28 16:00:00,2,Jackson Heights,2194.0,1395.0,2019,4,28,16,0,1
2253006,168,2019-04-28 20:00:00,2,Jackson Heights,1258.0,1441.0,2019,4,28,20,0,1
2253461,168,2019-04-29 00:00:00,2,Jackson Heights,41.0,417.0,2019,4,29,0,0,1
2253915,168,2019-04-29 04:00:00,2,Jackson Heights,2359.0,186.0,2019,4,29,4,0,1
2254384,168,2019-04-29 08:00:00,2,Jackson Heights,5545.0,672.0,2019,4,29,8,0,1
2254853,168,2019-04-29 12:00:00,2,Jackson Heights,3500.0,1315.0,2019,4,29,12,0,1
2255322,168,2019-04-29 16:00:00,2,Jackson Heights,2736.0,2552.0,2019,4,29,16,0,1
2255790,168,2019-04-29 20:00:00,2,Jackson Heights,1987.0,2489.0,2019,4,29,20,0,1
2256245,168,2019-04-30 00:00:00,2,Jackson Heights,59.0,624.0,2019,4,30,0,0,1
2256700,168,2019-04-30 04:00:00,2,Jackson Heights,2761.0,251.0,2019,4,30,4,0,1
2257168,168,2019-04-30 08:00:00,2,Jackson Heights,5648.0,621.0,2019,4,30,8,0,1
2257637,168,2019-04-30 12:00:00,2,Jackson Heights,3458.0,854.0,2019,4,30,12,0,1
2258106,168,2019-04-30 16:00:00,2,Jackson Heights,2651.0,2260.0,2019,4,30,16,0,1
2258575,168,2019-04-30 20:00:00,2,Jackson Heights,2096.0,2593.0,2019,4,30,20,0,1
2259032,168,2019-05-01 00:00:00,2,Jackson Heights,87.0,616.0,2019,5,1,0,0,1
2259489,168,2019-05-01 04:00:00,2,Jackson Heights,2751.0,282.0,2019,5,1,4,0,1
2259957,168,2019-05-01 08:00:00,2,Jackson Heights,5684.0,584.0,2019,5,1,8,0,1
2260426,168,2019-05-01 12:00:00,2,Jackson Heights,3528.0,1458.0,2019,5,1,12,0,1
2260895,168,2019-05-01 16:00:00,2,Jackson Heights,2690.0,2660.0,2019,5,1,16,0,1
2261364,168,2019-05-01 20:00:00,2,Jackson Heights,1954.0,2371.0,2019,5,1,20,0,1
2261820,168,2019-05-02 00:00:00,2,Jackson Heights,3.0,597.0,2019,5,2,0,0,1
2262276,168,2019-05-02 04:00:00,2,Jackson Heights,2824.0,258.0,2019,5,2,4,0,1
2262745,168,2019-05-02 08:00:00,2,Jackson Heights,5728.0,610.0,2019,5,2,8,0,1
2263214,168,2019-05-02 12:00:00,2,Jackson Heights,3617.0,1196.0,2019,5,2,12,0,1
2263683,168,2019-05-02 16:00:00,2,Jackson Heights,2751.0,2405.0,2019,5,2,16,0,1
2264152,168,2019-05-02 20:00:00,2,Jackson Heights,1974.0,2497.0,2019,5,2,20,0,1
2264611,168,2019-05-03 00:00:00,2,Jackson Heights,48.0,705.0,2019,5,3,0,0,1
2265072,168,2019-05-03 04:00:00,2,Jackson Heights,2241.0,308.0,2019,5,3,4,0,1
2265541,168,2019-05-03 08:00:00,2,Jackson Heights,5587.0,604.0,2019,5,3,8,0,1
2266010,168,2019-05-03 12:00:00,2,Jackson Heights,3520.0,1393.0,2019,5,3,12,0,1
2266479,168,2019-05-03 16:00:00,2,Jackson Heights,2666.0,2505.0,2019,5,3,16,0,1
2266948,168,2019-05-03 20:00:00,2,Jackson Heights,2019.0,2338.0,2019,5,3,20,0,1
2267417,168,2019-05-04 00:00:00,2,Jackson Heights,296.0,925.0,2019,5,4,0,0,1
2267885,168,2019-05-04 04:00:00,2,Jackson Heights,1011.0,295.0,2019,5,4,4,0,1
2268350,168,2019-05-04 08:00:00,2,Jackson Heights,2907.0,527.0,2019,5,4,8,0,1
2268812,168,2019-05-04 12:00:00,2,Jackson Heights,3242.0,1038.0,2019,5,4,12,0,1
2269276,168,2019-05-04 16:00:00,2,Jackson Heights,2652.0,1385.0,2019,5,4,16,0,1
2269742,168,2019-05-04 20:00:00,2,Jackson Heights,1631.0,1401.0,2019,5,4,20,0,1
2270206,168,2019-05-05 00:00:00,2,Jackson Heights,421.0,854.0,2019,5,5,0,0,1
2270670,168,2019-05-05 04:00:00,2,Jackson Heights,467.0,280.0,2019,5,5,4,0,1
2271133,168,2019-05-05 08:00:00,2,Jackson Heights,1865.0,366.0,2019,5,5,8,0,1
2271596,168,2019-05-05 12:00:00,2,Jackson Heights,2662.0,791.0,2019,5,5,12,0,1
2272060,168,2019-05-05 16:00:00,2,Jackson Heights,2122.0,1137.0,2019,5,5,16,0,1
2272521,168,2019-05-05 20:00:00,2,Jackson Heights,1156.0,1145.0,2019,5,5,20,0,1
2272977,168,2019-05-06 00:00:00,2,Jackson Heights,7.0,37.0,2019,5,6,0,0,1
2273426,168,2019-05-06 04:00:00,2,Jackson Heights,2699.0,183.0,2019,5,6,4,0,1
2273894,168,2019-05-06 08:00:00,2,Jackson Heights,5627.0,633.0,2019,5,6,8,0,1
2274363,168,2019-05-06 12:00:00,2,Jackson Heights,3735.0,1238.0,2019,5,6,12,0,1
2274832,168,2019-05-06 16:00:00,2,Jackson Heights,2792.0,2508.0,2019,5,6,16,0,1
2275301,168,2019-05-06 20:00:00,2,Jackson Heights,1984.0,2499.0,2019,5,6,20,0,1
2275761,168,2019-05-07 00:00:00,2,Jackson Heights,43.0,519.0,2019,5,7,0,0,1
2276216,168,2019-05-07 04:00:00,2,Jackson Heights,2764.0,251.0,2019,5,7,4,0,1
2276685,168,2019-05-07 08:00:00,2,Jackson Heights,5725.0,601.0,2019,5,7,8,0,1
2277154,168,2019-05-07 12:00:00,2,Jackson Heights,3633.0,1168.0,2019,5,7,12,0,1
2277623,168,2019-05-07 16:00:00,2,Jackson Heights,2846.0,2401.0,2019,5,7,16,0,1
2278092,168,2019-05-07 20:00:00,2,Jackson Heights,2083.0,2576.0,2019,5,7,20,0,1
2278546,168,2019-05-08 00:00:00,2,Jackson Heights,30.0,566.0,2019,5,8,0,0,1
2279005,168,2019-05-08 04:00:00,2,Jackson Heights,2306.0,245.0,2019,5,8,4,0,1
2279474,168,2019-05-08 08:00:00,2,Jackson Heights,5774.0,635.0,2019,5,8,8,0,1
2279943,168,2019-05-08 12:00:00,2,Jackson Heights,3737.0,1197.0,2019,5,8,12,0,1
2280412,168,2019-05-08 16:00:00,2,Jackson Heights,2750.0,2349.0,2019,5,8,16,0,1
2280881,168,2019-05-08 20:00:00,2,Jackson Heights,1989.0,2462.0,2019,5,8,20,0,1
2281339,168,2019-05-09 00:00:00,2,Jackson Heights,37.0,370.0,2019,5,9,0,0,1
2281796,168,2019-05-09 04:00:00,2,Jackson Heights,2411.0,288.0,2019,5,9,4,0,1
2282265,168,2019-05-09 08:00:00,2,Jackson Heights,5802.0,595.0,2019,5,9,8,0,1
2282734,168,2019-05-09 12:00:00,2,Jackson Heights,3707.0,1120.0,2019,5,9,12,0,1
2283203,168,2019-05-09 16:00:00,2,Jackson Heights,2785.0,2361.0,2019,5,9,16,0,1
2283672,168,2019-05-09 20:00:00,2,Jackson Heights,1973.0,2446.0,2019,5,9,20,0,1
2284133,168,2019-05-10 00:00:00,2,Jackson Heights,27.0,595.0,2019,5,10,0,0,1
2284592,168,2019-05-10 04:00:00,2,Jackson Heights,2692.0,300.0,2019,5,10,4,0,1
2285061,168,2019-05-10 08:00:00,2,Jackson Heights,5601.0,598.0,2019,5,10,8,0,1
2285530,168,2019-05-10 12:00:00,2,Jackson Heights,3611.0,1258.0,2019,5,10,12,0,1
2285999,168,2019-05-10 16:00:00,2,Jackson Heights,2923.0,2317.0,2019,5,10,16,0,1
2286468,168,2019-05-10 20:00:00,2,Jackson Heights,2205.0,2309.0,2019,5,10,20,0,1
2286937,168,2019-05-11 00:00:00,2,Jackson Heights,327.0,975.0,2019,5,11,0,0,1
2287405,168,2019-05-11 04:00:00,2,Jackson Heights,1085.0,282.0,2019,5,11,4,0,1
2287868,168,2019-05-11 08:00:00,2,Jackson Heights,3049.0,578.0,2019,5,11,8,0,1
2288332,168,2019-05-11 12:00:00,2,Jackson Heights,3428.0,1273.0,2019,5,11,12,0,1
2288797,168,2019-05-11 16:00:00,2,Jackson Heights,2911.0,1725.0,2019,5,11,16,0,1
2289262,168,2019-05-11 20:00:00,2,Jackson Heights,1713.0,1668.0,2019,5,11,20,0,1
2289727,168,2019-05-12 00:00:00,2,Jackson Heights,406.0,907.0,2019,5,12,0,0,1
2290191,168,2019-05-12 04:00:00,2,Jackson Heights,513.0,265.0,2019,5,12,4,0,1
2290657,168,2019-05-12 08:00:00,2,Jackson Heights,1901.0,410.0,2019,5,12,8,0,1
2291119,168,2019-05-12 12:00:00,2,Jackson Heights,2499.0,799.0,2019,5,12,12,0,1
2291585,168,2019-05-12 16:00:00,2,Jackson Heights,1926.0,1097.0,2019,5,12,16,0,1
2292046,168,2019-05-12 20:00:00,2,Jackson Heights,1180.0,1101.0,2019,5,12,20,0,1
2292502,168,2019-05-13 00:00:00,2,Jackson Heights,38.0,233.0,2019,5,13,0,0,1
2292959,168,2019-05-13 04:00:00,2,Jackson Heights,2625.0,204.0,2019,5,13,4,0,1
2293428,168,2019-05-13 08:00:00,2,Jackson Heights,5452.0,644.0,2019,5,13,8,0,1
2293897,168,2019-05-13 12:00:00,2,Jackson Heights,3663.0,1277.0,2019,5,13,12,0,1
2294366,168,2019-05-13 16:00:00,2,Jackson Heights,2708.0,2440.0,2019,5,13,16,0,1
2294835,168,2019-05-13 20:00:00,2,Jackson Heights,1856.0,2390.0,2019,5,13,20,0,1
2295287,168,2019-05-14 00:00:00,2,Jackson Heights,28.0,351.0,2019,5,14,0,0,1
2295737,168,2019-05-14 04:00:00,2,Jackson Heights,2762.0,206.0,2019,5,14,4,0,1
2296206,168,2019-05-14 08:00:00,2,Jackson Heights,5712.0,614.0,2019,5,14,8,0,1
2296675,168,2019-05-14 12:00:00,2,Jackson Heights,3636.0,1172.0,2019,5,14,12,0,1
2297144,168,2019-05-14 16:00:00,2,Jackson Heights,2852.0,2479.0,2019,5,14,16,0,1
2297613,168,2019-05-14 20:00:00,2,Jackson Heights,2045.0,2483.0,2019,5,14,20,0,1
2298068,168,2019-05-15 00:00:00,2,Jackson Heights,26.0,410.0,2019,5,15,0,0,1
2298524,168,2019-05-15 04:00:00,2,Jackson Heights,2819.0,246.0,2019,5,15,4,0,1
2298993,168,2019-05-15 08:00:00,2,Jackson Heights,5766.0,636.0,2019,5,15,8,0,1
2299462,168,2019-05-15 12:00:00,2,Jackson Heights,3727.0,1272.0,2019,5,15,12,0,1
2299931,168,2019-05-15 16:00:00,2,Jackson Heights,2781.0,2282.0,2019,5,15,16,0,1
2300400,168,2019-05-15 20:00:00,2,Jackson Heights,1965.0,2315.0,2019,5,15,20,0,1
2300860,168,2019-05-16 00:00:00,2,Jackson Heights,46.0,716.0,2019,5,16,0,0,1
2301313,168,2019-05-16 04:00:00,2,Jackson Heights,2372.0,272.0,2019,5,16,4,0,1
2301782,168,2019-05-16 08:00:00,2,Jackson Heights,5804.0,604.0,2019,5,16,8,0,1
2302251,168,2019-05-16 12:00:00,2,Jackson Heights,3695.0,1100.0,2019,5,16,12,0,1
2302720,168,2019-05-16 16:00:00,2,Jackson Heights,2772.0,2368.0,2019,5,16,16,0,1
2303189,168,2019-05-16 20:00:00,2,Jackson Heights,2018.0,2531.0,2019,5,16,20,0,1
2303650,168,2019-05-17 00:00:00,2,Jackson Heights,34.0,631.0,2019,5,17,0,0,1
2304110,168,2019-05-17 04:00:00,2,Jackson Heights,2303.0,256.0,2019,5,17,4,0,1
2304578,168,2019-05-17 08:00:00,2,Jackson Heights,5661.0,625.0,2019,5,17,8,0,1
2305047,168,2019-05-17 12:00:00,2,Jackson Heights,3634.0,1209.0,2019,5,17,12,0,1
2305516,168,2019-05-17 16:00:00,2,Jackson Heights,2949.0,2243.0,2019,5,17,16,0,1
2305985,168,2019-05-17 20:00:00,2,Jackson Heights,2240.0,2327.0,2019,5,17,20,0,1
2306454,168,2019-05-18 00:00:00,2,Jackson Heights,415.0,1033.0,2019,5,18,0,0,1
2306916,168,2019-05-18 04:00:00,2,Jackson Heights,1059.0,288.0,2019,5,18,4,0,1
2307375,168,2019-05-18 08:00:00,2,Jackson Heights,2851.0,551.0,2019,5,18,8,0,1
2307836,168,2019-05-18 12:00:00,2,Jackson Heights,2989.0,1088.0,2019,5,18,12,0,1
2308299,168,2019-05-18 16:00:00,2,Jackson Heights,2257.0,1504.0,2019,5,18,16,0,1
2308762,168,2019-05-18 20:00:00,2,Jackson Heights,1360.0,1698.0,2019,5,18,20,0,1
2309224,168,2019-05-19 00:00:00,2,Jackson Heights,384.0,914.0,2019,5,19,0,0,1
2309690,168,2019-05-19 04:00:00,2,Jackson Heights,488.0,168.0,2019,5,19,4,0,1
2310153,168,2019-05-19 08:00:00,2,Jackson Heights,1856.0,309.0,2019,5,19,8,0,1
2310609,168,2019-05-19 12:00:00,2,Jackson Heights,2486.0,824.0,2019,5,19,12,0,1
2311071,168,2019-05-19 16:00:00,2,Jackson Heights,1779.0,1258.0,2019,5,19,16,0,1
2311526,168,2019-05-19 20:00:00,2,Jackson Heights,1012.0,1351.0,2019,5,19,20,0,1
2311979,168,2019-05-20 00:00:00,2,Jackson Heights,25.0,294.0,2019,5,20,0,0,1
2312428,168,2019-05-20 04:00:00,2,Jackson Heights,2315.0,200.0,2019,5,20,4,0,1
2312897,168,2019-05-20 08:00:00,2,Jackson Heights,5602.0,627.0,2019,5,20,8,0,1
2313366,168,2019-05-20 12:00:00,2,Jackson Heights,3663.0,1388.0,2019,5,20,12,0,1
2313835,168,2019-05-20 16:00:00,2,Jackson Heights,2829.0,2486.0,2019,5,20,16,0,1
2314304,168,2019-05-20 20:00:00,2,Jackson Heights,2056.0,2402.0,2019,5,20,20,0,1
2314763,168,2019-05-21 00:00:00,2,Jackson Heights,64.0,679.0,2019,5,21,0,0,1
2315219,168,2019-05-21 04:00:00,2,Jackson Heights,2828.0,260.0,2019,5,21,4,0,1
2315687,168,2019-05-21 08:00:00,2,Jackson Heights,5776.0,655.0,2019,5,21,8,0,1
2316156,168,2019-05-21 12:00:00,2,Jackson Heights,3662.0,1187.0,2019,5,21,12,0,1
2316625,168,2019-05-21 16:00:00,2,Jackson Heights,2866.0,2443.0,2019,5,21,16,0,1
2317094,168,2019-05-21 20:00:00,2,Jackson Heights,2082.0,2565.0,2019,5,21,20,0,1
2317554,168,2019-05-22 00:00:00,2,Jackson Heights,37.0,480.0,2019,5,22,0,0,1
2318016,168,2019-05-22 04:00:00,2,Jackson Heights,2830.0,273.0,2019,5,22,4,0,1
2318485,168,2019-05-22 08:00:00,2,Jackson Heights,5723.0,569.0,2019,5,22,8,0,1
2318954,168,2019-05-22 12:00:00,2,Jackson Heights,3657.0,1197.0,2019,5,22,12,0,1
2319423,168,2019-05-22 16:00:00,2,Jackson Heights,2863.0,2385.0,2019,5,22,16,0,1
2319892,168,2019-05-22 20:00:00,2,Jackson Heights,2010.0,2413.0,2019,5,22,20,0,1
2320357,168,2019-05-23 00:00:00,2,Jackson Heights,68.0,767.0,2019,5,23,0,0,1
2320819,168,2019-05-23 04:00:00,2,Jackson Heights,2227.0,246.0,2019,5,23,4,0,1
2321288,168,2019-05-23 08:00:00,2,Jackson Heights,5573.0,613.0,2019,5,23,8,0,1
2321757,168,2019-05-23 12:00:00,2,Jackson Heights,3759.0,1149.0,2019,5,23,12,0,1
2322226,168,2019-05-23 16:00:00,2,Jackson Heights,2775.0,2229.0,2019,5,23,16,0,1
2322695,168,2019-05-23 20:00:00,2,Jackson Heights,1922.0,2417.0,2019,5,23,20,0,1
2323156,168,2019-05-24 00:00:00,2,Jackson Heights,44.0,656.0,2019,5,24,0,0,1
2323618,168,2019-05-24 04:00:00,2,Jackson Heights,2743.0,309.0,2019,5,24,4,0,1
2324087,168,2019-05-24 08:00:00,2,Jackson Heights,5620.0,589.0,2019,5,24,8,0,1
2324556,168,2019-05-24 12:00:00,2,Jackson Heights,3731.0,1249.0,2019,5,24,12,0,1
2325025,168,2019-05-24 16:00:00,2,Jackson Heights,3097.0,2360.0,2019,5,24,16,0,1
2325494,168,2019-05-24 20:00:00,2,Jackson Heights,2244.0,2414.0,2019,5,24,20,0,1
2325963,168,2019-05-25 00:00:00,2,Jackson Heights,362.0,1051.0,2019,5,25,0,0,1
2326428,168,2019-05-25 04:00:00,2,Jackson Heights,858.0,274.0,2019,5,25,4,0,1
2326890,168,2019-05-25 08:00:00,2,Jackson Heights,2908.0,561.0,2019,5,25,8,0,1
2327353,168,2019-05-25 12:00:00,2,Jackson Heights,3397.0,1078.0,2019,5,25,12,0,1
2327820,168,2019-05-25 16:00:00,2,Jackson Heights,2808.0,1549.0,2019,5,25,16,0,1
2328283,168,2019-05-25 20:00:00,2,Jackson Heights,1691.0,1679.0,2019,5,25,20,0,1
2328746,168,2019-05-26 00:00:00,2,Jackson Heights,426.0,885.0,2019,5,26,0,0,1
2329209,168,2019-05-26 04:00:00,2,Jackson Heights,500.0,217.0,2019,5,26,4,0,1
2329672,168,2019-05-26 08:00:00,2,Jackson Heights,2144.0,402.0,2019,5,26,8,0,1
2330137,168,2019-05-26 12:00:00,2,Jackson Heights,3220.0,878.0,2019,5,26,12,0,1
2330604,168,2019-05-26 16:00:00,2,Jackson Heights,2513.0,1532.0,2019,5,26,16,0,1
2331066,168,2019-05-26 20:00:00,2,Jackson Heights,1285.0,1486.0,2019,5,26,20,0,1
2331531,168,2019-05-27 00:00:00,2,Jackson Heights,305.0,634.0,2019,5,27,0,1,1
2331992,168,2019-05-27 04:00:00,2,Jackson Heights,834.0,168.0,2019,5,27,4,1,1
2332456,168,2019-05-27 08:00:00,2,Jackson Heights,2417.0,400.0,2019,5,27,8,1,1
2332916,168,2019-05-27 12:00:00,2,Jackson Heights,3064.0,897.0,2019,5,27,12,1,1
2333378,168,2019-05-27 16:00:00,2,Jackson Heights,2523.0,1438.0,2019,5,27,16,1,1
2333839,168,2019-05-27 20:00:00,2,Jackson Heights,1475.0,1596.0,2019,5,27,20,1,1
2334294,168,2019-05-28 00:00:00,2,Jackson Heights,116.0,665.0,2019,5,28,0,0,1
2334751,168,2019-05-28 04:00:00,2,Jackson Heights,2694.0,167.0,2019,5,28,4,0,1
2335220,168,2019-05-28 08:00:00,2,Jackson Heights,5588.0,669.0,2019,5,28,8,0,1
2335689,168,2019-05-28 12:00:00,2,Jackson Heights,3670.0,1245.0,2019,5,28,12,0,1
2336158,168,2019-05-28 16:00:00,2,Jackson Heights,2779.0,2344.0,2019,5,28,16,0,1
2336627,168,2019-05-28 20:00:00,2,Jackson Heights,1924.0,2363.0,2019,5,28,20,0,1
2337081,168,2019-05-29 00:00:00,2,Jackson Heights,25.0,592.0,2019,5,29,0,0,1
2337538,168,2019-05-29 04:00:00,2,Jackson Heights,2819.0,244.0,2019,5,29,4,0,1
2338005,168,2019-05-29 08:00:00,2,Jackson Heights,5755.0,636.0,2019,5,29,8,0,1
2338473,168,2019-05-29 12:00:00,2,Jackson Heights,3758.0,1175.0,2019,5,29,12,0,1
2338942,168,2019-05-29 16:00:00,2,Jackson Heights,2816.0,2499.0,2019,5,29,16,0,1
2339411,168,2019-05-29 20:00:00,2,Jackson Heights,1875.0,2468.0,2019,5,29,20,0,1
2339864,168,2019-05-30 00:00:00,2,Jackson Heights,17.0,312.0,2019,5,30,0,0,1
2340316,168,2019-05-30 04:00:00,2,Jackson Heights,2786.0,273.0,2019,5,30,4,0,1
2340785,168,2019-05-30 08:00:00,2,Jackson Heights,5694.0,598.0,2019,5,30,8,0,1
2341254,168,2019-05-30 12:00:00,2,Jackson Heights,3662.0,1101.0,2019,5,30,12,0,1
2341723,168,2019-05-30 16:00:00,2,Jackson Heights,2709.0,2307.0,2019,5,30,16,0,1
2342192,168,2019-05-30 20:00:00,2,Jackson Heights,1880.0,2400.0,2019,5,30,20,0,1
2342648,168,2019-05-31 00:00:00,2,Jackson Heights,30.0,549.0,2019,5,31,0,0,1
2343109,168,2019-05-31 04:00:00,2,Jackson Heights,2792.0,274.0,2019,5,31,4,0,1
2343578,168,2019-05-31 08:00:00,2,Jackson Heights,5702.0,617.0,2019,5,31,8,0,1
2344047,168,2019-05-31 12:00:00,2,Jackson Heights,3778.0,1158.0,2019,5,31,12,0,1
2344516,168,2019-05-31 16:00:00,2,Jackson Heights,2964.0,2252.0,2019,5,31,16,0,1
2344985,168,2019-05-31 20:00:00,2,Jackson Heights,2158.0,2307.0,2019,5,31,20,0,1
2345453,168,2019-06-01 00:00:00,2,Jackson Heights,397.0,891.0,2019,6,1,0,0,1
2345909,168,2019-06-01 04:00:00,2,Jackson Heights,1072.0,306.0,2019,6,1,4,0,1
2346370,168,2019-06-01 08:00:00,2,Jackson Heights,2565.0,514.0,2019,6,1,8,0,1
2346828,168,2019-06-01 12:00:00,2,Jackson Heights,2985.0,1111.0,2019,6,1,12,0,1
2347290,168,2019-06-01 16:00:00,2,Jackson Heights,2211.0,1556.0,2019,6,1,16,0,1
2347748,168,2019-06-01 20:00:00,2,Jackson Heights,1273.0,1638.0,2019,6,1,20,0,1
2348211,168,2019-06-02 00:00:00,2,Jackson Heights,330.0,940.0,2019,6,2,0,0,1
2348676,168,2019-06-02 04:00:00,2,Jackson Heights,502.0,177.0,2019,6,2,4,0,1
2349130,168,2019-06-02 08:00:00,2,Jackson Heights,1952.0,536.0,2019,6,2,8,0,1
2349594,168,2019-06-02 12:00:00,2,Jackson Heights,2572.0,1069.0,2019,6,2,12,0,1
2350050,168,2019-06-02 16:00:00,2,Jackson Heights,1857.0,1375.0,2019,6,2,16,0,1
2350513,168,2019-06-02 20:00:00,2,Jackson Heights,1094.0,1507.0,2019,6,2,20,0,1
2350964,168,2019-06-03 00:00:00,2,Jackson Heights,46.0,367.0,2019,6,3,0,0,1
2351421,168,2019-06-03 04:00:00,2,Jackson Heights,2184.0,175.0,2019,6,3,4,0,1
2351889,168,2019-06-03 08:00:00,2,Jackson Heights,5363.0,686.0,2019,6,3,8,0,1
2352358,168,2019-06-03 12:00:00,2,Jackson Heights,3659.0,1223.0,2019,6,3,12,0,1
2352827,168,2019-06-03 16:00:00,2,Jackson Heights,2906.0,2209.0,2019,6,3,16,0,1
2353296,168,2019-06-03 20:00:00,2,Jackson Heights,2109.0,2305.0,2019,6,3,20,0,1
2353757,168,2019-06-04 00:00:00,2,Jackson Heights,131.0,757.0,2019,6,4,0,0,1
2354219,168,2019-06-04 04:00:00,2,Jackson Heights,2365.0,240.0,2019,6,4,4,0,1
2354687,168,2019-06-04 08:00:00,2,Jackson Heights,5097.0,563.0,2019,6,4,8,0,1
2355156,168,2019-06-04 12:00:00,2,Jackson Heights,3685.0,971.0,2019,6,4,12,0,1
2355625,168,2019-06-04 16:00:00,2,Jackson Heights,2938.0,2139.0,2019,6,4,16,0,1
2356094,168,2019-06-04 20:00:00,2,Jackson Heights,2013.0,2432.0,2019,6,4,20,0,1
2356552,168,2019-06-05 00:00:00,2,Jackson Heights,46.0,705.0,2019,6,5,0,0,1
2357009,168,2019-06-05 04:00:00,2,Jackson Heights,2285.0,250.0,2019,6,5,4,0,1
2357477,168,2019-06-05 08:00:00,2,Jackson Heights,5619.0,623.0,2019,6,5,8,0,1
2357945,168,2019-06-05 12:00:00,2,Jackson Heights,3733.0,1166.0,2019,6,5,12,0,1
2358413,168,2019-06-05 16:00:00,2,Jackson Heights,2818.0,2243.0,2019,6,5,16,0,1
2358881,168,2019-06-05 20:00:00,2,Jackson Heights,1951.0,2346.0,2019,6,5,20,0,1
2359343,168,2019-06-06 00:00:00,2,Jackson Heights,78.0,661.0,2019,6,6,0,0,1
2359801,168,2019-06-06 04:00:00,2,Jackson Heights,2428.0,286.0,2019,6,6,4,0,1
2360269,168,2019-06-06 08:00:00,2,Jackson Heights,5356.0,594.0,2019,6,6,8,0,1
2360737,168,2019-06-06 12:00:00,2,Jackson Heights,3879.0,1109.0,2019,6,6,12,0,1
2361206,168,2019-06-06 16:00:00,2,Jackson Heights,2891.0,2215.0,2019,6,6,16,0,1
2361675,168,2019-06-06 20:00:00,2,Jackson Heights,2007.0,2404.0,2019,6,6,20,0,1
2362135,168,2019-06-07 00:00:00,2,Jackson Heights,64.0,476.0,2019,6,7,0,0,1
2362595,168,2019-06-07 04:00:00,2,Jackson Heights,2743.0,303.0,2019,6,7,4,0,1
2363064,168,2019-06-07 08:00:00,2,Jackson Heights,5584.0,620.0,2019,6,7,8,0,1
2363533,168,2019-06-07 12:00:00,2,Jackson Heights,3629.0,1229.0,2019,6,7,12,0,1
2364002,168,2019-06-07 16:00:00,2,Jackson Heights,3002.0,2269.0,2019,6,7,16,0,1
2364471,168,2019-06-07 20:00:00,2,Jackson Heights,2243.0,2380.0,2019,6,7,20,0,1
2364939,168,2019-06-08 00:00:00,2,Jackson Heights,381.0,1066.0,2019,6,8,0,0,1
2365400,168,2019-06-08 04:00:00,2,Jackson Heights,1096.0,289.0,2019,6,8,4,0,1
2365866,168,2019-06-08 08:00:00,2,Jackson Heights,3123.0,576.0,2019,6,8,8,0,1
2366324,168,2019-06-08 12:00:00,2,Jackson Heights,3504.0,1180.0,2019,6,8,12,0,1
2366790,168,2019-06-08 16:00:00,2,Jackson Heights,2851.0,1649.0,2019,6,8,16,0,1
2367248,168,2019-06-08 20:00:00,2,Jackson Heights,1722.0,1710.0,2019,6,8,20,0,1
2367714,168,2019-06-09 00:00:00,2,Jackson Heights,473.0,924.0,2019,6,9,0,0,1
2368173,168,2019-06-09 04:00:00,2,Jackson Heights,496.0,246.0,2019,6,9,4,0,1
2368632,168,2019-06-09 08:00:00,2,Jackson Heights,2156.0,410.0,2019,6,9,8,0,1
2369091,168,2019-06-09 12:00:00,2,Jackson Heights,3120.0,871.0,2019,6,9,12,0,1
2369551,168,2019-06-09 16:00:00,2,Jackson Heights,2334.0,1359.0,2019,6,9,16,0,1
2370011,168,2019-06-09 20:00:00,2,Jackson Heights,1270.0,1445.0,2019,6,9,20,0,1
2370466,168,2019-06-10 00:00:00,2,Jackson Heights,43.0,446.0,2019,6,10,0,0,1
2370922,168,2019-06-10 04:00:00,2,Jackson Heights,2530.0,212.0,2019,6,10,4,0,1
2371390,168,2019-06-10 08:00:00,2,Jackson Heights,5308.0,694.0,2019,6,10,8,0,1
2371859,168,2019-06-10 12:00:00,2,Jackson Heights,3577.0,1302.0,2019,6,10,12,0,1
2372328,168,2019-06-10 16:00:00,2,Jackson Heights,2716.0,2381.0,2019,6,10,16,0,1
2372796,168,2019-06-10 20:00:00,2,Jackson Heights,1950.0,2313.0,2019,6,10,20,0,1
2373252,168,2019-06-11 00:00:00,2,Jackson Heights,75.0,579.0,2019,6,11,0,0,1
2373704,168,2019-06-11 04:00:00,2,Jackson Heights,2692.0,199.0,2019,6,11,4,0,1
2374172,168,2019-06-11 08:00:00,2,Jackson Heights,5574.0,653.0,2019,6,11,8,0,1
2374641,168,2019-06-11 12:00:00,2,Jackson Heights,3718.0,1177.0,2019,6,11,12,0,1
2375109,168,2019-06-11 16:00:00,2,Jackson Heights,2923.0,2295.0,2019,6,11,16,0,1
2375578,168,2019-06-11 20:00:00,2,Jackson Heights,2116.0,2456.0,2019,6,11,20,0,1
2376033,168,2019-06-12 00:00:00,2,Jackson Heights,71.0,670.0,2019,6,12,0,0,1
2376495,168,2019-06-12 04:00:00,2,Jackson Heights,2840.0,263.0,2019,6,12,4,0,1
2376963,168,2019-06-12 08:00:00,2,Jackson Heights,5788.0,614.0,2019,6,12,8,0,1
2377432,168,2019-06-12 12:00:00,2,Jackson Heights,3717.0,1184.0,2019,6,12,12,0,1
2377901,168,2019-06-12 16:00:00,2,Jackson Heights,2882.0,2418.0,2019,6,12,16,0,1
2378370,168,2019-06-12 20:00:00,2,Jackson Heights,2090.0,2553.0,2019,6,12,20,0,1
2378830,168,2019-06-13 00:00:00,2,Jackson Heights,101.0,701.0,2019,6,13,0,0,1
2379289,168,2019-06-13 04:00:00,2,Jackson Heights,2282.0,220.0,2019,6,13,4,0,1
2379758,168,2019-06-13 08:00:00,2,Jackson Heights,5536.0,637.0,2019,6,13,8,0,1
2380227,168,2019-06-13 12:00:00,2,Jackson Heights,3614.0,1112.0,2019,6,13,12,0,1
2380696,168,2019-06-13 16:00:00,2,Jackson Heights,2876.0,2295.0,2019,6,13,16,0,1
2381165,168,2019-06-13 20:00:00,2,Jackson Heights,2014.0,2489.0,2019,6,13,20,0,1
2381624,168,2019-06-14 00:00:00,2,Jackson Heights,82.0,584.0,2019,6,14,0,0,1
2382079,168,2019-06-14 04:00:00,2,Jackson Heights,2759.0,224.0,2019,6,14,4,0,1
2382548,168,2019-06-14 08:00:00,2,Jackson Heights,5608.0,629.0,2019,6,14,8,0,1
2383017,168,2019-06-14 12:00:00,2,Jackson Heights,3659.0,1191.0,2019,6,14,12,0,1
2383486,168,2019-06-14 16:00:00,2,Jackson Heights,2985.0,2231.0,2019,6,14,16,0,1
2383955,168,2019-06-14 20:00:00,2,Jackson Heights,2162.0,2445.0,2019,6,14,20,0,1
2384424,168,2019-06-15 00:00:00,2,Jackson Heights,335.0,1071.0,2019,6,15,0,0,1
2384883,168,2019-06-15 04:00:00,2,Jackson Heights,963.0,264.0,2019,6,15,4,0,1
2385343,168,2019-06-15 08:00:00,2,Jackson Heights,3124.0,589.0,2019,6,15,8,0,1
2385804,168,2019-06-15 12:00:00,2,Jackson Heights,3495.0,1180.0,2019,6,15,12,0,1
2386265,168,2019-06-15 16:00:00,2,Jackson Heights,2745.0,1624.0,2019,6,15,16,0,1
2386727,168,2019-06-15 20:00:00,2,Jackson Heights,1678.0,1729.0,2019,6,15,20,0,1
2387189,168,2019-06-16 00:00:00,2,Jackson Heights,508.0,922.0,2019,6,16,0,0,1
2387656,168,2019-06-16 04:00:00,2,Jackson Heights,492.0,230.0,2019,6,16,4,0,1
2388116,168,2019-06-16 08:00:00,2,Jackson Heights,2052.0,401.0,2019,6,16,8,0,1
2388576,168,2019-06-16 12:00:00,2,Jackson Heights,2905.0,820.0,2019,6,16,12,0,1
2389035,168,2019-06-16 16:00:00,2,Jackson Heights,2200.0,1334.0,2019,6,16,16,0,1
2389497,168,2019-06-16 20:00:00,2,Jackson Heights,1267.0,1351.0,2019,6,16,20,0,1
2389947,168,2019-06-17 00:00:00,2,Jackson Heights,144.0,333.0,2019,6,17,0,0,1
2390402,168,2019-06-17 04:00:00,2,Jackson Heights,2634.0,222.0,2019,6,17,4,0,1
2390871,168,2019-06-17 08:00:00,2,Jackson Heights,5450.0,683.0,2019,6,17,8,0,1
2391340,168,2019-06-17 12:00:00,2,Jackson Heights,3652.0,1187.0,2019,6,17,12,0,1
2391809,168,2019-06-17 16:00:00,2,Jackson Heights,2802.0,2324.0,2019,6,17,16,0,1
2392278,168,2019-06-17 20:00:00,2,Jackson Heights,1996.0,2425.0,2019,6,17,20,0,1
2392736,168,2019-06-18 00:00:00,2,Jackson Heights,104.0,634.0,2019,6,18,0,0,1
2393197,168,2019-06-18 04:00:00,2,Jackson Heights,2432.0,220.0,2019,6,18,4,0,1
2393666,168,2019-06-18 08:00:00,2,Jackson Heights,5248.0,638.0,2019,6,18,8,0,1
2394135,168,2019-06-18 12:00:00,2,Jackson Heights,3775.0,1166.0,2019,6,18,12,0,1
2394604,168,2019-06-18 16:00:00,2,Jackson Heights,2890.0,2277.0,2019,6,18,16,0,1
2395073,168,2019-06-18 20:00:00,2,Jackson Heights,1869.0,2271.0,2019,6,18,20,0,1
2395523,168,2019-06-19 00:00:00,2,Jackson Heights,49.0,460.0,2019,6,19,0,0,1
2395984,168,2019-06-19 04:00:00,2,Jackson Heights,2496.0,281.0,2019,6,19,4,0,1
2396453,168,2019-06-19 08:00:00,2,Jackson Heights,5359.0,674.0,2019,6,19,8,0,1
2396922,168,2019-06-19 12:00:00,2,Jackson Heights,3844.0,1148.0,2019,6,19,12,0,1
2397391,168,2019-06-19 16:00:00,2,Jackson Heights,2931.0,2259.0,2019,6,19,16,0,1
2397860,168,2019-06-19 20:00:00,2,Jackson Heights,1900.0,2332.0,2019,6,19,20,0,1
2398318,168,2019-06-20 00:00:00,2,Jackson Heights,70.0,497.0,2019,6,20,0,0,1
2398779,168,2019-06-20 04:00:00,2,Jackson Heights,2448.0,240.0,2019,6,20,4,0,1
2399247,168,2019-06-20 08:00:00,2,Jackson Heights,5312.0,630.0,2019,6,20,8,0,1
2399716,168,2019-06-20 12:00:00,2,Jackson Heights,3812.0,1146.0,2019,6,20,12,0,1
2400185,168,2019-06-20 16:00:00,2,Jackson Heights,2845.0,2222.0,2019,6,20,16,0,1
2400654,168,2019-06-20 20:00:00,2,Jackson Heights,1964.0,2363.0,2019,6,20,20,0,1
2401116,168,2019-06-21 00:00:00,2,Jackson Heights,89.0,755.0,2019,6,21,0,0,1
2401579,168,2019-06-21 04:00:00,2,Jackson Heights,2411.0,224.0,2019,6,21,4,0,1
2402048,168,2019-06-21 08:00:00,2,Jackson Heights,5164.0,685.0,2019,6,21,8,0,1
2402517,168,2019-06-21 12:00:00,2,Jackson Heights,3851.0,1111.0,2019,6,21,12,0,1
2402986,168,2019-06-21 16:00:00,2,Jackson Heights,3202.0,2121.0,2019,6,21,16,0,1
2403455,168,2019-06-21 20:00:00,2,Jackson Heights,2193.0,2413.0,2019,6,21,20,0,1
2403924,168,2019-06-22 00:00:00,2,Jackson Heights,381.0,1006.0,2019,6,22,0,0,1
2404382,168,2019-06-22 04:00:00,2,Jackson Heights,1085.0,277.0,2019,6,22,4,0,1
2404846,168,2019-06-22 08:00:00,2,Jackson Heights,3202.0,574.0,2019,6,22,8,0,1
2405306,168,2019-06-22 12:00:00,2,Jackson Heights,3472.0,1151.0,2019,6,22,12,0,1
2405766,168,2019-06-22 16:00:00,2,Jackson Heights,2773.0,1677.0,2019,6,22,16,0,1
2406227,168,2019-06-22 20:00:00,2,Jackson Heights,1772.0,1759.0,2019,6,22,20,0,1
2406688,168,2019-06-23 00:00:00,2,Jackson Heights,479.0,926.0,2019,6,23,0,0,1
2407155,168,2019-06-23 04:00:00,2,Jackson Heights,498.0,205.0,2019,6,23,4,0,1
2407612,168,2019-06-23 08:00:00,2,Jackson Heights,1881.0,451.0,2019,6,23,8,0,1
2408074,168,2019-06-23 12:00:00,2,Jackson Heights,2557.0,1013.0,2019,6,23,12,0,1
2408534,168,2019-06-23 16:00:00,2,Jackson Heights,1954.0,1431.0,2019,6,23,16,0,1
2408992,168,2019-06-23 20:00:00,2,Jackson Heights,1147.0,1548.0,2019,6,23,20,0,1
2409443,168,2019-06-24 00:00:00,2,Jackson Heights,50.0,596.0,2019,6,24,0,0,1
2409902,168,2019-06-24 04:00:00,2,Jackson Heights,2031.0,182.0,2019,6,24,4,0,1
2410371,168,2019-06-24 08:00:00,2,Jackson Heights,5164.0,688.0,2019,6,24,8,0,1
2410840,168,2019-06-24 12:00:00,2,Jackson Heights,3685.0,1258.0,2019,6,24,12,0,1
2411309,168,2019-06-24 16:00:00,2,Jackson Heights,2970.0,2218.0,2019,6,24,16,0,1
2411778,168,2019-06-24 20:00:00,2,Jackson Heights,2084.0,2306.0,2019,6,24,20,0,1
2412237,168,2019-06-25 00:00:00,2,Jackson Heights,111.0,657.0,2019,6,25,0,0,1
2412697,168,2019-06-25 04:00:00,2,Jackson Heights,2410.0,201.0,2019,6,25,4,0,1
2413165,168,2019-06-25 08:00:00,2,Jackson Heights,5179.0,662.0,2019,6,25,8,0,1
2413634,168,2019-06-25 12:00:00,2,Jackson Heights,3715.0,1097.0,2019,6,25,12,0,1
2414103,168,2019-06-25 16:00:00,2,Jackson Heights,3009.0,2228.0,2019,6,25,16,0,1
2414572,168,2019-06-25 20:00:00,2,Jackson Heights,2126.0,2468.0,2019,6,25,20,0,1
2415029,168,2019-06-26 00:00:00,2,Jackson Heights,102.0,666.0,2019,6,26,0,0,1
2415491,168,2019-06-26 04:00:00,2,Jackson Heights,2518.0,240.0,2019,6,26,4,0,1
2415959,168,2019-06-26 08:00:00,2,Jackson Heights,5656.0,802.0,2019,6,26,8,0,1
2416428,168,2019-06-26 12:00:00,2,Jackson Heights,3985.0,1320.0,2019,6,26,12,0,1
2416897,168,2019-06-26 16:00:00,2,Jackson Heights,2814.0,2308.0,2019,6,26,16,0,1
2417366,168,2019-06-26 20:00:00,2,Jackson Heights,2037.0,2436.0,2019,6,26,20,0,1
2417828,168,2019-06-27 00:00:00,2,Jackson Heights,134.0,796.0,2019,6,27,0,0,1
2418292,168,2019-06-27 04:00:00,2,Jackson Heights,2382.0,247.0,2019,6,27,4,0,1
2418760,168,2019-06-27 08:00:00,2,Jackson Heights,5273.0,643.0,2019,6,27,8,0,1
2419229,168,2019-06-27 12:00:00,2,Jackson Heights,3818.0,1143.0,2019,6,27,12,0,1
2419698,168,2019-06-27 16:00:00,2,Jackson Heights,2906.0,2107.0,2019,6,27,16,0,1
2420167,168,2019-06-27 20:00:00,2,Jackson Heights,2110.0,2459.0,2019,6,27,20,0,1
2420631,168,2019-06-28 00:00:00,2,Jackson Heights,138.0,995.0,2019,6,28,0,0,1
2421096,168,2019-06-28 04:00:00,2,Jackson Heights,2322.0,214.0,2019,6,28,4,0,1
2421565,168,2019-06-28 08:00:00,2,Jackson Heights,5102.0,627.0,2019,6,28,8,0,1
2422034,168,2019-06-28 12:00:00,2,Jackson Heights,3672.0,1110.0,2019,6,28,12,0,1
2422503,168,2019-06-28 16:00:00,2,Jackson Heights,2973.0,2070.0,2019,6,28,16,0,1
2422972,168,2019-06-28 20:00:00,2,Jackson Heights,2167.0,2362.0,2019,6,28,20,0,1
2423441,168,2019-06-29 00:00:00,2,Jackson Heights,378.0,1083.0,2019,6,29,0,0,1
2423908,168,2019-06-29 04:00:00,2,Jackson Heights,1151.0,320.0,2019,6,29,4,0,1
2424373,168,2019-06-29 08:00:00,2,Jackson Heights,3091.0,616.0,2019,6,29,8,0,1
2424837,168,2019-06-29 12:00:00,2,Jackson Heights,3441.0,1138.0,2019,6,29,12,0,1
2425303,168,2019-06-29 16:00:00,2,Jackson Heights,2746.0,1581.0,2019,6,29,16,0,1
2425770,168,2019-06-29 20:00:00,2,Jackson Heights,1676.0,1622.0,2019,6,29,20,0,1
2426236,168,2019-06-30 00:00:00,2,Jackson Heights,493.0,878.0,2019,6,30,0,0,1
2426700,168,2019-06-30 04:00:00,2,Jackson Heights,544.0,255.0,2019,6,30,4,0,1
2427167,168,2019-06-30 08:00:00,2,Jackson Heights,2350.0,446.0,2019,6,30,8,0,1
2427630,168,2019-06-30 12:00:00,2,Jackson Heights,3310.0,970.0,2019,6,30,12,0,1
2428098,168,2019-06-30 16:00:00,2,Jackson Heights,2473.0,1358.0,2019,6,30,16,0,1
2428558,168,2019-06-30 20:00:00,2,Jackson Heights,1368.0,1505.0,2019,6,30,20,0,1
2429024,168,2019-07-01 00:00:00,2,Jackson Heights,95.0,621.0,2019,7,1,0,0,1
2429483,168,2019-07-01 04:00:00,2,Jackson Heights,1793.0,173.0,2019,7,1,4,0,1
2429952,168,2019-07-01 08:00:00,2,Jackson Heights,5155.0,695.0,2019,7,1,8,0,1
2430421,168,2019-07-01 12:00:00,2,Jackson Heights,3679.0,1207.0,2019,7,1,12,0,1
2430890,168,2019-07-01 16:00:00,2,Jackson Heights,2907.0,2156.0,2019,7,1,16,0,1
2431359,168,2019-07-01 20:00:00,2,Jackson Heights,2180.0,2361.0,2019,7,1,20,0,1
2431824,168,2019-07-02 00:00:00,2,Jackson Heights,144.0,789.0,2019,7,2,0,0,1
2432286,168,2019-07-02 04:00:00,2,Jackson Heights,1657.0,221.0,2019,7,2,4,0,1
2432755,168,2019-07-02 08:00:00,2,Jackson Heights,5203.0,645.0,2019,7,2,8,0,1
2433224,168,2019-07-02 12:00:00,2,Jackson Heights,3733.0,1255.0,2019,7,2,12,0,1
2433693,168,2019-07-02 16:00:00,2,Jackson Heights,2858.0,2316.0,2019,7,2,16,0,1
2434162,168,2019-07-02 20:00:00,2,Jackson Heights,2016.0,2391.0,2019,7,2,20,0,1
2434625,168,2019-07-03 00:00:00,2,Jackson Heights,195.0,796.0,2019,7,3,0,0,1
2435088,168,2019-07-03 04:00:00,2,Jackson Heights,2024.0,220.0,2019,7,3,4,0,1
2435556,168,2019-07-03 08:00:00,2,Jackson Heights,5240.0,677.0,2019,7,3,8,0,1
2436025,168,2019-07-03 12:00:00,2,Jackson Heights,3874.0,1263.0,2019,7,3,12,0,1
2436494,168,2019-07-03 16:00:00,2,Jackson Heights,2999.0,2266.0,2019,7,3,16,0,1
2436963,168,2019-07-03 20:00:00,2,Jackson Heights,2171.0,2354.0,2019,7,3,20,0,1
2437432,168,2019-07-04 00:00:00,2,Jackson Heights,472.0,933.0,2019,7,4,0,1,1
2437901,168,2019-07-04 04:00:00,2,Jackson Heights,726.0,270.0,2019,7,4,4,1,1
2438370,168,2019-07-04 08:00:00,2,Jackson Heights,2147.0,398.0,2019,7,4,8,1,1
2438839,168,2019-07-04 12:00:00,2,Jackson Heights,2786.0,813.0,2019,7,4,12,1,1
2439308,168,2019-07-04 16:00:00,2,Jackson Heights,2485.0,1283.0,2019,7,4,16,1,1
2439777,168,2019-07-04 20:00:00,2,Jackson Heights,1568.0,1513.0,2019,7,4,20,1,1
2440246,168,2019-07-05 00:00:00,2,Jackson Heights,268.0,719.0,2019,7,5,0,0,1
2440714,168,2019-07-05 04:00:00,2,Jackson Heights,1568.0,187.0,2019,7,5,4,0,1
2441178,168,2019-07-05 08:00:00,2,Jackson Heights,3827.0,537.0,2019,7,5,8,0,1
2441647,168,2019-07-05 12:00:00,2,Jackson Heights,3463.0,1068.0,2019,7,5,12,0,1
2442116,168,2019-07-05 16:00:00,2,Jackson Heights,2913.0,1843.0,2019,7,5,16,0,1
2442585,168,2019-07-05 20:00:00,2,Jackson Heights,1935.0,1999.0,2019,7,5,20,0,1
2443054,168,2019-07-06 00:00:00,2,Jackson Heights,361.0,967.0,2019,7,6,0,0,1
2443514,168,2019-07-06 04:00:00,2,Jackson Heights,947.0,233.0,2019,7,6,4,0,1
2443980,168,2019-07-06 08:00:00,2,Jackson Heights,2817.0,497.0,2019,7,6,8,0,1
2444442,168,2019-07-06 12:00:00,2,Jackson Heights,3245.0,1043.0,2019,7,6,12,0,1
2444909,168,2019-07-06 16:00:00,2,Jackson Heights,2605.0,1426.0,2019,7,6,16,0,1
2445370,168,2019-07-06 20:00:00,2,Jackson Heights,1603.0,1476.0,2019,7,6,20,0,1
2445837,168,2019-07-07 00:00:00,2,Jackson Heights,453.0,822.0,2019,7,7,0,0,1
2446303,168,2019-07-07 04:00:00,2,Jackson Heights,497.0,222.0,2019,7,7,4,0,1
2446765,168,2019-07-07 08:00:00,2,Jackson Heights,2084.0,401.0,2019,7,7,8,0,1
2447230,168,2019-07-07 12:00:00,2,Jackson Heights,3009.0,931.0,2019,7,7,12,0,1
2447689,168,2019-07-07 16:00:00,2,Jackson Heights,2353.0,1330.0,2019,7,7,16,0,1
2448155,168,2019-07-07 20:00:00,2,Jackson Heights,1311.0,1438.0,2019,7,7,20,0,1
2448609,168,2019-07-08 00:00:00,2,Jackson Heights,94.0,685.0,2019,7,8,0,0,1
2449071,168,2019-07-08 04:00:00,2,Jackson Heights,2353.0,157.0,2019,7,8,4,0,1
2449538,168,2019-07-08 08:00:00,2,Jackson Heights,5182.0,718.0,2019,7,8,8,0,1
2450007,168,2019-07-08 12:00:00,2,Jackson Heights,3692.0,1294.0,2019,7,8,12,0,1
2450476,168,2019-07-08 16:00:00,2,Jackson Heights,2943.0,2319.0,2019,7,8,16,0,1
2450945,168,2019-07-08 20:00:00,2,Jackson Heights,2200.0,2367.0,2019,7,8,20,0,1
2451408,168,2019-07-09 00:00:00,2,Jackson Heights,137.0,680.0,2019,7,9,0,0,1
2451870,168,2019-07-09 04:00:00,2,Jackson Heights,2423.0,192.0,2019,7,9,4,0,1
2452338,168,2019-07-09 08:00:00,2,Jackson Heights,5261.0,711.0,2019,7,9,8,0,1
2452807,168,2019-07-09 12:00:00,2,Jackson Heights,3815.0,1265.0,2019,7,9,12,0,1
2453276,168,2019-07-09 16:00:00,2,Jackson Heights,3046.0,2287.0,2019,7,9,16,0,1
2453745,168,2019-07-09 20:00:00,2,Jackson Heights,2126.0,2438.0,2019,7,9,20,0,1
2454205,168,2019-07-10 00:00:00,2,Jackson Heights,130.0,688.0,2019,7,10,0,0,1
2454668,168,2019-07-10 04:00:00,2,Jackson Heights,1774.0,181.0,2019,7,10,4,0,1
2455136,168,2019-07-10 08:00:00,2,Jackson Heights,5403.0,685.0,2019,7,10,8,0,1
2455605,168,2019-07-10 12:00:00,2,Jackson Heights,3833.0,1175.0,2019,7,10,12,0,1
2456074,168,2019-07-10 16:00:00,2,Jackson Heights,2790.0,2257.0,2019,7,10,16,0,1
2456543,168,2019-07-10 20:00:00,2,Jackson Heights,2062.0,2435.0,2019,7,10,20,0,1
2457007,168,2019-07-11 00:00:00,2,Jackson Heights,133.0,745.0,2019,7,11,0,0,1
2457471,168,2019-07-11 04:00:00,2,Jackson Heights,2417.0,256.0,2019,7,11,4,0,1
2457939,168,2019-07-11 08:00:00,2,Jackson Heights,5296.0,651.0,2019,7,11,8,0,1
2458408,168,2019-07-11 12:00:00,2,Jackson Heights,3773.0,1232.0,2019,7,11,12,0,1
2458877,168,2019-07-11 16:00:00,2,Jackson Heights,2777.0,2303.0,2019,7,11,16,0,1
2459346,168,2019-07-11 20:00:00,2,Jackson Heights,1868.0,2325.0,2019,7,11,20,0,1
2459808,168,2019-07-12 00:00:00,2,Jackson Heights,107.0,572.0,2019,7,12,0,0,1
2460270,168,2019-07-12 04:00:00,2,Jackson Heights,2344.0,236.0,2019,7,12,4,0,1
2460738,168,2019-07-12 08:00:00,2,Jackson Heights,5106.0,652.0,2019,7,12,8,0,1
2461207,168,2019-07-12 12:00:00,2,Jackson Heights,3776.0,1168.0,2019,7,12,12,0,1
2461676,168,2019-07-12 16:00:00,2,Jackson Heights,3100.0,2143.0,2019,7,12,16,0,1
2462145,168,2019-07-12 20:00:00,2,Jackson Heights,2259.0,2374.0,2019,7,12,20,0,1
2462614,168,2019-07-13 00:00:00,2,Jackson Heights,419.0,1053.0,2019,7,13,0,0,1
2463079,168,2019-07-13 04:00:00,2,Jackson Heights,919.0,271.0,2019,7,13,4,0,1
2463539,168,2019-07-13 08:00:00,2,Jackson Heights,2529.0,341.0,2019,7,13,8,0,1
2464003,168,2019-07-13 12:00:00,2,Jackson Heights,2680.0,554.0,2019,7,13,12,0,1
2464461,168,2019-07-13 16:00:00,2,Jackson Heights,2096.0,693.0,2019,7,13,16,0,1
2464925,168,2019-07-13 20:00:00,2,Jackson Heights,1241.0,729.0,2019,7,13,20,0,1
2465375,168,2019-07-14 00:00:00,2,Jackson Heights,342.0,462.0,2019,7,14,0,0,1
2465841,168,2019-07-14 04:00:00,2,Jackson Heights,327.0,198.0,2019,7,14,4,0,1
2466303,168,2019-07-14 08:00:00,2,Jackson Heights,1365.0,205.0,2019,7,14,8,0,1
2466761,168,2019-07-14 12:00:00,2,Jackson Heights,1930.0,384.0,2019,7,14,12,0,1
2467224,168,2019-07-14 16:00:00,2,Jackson Heights,1509.0,533.0,2019,7,14,16,0,1
2467684,168,2019-07-14 20:00:00,2,Jackson Heights,929.0,729.0,2019,7,14,20,0,1
2468144,168,2019-07-15 00:00:00,2,Jackson Heights,59.0,319.0,2019,7,15,0,0,1
2468602,168,2019-07-15 04:00:00,2,Jackson Heights,2370.0,189.0,2019,7,15,4,0,1
2469070,168,2019-07-15 08:00:00,2,Jackson Heights,5165.0,676.0,2019,7,15,8,0,1
2469539,168,2019-07-15 12:00:00,2,Jackson Heights,3645.0,1189.0,2019,7,15,12,0,1
2470008,168,2019-07-15 16:00:00,2,Jackson Heights,2765.0,2143.0,2019,7,15,16,0,1
2470477,168,2019-07-15 20:00:00,2,Jackson Heights,2002.0,2251.0,2019,7,15,20,0,1
2470940,168,2019-07-16 00:00:00,2,Jackson Heights,119.0,711.0,2019,7,16,0,0,1
2471402,168,2019-07-16 04:00:00,2,Jackson Heights,2344.0,240.0,2019,7,16,4,0,1
2471870,168,2019-07-16 08:00:00,2,Jackson Heights,5126.0,611.0,2019,7,16,8,0,1
2472339,168,2019-07-16 12:00:00,2,Jackson Heights,3634.0,1147.0,2019,7,16,12,0,1
2472808,168,2019-07-16 16:00:00,2,Jackson Heights,2810.0,2188.0,2019,7,16,16,0,1
2473277,168,2019-07-16 20:00:00,2,Jackson Heights,1990.0,2319.0,2019,7,16,20,0,1
2473740,168,2019-07-17 00:00:00,2,Jackson Heights,105.0,723.0,2019,7,17,0,0,1
2474201,168,2019-07-17 04:00:00,2,Jackson Heights,2326.0,172.0,2019,7,17,4,0,1
2474669,168,2019-07-17 08:00:00,2,Jackson Heights,5207.0,656.0,2019,7,17,8,0,1
2475138,168,2019-07-17 12:00:00,2,Jackson Heights,3715.0,1117.0,2019,7,17,12,0,1
2475607,168,2019-07-17 16:00:00,2,Jackson Heights,2775.0,2243.0,2019,7,17,16,0,1
2476076,168,2019-07-17 20:00:00,2,Jackson Heights,1859.0,2414.0,2019,7,17,20,0,1
2476534,168,2019-07-18 00:00:00,2,Jackson Heights,63.0,474.0,2019,7,18,0,0,1
2476993,168,2019-07-18 04:00:00,2,Jackson Heights,2081.0,164.0,2019,7,18,4,0,1
2477461,168,2019-07-18 08:00:00,2,Jackson Heights,5119.0,650.0,2019,7,18,8,0,1
2477930,168,2019-07-18 12:00:00,2,Jackson Heights,3635.0,1084.0,2019,7,18,12,0,1
2478399,168,2019-07-18 16:00:00,2,Jackson Heights,2771.0,2227.0,2019,7,18,16,0,1
2478868,168,2019-07-18 20:00:00,2,Jackson Heights,1909.0,2287.0,2019,7,18,20,0,1
2479331,168,2019-07-19 00:00:00,2,Jackson Heights,77.0,766.0,2019,7,19,0,0,1
2479795,168,2019-07-19 04:00:00,2,Jackson Heights,2255.0,292.0,2019,7,19,4,0,1
2480264,168,2019-07-19 08:00:00,2,Jackson Heights,5034.0,625.0,2019,7,19,8,0,1
2480733,168,2019-07-19 12:00:00,2,Jackson Heights,3709.0,1199.0,2019,7,19,12,0,1
2481202,168,2019-07-19 16:00:00,2,Jackson Heights,2898.0,2066.0,2019,7,19,16,0,1
2481671,168,2019-07-19 20:00:00,2,Jackson Heights,2106.0,2143.0,2019,7,19,20,0,1
2482140,168,2019-07-20 00:00:00,2,Jackson Heights,417.0,928.0,2019,7,20,0,0,1
2482603,168,2019-07-20 04:00:00,2,Jackson Heights,680.0,265.0,2019,7,20,4,0,1
2483055,168,2019-07-20 08:00:00,2,Jackson Heights,2084.0,330.0,2019,7,20,8,0,1
2483519,168,2019-07-20 12:00:00,2,Jackson Heights,2275.0,510.0,2019,7,20,12,0,1
2483975,168,2019-07-20 16:00:00,2,Jackson Heights,1805.0,595.0,2019,7,20,16,0,1
2484441,168,2019-07-20 20:00:00,2,Jackson Heights,1116.0,669.0,2019,7,20,20,0,1
2484900,168,2019-07-21 00:00:00,2,Jackson Heights,370.0,509.0,2019,7,21,0,0,1
2485368,168,2019-07-21 04:00:00,2,Jackson Heights,325.0,223.0,2019,7,21,4,0,1
2485828,168,2019-07-21 08:00:00,2,Jackson Heights,1284.0,182.0,2019,7,21,8,0,1
2486285,168,2019-07-21 12:00:00,2,Jackson Heights,1824.0,340.0,2019,7,21,12,0,1
2486745,168,2019-07-21 16:00:00,2,Jackson Heights,1463.0,483.0,2019,7,21,16,0,1
2487200,168,2019-07-21 20:00:00,2,Jackson Heights,905.0,668.0,2019,7,21,20,0,1
2487659,168,2019-07-22 00:00:00,2,Jackson Heights,34.0,315.0,2019,7,22,0,0,1
2488110,168,2019-07-22 04:00:00,2,Jackson Heights,2311.0,173.0,2019,7,22,4,0,1
2488579,168,2019-07-22 08:00:00,2,Jackson Heights,4852.0,658.0,2019,7,22,8,0,1
2489048,168,2019-07-22 12:00:00,2,Jackson Heights,3443.0,1093.0,2019,7,22,12,0,1
2489516,168,2019-07-22 16:00:00,2,Jackson Heights,2668.0,2357.0,2019,7,22,16,0,1
2489985,168,2019-07-22 20:00:00,2,Jackson Heights,1755.0,2266.0,2019,7,22,20,0,1
2490439,168,2019-07-23 00:00:00,2,Jackson Heights,57.0,433.0,2019,7,23,0,0,1
2490891,168,2019-07-23 04:00:00,2,Jackson Heights,2211.0,251.0,2019,7,23,4,0,1
2491357,168,2019-07-23 08:00:00,2,Jackson Heights,4937.0,599.0,2019,7,23,8,0,1
2491826,168,2019-07-23 12:00:00,2,Jackson Heights,3613.0,1183.0,2019,7,23,12,0,1
2492294,168,2019-07-23 16:00:00,2,Jackson Heights,2820.0,2240.0,2019,7,23,16,0,1
2492763,168,2019-07-23 20:00:00,2,Jackson Heights,1987.0,2324.0,2019,7,23,20,0,1
2493221,168,2019-07-24 00:00:00,2,Jackson Heights,140.0,463.0,2019,7,24,0,0,1
2493678,168,2019-07-24 04:00:00,2,Jackson Heights,2412.0,228.0,2019,7,24,4,0,1
2494145,168,2019-07-24 08:00:00,2,Jackson Heights,5280.0,706.0,2019,7,24,8,0,1
2494614,168,2019-07-24 12:00:00,2,Jackson Heights,3708.0,1241.0,2019,7,24,12,0,1
2495082,168,2019-07-24 16:00:00,2,Jackson Heights,2794.0,2226.0,2019,7,24,16,0,1
2495551,168,2019-07-24 20:00:00,2,Jackson Heights,2000.0,2428.0,2019,7,24,20,0,1
2496013,168,2019-07-25 00:00:00,2,Jackson Heights,140.0,839.0,2019,7,25,0,0,1
2496473,168,2019-07-25 04:00:00,2,Jackson Heights,1680.0,206.0,2019,7,25,4,0,1
2496941,168,2019-07-25 08:00:00,2,Jackson Heights,5235.0,651.0,2019,7,25,8,0,1
2497410,168,2019-07-25 12:00:00,2,Jackson Heights,3696.0,1035.0,2019,7,25,12,0,1
2497879,168,2019-07-25 16:00:00,2,Jackson Heights,2811.0,2206.0,2019,7,25,16,0,1
2498348,168,2019-07-25 20:00:00,2,Jackson Heights,1989.0,2424.0,2019,7,25,20,0,1
2498814,168,2019-07-26 00:00:00,2,Jackson Heights,75.0,751.0,2019,7,26,0,0,1
2499275,168,2019-07-26 04:00:00,2,Jackson Heights,2305.0,195.0,2019,7,26,4,0,1
2499743,168,2019-07-26 08:00:00,2,Jackson Heights,5085.0,661.0,2019,7,26,8,0,1
2500212,168,2019-07-26 12:00:00,2,Jackson Heights,3707.0,1183.0,2019,7,26,12,0,1
2500681,168,2019-07-26 16:00:00,2,Jackson Heights,3029.0,2052.0,2019,7,26,16,0,1
2501150,168,2019-07-26 20:00:00,2,Jackson Heights,2230.0,2317.0,2019,7,26,20,0,1
2501619,168,2019-07-27 00:00:00,2,Jackson Heights,405.0,1056.0,2019,7,27,0,0,1
2502085,168,2019-07-27 04:00:00,2,Jackson Heights,918.0,286.0,2019,7,27,4,0,1
2502538,168,2019-07-27 08:00:00,2,Jackson Heights,2394.0,638.0,2019,7,27,8,0,1
2503001,168,2019-07-27 12:00:00,2,Jackson Heights,2732.0,1360.0,2019,7,27,12,0,1
2503459,168,2019-07-27 16:00:00,2,Jackson Heights,2474.0,1677.0,2019,7,27,16,0,1
2503925,168,2019-07-27 20:00:00,2,Jackson Heights,1579.0,1644.0,2019,7,27,20,0,1
2504384,168,2019-07-28 00:00:00,2,Jackson Heights,438.0,885.0,2019,7,28,0,0,1
2504851,168,2019-07-28 04:00:00,2,Jackson Heights,448.0,217.0,2019,7,28,4,0,1
2505313,168,2019-07-28 08:00:00,2,Jackson Heights,1872.0,379.0,2019,7,28,8,0,1
2505773,168,2019-07-28 12:00:00,2,Jackson Heights,2813.0,873.0,2019,7,28,12,0,1
2506234,168,2019-07-28 16:00:00,2,Jackson Heights,2263.0,1329.0,2019,7,28,16,0,1
2506688,168,2019-07-28 20:00:00,2,Jackson Heights,1284.0,1427.0,2019,7,28,20,0,1
2507150,168,2019-07-29 00:00:00,2,Jackson Heights,76.0,609.0,2019,7,29,0,0,1
2507601,168,2019-07-29 04:00:00,2,Jackson Heights,1944.0,176.0,2019,7,29,4,0,1
2508070,168,2019-07-29 08:00:00,2,Jackson Heights,5062.0,655.0,2019,7,29,8,0,1
2508539,168,2019-07-29 12:00:00,2,Jackson Heights,3636.0,1198.0,2019,7,29,12,0,1
2509008,168,2019-07-29 16:00:00,2,Jackson Heights,2894.0,2330.0,2019,7,29,16,0,1
2509477,168,2019-07-29 20:00:00,2,Jackson Heights,2126.0,2398.0,2019,7,29,20,0,1
2509940,168,2019-07-30 00:00:00,2,Jackson Heights,163.0,627.0,2019,7,30,0,0,1
2510402,168,2019-07-30 04:00:00,2,Jackson Heights,2351.0,208.0,2019,7,30,4,0,1
2510870,168,2019-07-30 08:00:00,2,Jackson Heights,5131.0,641.0,2019,7,30,8,0,1
2511339,168,2019-07-30 12:00:00,2,Jackson Heights,3587.0,1178.0,2019,7,30,12,0,1
2511808,168,2019-07-30 16:00:00,2,Jackson Heights,2741.0,2274.0,2019,7,30,16,0,1
2512277,168,2019-07-30 20:00:00,2,Jackson Heights,2017.0,2402.0,2019,7,30,20,0,1
2512737,168,2019-07-31 00:00:00,2,Jackson Heights,172.0,742.0,2019,7,31,0,0,1
2513199,168,2019-07-31 04:00:00,2,Jackson Heights,2369.0,209.0,2019,7,31,4,0,1
2513667,168,2019-07-31 08:00:00,2,Jackson Heights,5194.0,684.0,2019,7,31,8,0,1
2514136,168,2019-07-31 12:00:00,2,Jackson Heights,3644.0,1226.0,2019,7,31,12,0,1
2514605,168,2019-07-31 16:00:00,2,Jackson Heights,2570.0,2219.0,2019,7,31,16,0,1
2515074,168,2019-07-31 20:00:00,2,Jackson Heights,1756.0,2283.0,2019,7,31,20,0,1
2515534,168,2019-08-01 00:00:00,2,Jackson Heights,76.0,649.0,2019,8,1,0,0,1
2515996,168,2019-08-01 04:00:00,2,Jackson Heights,2369.0,226.0,2019,8,1,4,0,1
2516463,168,2019-08-01 08:00:00,2,Jackson Heights,5268.0,654.0,2019,8,1,8,0,1
2516932,168,2019-08-01 12:00:00,2,Jackson Heights,3752.0,1135.0,2019,8,1,12,0,1
2517401,168,2019-08-01 16:00:00,2,Jackson Heights,2903.0,2180.0,2019,8,1,16,0,1
2517870,168,2019-08-01 20:00:00,2,Jackson Heights,2087.0,2401.0,2019,8,1,20,0,1
2518336,168,2019-08-02 00:00:00,2,Jackson Heights,108.0,772.0,2019,8,2,0,0,1
2518802,168,2019-08-02 04:00:00,2,Jackson Heights,2321.0,241.0,2019,8,2,4,0,1
2519270,168,2019-08-02 08:00:00,2,Jackson Heights,5009.0,577.0,2019,8,2,8,0,1
2519739,168,2019-08-02 12:00:00,2,Jackson Heights,3661.0,1151.0,2019,8,2,12,0,1
2520208,168,2019-08-02 16:00:00,2,Jackson Heights,3020.0,1962.0,2019,8,2,16,0,1
2520677,168,2019-08-02 20:00:00,2,Jackson Heights,2175.0,2271.0,2019,8,2,20,0,1
2521146,168,2019-08-03 00:00:00,2,Jackson Heights,374.0,923.0,2019,8,3,0,0,1
2521611,168,2019-08-03 04:00:00,2,Jackson Heights,1038.0,261.0,2019,8,3,4,0,1
2522069,168,2019-08-03 08:00:00,2,Jackson Heights,2932.0,527.0,2019,8,3,8,0,1
2522535,168,2019-08-03 12:00:00,2,Jackson Heights,3363.0,1076.0,2019,8,3,12,0,1
2522995,168,2019-08-03 16:00:00,2,Jackson Heights,2858.0,1578.0,2019,8,3,16,0,1
2523462,168,2019-08-03 20:00:00,2,Jackson Heights,1764.0,1647.0,2019,8,3,20,0,1
2523924,168,2019-08-04 00:00:00,2,Jackson Heights,477.0,899.0,2019,8,4,0,0,1
2524390,168,2019-08-04 04:00:00,2,Jackson Heights,522.0,247.0,2019,8,4,4,0,1
2524853,168,2019-08-04 08:00:00,2,Jackson Heights,2140.0,384.0,2019,8,4,8,0,1
2525313,168,2019-08-04 12:00:00,2,Jackson Heights,3164.0,886.0,2019,8,4,12,0,1
2525776,168,2019-08-04 16:00:00,2,Jackson Heights,2609.0,1339.0,2019,8,4,16,0,1
2526236,168,2019-08-04 20:00:00,2,Jackson Heights,1476.0,1408.0,2019,8,4,20,0,1
2526695,168,2019-08-05 00:00:00,2,Jackson Heights,104.0,433.0,2019,8,5,0,0,1
2527150,168,2019-08-05 04:00:00,2,Jackson Heights,2311.0,170.0,2019,8,5,4,0,1
2527618,168,2019-08-05 08:00:00,2,Jackson Heights,5055.0,648.0,2019,8,5,8,0,1
2528087,168,2019-08-05 12:00:00,2,Jackson Heights,3620.0,1184.0,2019,8,5,12,0,1
2528556,168,2019-08-05 16:00:00,2,Jackson Heights,2889.0,2313.0,2019,8,5,16,0,1
2529025,168,2019-08-05 20:00:00,2,Jackson Heights,2125.0,2466.0,2019,8,5,20,0,1
2529486,168,2019-08-06 00:00:00,2,Jackson Heights,197.0,664.0,2019,8,6,0,0,1
2529943,168,2019-08-06 04:00:00,2,Jackson Heights,2367.0,214.0,2019,8,6,4,0,1
2530411,168,2019-08-06 08:00:00,2,Jackson Heights,5132.0,601.0,2019,8,6,8,0,1
2530880,168,2019-08-06 12:00:00,2,Jackson Heights,3671.0,1161.0,2019,8,6,12,0,1
2531349,168,2019-08-06 16:00:00,2,Jackson Heights,2830.0,2231.0,2019,8,6,16,0,1
2531818,168,2019-08-06 20:00:00,2,Jackson Heights,2026.0,2259.0,2019,8,6,20,0,1
2532281,168,2019-08-07 00:00:00,2,Jackson Heights,132.0,773.0,2019,8,7,0,0,1
2532742,168,2019-08-07 04:00:00,2,Jackson Heights,2341.0,229.0,2019,8,7,4,0,1
2533211,168,2019-08-07 08:00:00,2,Jackson Heights,5206.0,693.0,2019,8,7,8,0,1
2533680,168,2019-08-07 12:00:00,2,Jackson Heights,3856.0,1287.0,2019,8,7,12,0,1
2534149,168,2019-08-07 16:00:00,2,Jackson Heights,2768.0,2306.0,2019,8,7,16,0,1
2534618,168,2019-08-07 20:00:00,2,Jackson Heights,1738.0,2251.0,2019,8,7,20,0,1
2535075,168,2019-08-08 00:00:00,2,Jackson Heights,51.0,547.0,2019,8,8,0,0,1
2535536,168,2019-08-08 04:00:00,2,Jackson Heights,2353.0,232.0,2019,8,8,4,0,1
2536005,168,2019-08-08 08:00:00,2,Jackson Heights,5223.0,638.0,2019,8,8,8,0,1
2536474,168,2019-08-08 12:00:00,2,Jackson Heights,3709.0,1208.0,2019,8,8,12,0,1
2536943,168,2019-08-08 16:00:00,2,Jackson Heights,2836.0,2295.0,2019,8,8,16,0,1
2537412,168,2019-08-08 20:00:00,2,Jackson Heights,2016.0,2430.0,2019,8,8,20,0,1
2537875,168,2019-08-09 00:00:00,2,Jackson Heights,82.0,817.0,2019,8,9,0,0,1
2538338,168,2019-08-09 04:00:00,2,Jackson Heights,2051.0,238.0,2019,8,9,4,0,1
2538807,168,2019-08-09 08:00:00,2,Jackson Heights,5026.0,637.0,2019,8,9,8,0,1
2539276,168,2019-08-09 12:00:00,2,Jackson Heights,3717.0,1200.0,2019,8,9,12,0,1
2539745,168,2019-08-09 16:00:00,2,Jackson Heights,3037.0,2249.0,2019,8,9,16,0,1
2540214,168,2019-08-09 20:00:00,2,Jackson Heights,2163.0,2396.0,2019,8,9,20,0,1
2540683,168,2019-08-10 00:00:00,2,Jackson Heights,412.0,1020.0,2019,8,10,0,0,1
2541148,168,2019-08-10 04:00:00,2,Jackson Heights,905.0,284.0,2019,8,10,4,0,1
2541611,168,2019-08-10 08:00:00,2,Jackson Heights,2366.0,356.0,2019,8,10,8,0,1
2542074,168,2019-08-10 12:00:00,2,Jackson Heights,1950.0,555.0,2019,8,10,12,0,1
2542541,168,2019-08-10 16:00:00,2,Jackson Heights,2378.0,1206.0,2019,8,10,16,0,1
2543003,168,2019-08-10 20:00:00,2,Jackson Heights,1679.0,1545.0,2019,8,10,20,0,1
2543467,168,2019-08-11 00:00:00,2,Jackson Heights,517.0,964.0,2019,8,11,0,0,1
2543930,168,2019-08-11 04:00:00,2,Jackson Heights,449.0,247.0,2019,8,11,4,0,1
2544395,168,2019-08-11 08:00:00,2,Jackson Heights,1797.0,442.0,2019,8,11,8,0,1
2544857,168,2019-08-11 12:00:00,2,Jackson Heights,2782.0,902.0,2019,8,11,12,0,1
2545319,168,2019-08-11 16:00:00,2,Jackson Heights,2305.0,1309.0,2019,8,11,16,0,1
2545780,168,2019-08-11 20:00:00,2,Jackson Heights,1340.0,1481.0,2019,8,11,20,0,1
2546240,168,2019-08-12 00:00:00,2,Jackson Heights,146.0,637.0,2019,8,12,0,0,1
2546701,168,2019-08-12 04:00:00,2,Jackson Heights,1914.0,165.0,2019,8,12,4,0,1
2547169,168,2019-08-12 08:00:00,2,Jackson Heights,4946.0,666.0,2019,8,12,8,0,1
2547638,168,2019-08-12 12:00:00,2,Jackson Heights,3460.0,1338.0,2019,8,12,12,0,1
2548107,168,2019-08-12 16:00:00,2,Jackson Heights,2671.0,2489.0,2019,8,12,16,0,1
2548576,168,2019-08-12 20:00:00,2,Jackson Heights,2074.0,2432.0,2019,8,12,20,0,1
2549038,168,2019-08-13 00:00:00,2,Jackson Heights,166.0,714.0,2019,8,13,0,0,1
2549500,168,2019-08-13 04:00:00,2,Jackson Heights,1632.0,188.0,2019,8,13,4,0,1
2549969,168,2019-08-13 08:00:00,2,Jackson Heights,5025.0,664.0,2019,8,13,8,0,1
2550438,168,2019-08-13 12:00:00,2,Jackson Heights,3600.0,1184.0,2019,8,13,12,0,1
2550907,168,2019-08-13 16:00:00,2,Jackson Heights,2852.0,2257.0,2019,8,13,16,0,1
2551376,168,2019-08-13 20:00:00,2,Jackson Heights,2001.0,2381.0,2019,8,13,20,0,1
2551837,168,2019-08-14 00:00:00,2,Jackson Heights,163.0,665.0,2019,8,14,0,0,1
2552298,168,2019-08-14 04:00:00,2,Jackson Heights,2279.0,225.0,2019,8,14,4,0,1
2552766,168,2019-08-14 08:00:00,2,Jackson Heights,5026.0,615.0,2019,8,14,8,0,1
2553235,168,2019-08-14 12:00:00,2,Jackson Heights,3747.0,1141.0,2019,8,14,12,0,1
2553704,168,2019-08-14 16:00:00,2,Jackson Heights,2807.0,2193.0,2019,8,14,16,0,1
2554173,168,2019-08-14 20:00:00,2,Jackson Heights,1905.0,2231.0,2019,8,14,20,0,1
2554634,168,2019-08-15 00:00:00,2,Jackson Heights,165.0,698.0,2019,8,15,0,0,1
2555096,168,2019-08-15 04:00:00,2,Jackson Heights,2262.0,265.0,2019,8,15,4,0,1
2555565,168,2019-08-15 08:00:00,2,Jackson Heights,4994.0,621.0,2019,8,15,8,0,1
2556034,168,2019-08-15 12:00:00,2,Jackson Heights,3637.0,1114.0,2019,8,15,12,0,1
2556503,168,2019-08-15 16:00:00,2,Jackson Heights,2869.0,2187.0,2019,8,15,16,0,1
2556972,168,2019-08-15 20:00:00,2,Jackson Heights,2040.0,2500.0,2019,8,15,20,0,1
2557435,168,2019-08-16 00:00:00,2,Jackson Heights,157.0,888.0,2019,8,16,0,0,1
2557898,168,2019-08-16 04:00:00,2,Jackson Heights,1821.0,286.0,2019,8,16,4,0,1
2558365,168,2019-08-16 08:00:00,2,Jackson Heights,4883.0,633.0,2019,8,16,8,0,1
2558834,168,2019-08-16 12:00:00,2,Jackson Heights,3595.0,1103.0,2019,8,16,12,0,1
2559303,168,2019-08-16 16:00:00,2,Jackson Heights,2962.0,2004.0,2019,8,16,16,0,1
2559772,168,2019-08-16 20:00:00,2,Jackson Heights,2174.0,2287.0,2019,8,16,20,0,1
2560241,168,2019-08-17 00:00:00,2,Jackson Heights,408.0,1013.0,2019,8,17,0,0,1
2560697,168,2019-08-17 04:00:00,2,Jackson Heights,995.0,249.0,2019,8,17,4,0,1
2561159,168,2019-08-17 08:00:00,2,Jackson Heights,2703.0,502.0,2019,8,17,8,0,1
2561617,168,2019-08-17 12:00:00,2,Jackson Heights,3117.0,958.0,2019,8,17,12,0,1
2562078,168,2019-08-17 16:00:00,2,Jackson Heights,2731.0,1290.0,2019,8,17,16,0,1
2562540,168,2019-08-17 20:00:00,2,Jackson Heights,1663.0,1417.0,2019,8,17,20,0,1
2563002,168,2019-08-18 00:00:00,2,Jackson Heights,454.0,845.0,2019,8,18,0,0,1
2563469,168,2019-08-18 04:00:00,2,Jackson Heights,444.0,219.0,2019,8,18,4,0,1
2563929,168,2019-08-18 08:00:00,2,Jackson Heights,1926.0,374.0,2019,8,18,8,0,1
2564390,168,2019-08-18 12:00:00,2,Jackson Heights,2925.0,866.0,2019,8,18,12,0,1
2564849,168,2019-08-18 16:00:00,2,Jackson Heights,2292.0,1261.0,2019,8,18,16,0,1
2565307,168,2019-08-18 20:00:00,2,Jackson Heights,1263.0,1326.0,2019,8,18,20,0,1
2565757,168,2019-08-19 00:00:00,2,Jackson Heights,118.0,596.0,2019,8,19,0,0,1
2566209,168,2019-08-19 04:00:00,2,Jackson Heights,2243.0,185.0,2019,8,19,4,0,1
2566678,168,2019-08-19 08:00:00,2,Jackson Heights,4825.0,662.0,2019,8,19,8,0,1
2567147,168,2019-08-19 12:00:00,2,Jackson Heights,3582.0,1195.0,2019,8,19,12,0,1
2567616,168,2019-08-19 16:00:00,2,Jackson Heights,2854.0,2208.0,2019,8,19,16,0,1
2568085,168,2019-08-19 20:00:00,2,Jackson Heights,1976.0,2308.0,2019,8,19,20,0,1
2568547,168,2019-08-20 00:00:00,2,Jackson Heights,156.0,611.0,2019,8,20,0,0,1
2569009,168,2019-08-20 04:00:00,2,Jackson Heights,2232.0,143.0,2019,8,20,4,0,1
2569478,168,2019-08-20 08:00:00,2,Jackson Heights,4968.0,631.0,2019,8,20,8,0,1
2569947,168,2019-08-20 12:00:00,2,Jackson Heights,3645.0,1118.0,2019,8,20,12,0,1
2570416,168,2019-08-20 16:00:00,2,Jackson Heights,2868.0,2179.0,2019,8,20,16,0,1
2570885,168,2019-08-20 20:00:00,2,Jackson Heights,2033.0,2389.0,2019,8,20,20,0,1
2571346,168,2019-08-21 00:00:00,2,Jackson Heights,155.0,831.0,2019,8,21,0,0,1
2571809,168,2019-08-21 04:00:00,2,Jackson Heights,1822.0,210.0,2019,8,21,4,0,1
2572277,168,2019-08-21 08:00:00,2,Jackson Heights,4920.0,654.0,2019,8,21,8,0,1
2572746,168,2019-08-21 12:00:00,2,Jackson Heights,3630.0,1154.0,2019,8,21,12,0,1
2573215,168,2019-08-21 16:00:00,2,Jackson Heights,2724.0,2159.0,2019,8,21,16,0,1
2573684,168,2019-08-21 20:00:00,2,Jackson Heights,1850.0,2315.0,2019,8,21,20,0,1
2574147,168,2019-08-22 00:00:00,2,Jackson Heights,135.0,815.0,2019,8,22,0,0,1
2574610,168,2019-08-22 04:00:00,2,Jackson Heights,2202.0,241.0,2019,8,22,4,0,1
2575079,168,2019-08-22 08:00:00,2,Jackson Heights,4922.0,598.0,2019,8,22,8,0,1
2575548,168,2019-08-22 12:00:00,2,Jackson Heights,3599.0,1089.0,2019,8,22,12,0,1
2576017,168,2019-08-22 16:00:00,2,Jackson Heights,2803.0,2184.0,2019,8,22,16,0,1
2576486,168,2019-08-22 20:00:00,2,Jackson Heights,1991.0,2387.0,2019,8,22,20,0,1
2576950,168,2019-08-23 00:00:00,2,Jackson Heights,132.0,830.0,2019,8,23,0,0,1
2577415,168,2019-08-23 04:00:00,2,Jackson Heights,2206.0,278.0,2019,8,23,4,0,1
2577884,168,2019-08-23 08:00:00,2,Jackson Heights,4772.0,685.0,2019,8,23,8,0,1
2578353,168,2019-08-23 12:00:00,2,Jackson Heights,3600.0,1147.0,2019,8,23,12,0,1
2578822,168,2019-08-23 16:00:00,2,Jackson Heights,3047.0,2067.0,2019,8,23,16,0,1
2579291,168,2019-08-23 20:00:00,2,Jackson Heights,2155.0,2286.0,2019,8,23,20,0,1
2579760,168,2019-08-24 00:00:00,2,Jackson Heights,379.0,1023.0,2019,8,24,0,0,1
2580216,168,2019-08-24 04:00:00,2,Jackson Heights,1014.0,290.0,2019,8,24,4,0,1
2580673,168,2019-08-24 08:00:00,2,Jackson Heights,2848.0,534.0,2019,8,24,8,0,1
2581132,168,2019-08-24 12:00:00,2,Jackson Heights,3303.0,1114.0,2019,8,24,12,0,1
2581591,168,2019-08-24 16:00:00,2,Jackson Heights,2797.0,1651.0,2019,8,24,16,0,1
2582053,168,2019-08-24 20:00:00,2,Jackson Heights,1792.0,1828.0,2019,8,24,20,0,1
2582514,168,2019-08-25 00:00:00,2,Jackson Heights,599.0,1077.0,2019,8,25,0,0,1
2582980,168,2019-08-25 04:00:00,2,Jackson Heights,528.0,310.0,2019,8,25,4,0,1
2583436,168,2019-08-25 08:00:00,2,Jackson Heights,1980.0,387.0,2019,8,25,8,0,1
2583896,168,2019-08-25 12:00:00,2,Jackson Heights,2982.0,885.0,2019,8,25,12,0,1
2584353,168,2019-08-25 16:00:00,2,Jackson Heights,2407.0,1349.0,2019,8,25,16,0,1
2584811,168,2019-08-25 20:00:00,2,Jackson Heights,1317.0,1458.0,2019,8,25,20,0,1
2585264,168,2019-08-26 00:00:00,2,Jackson Heights,132.0,579.0,2019,8,26,0,0,1
2585716,168,2019-08-26 04:00:00,2,Jackson Heights,2025.0,593.0,2019,8,26,4,0,1
2586185,168,2019-08-26 08:00:00,2,Jackson Heights,4500.0,1422.0,2019,8,26,8,0,1
2586654,168,2019-08-26 12:00:00,2,Jackson Heights,3488.0,1306.0,2019,8,26,12,0,1
2587123,168,2019-08-26 16:00:00,2,Jackson Heights,2792.0,2177.0,2019,8,26,16,0,1
2587592,168,2019-08-26 20:00:00,2,Jackson Heights,1940.0,2418.0,2019,8,26,20,0,1
2588051,168,2019-08-27 00:00:00,2,Jackson Heights,158.0,746.0,2019,8,27,0,0,1
2588511,168,2019-08-27 04:00:00,2,Jackson Heights,2334.0,232.0,2019,8,27,4,0,1
2588980,168,2019-08-27 08:00:00,2,Jackson Heights,5153.0,635.0,2019,8,27,8,0,1
2589449,168,2019-08-27 12:00:00,2,Jackson Heights,3657.0,1152.0,2019,8,27,12,0,1
2589918,168,2019-08-27 16:00:00,2,Jackson Heights,2847.0,2330.0,2019,8,27,16,0,1
2590387,168,2019-08-27 20:00:00,2,Jackson Heights,2032.0,2560.0,2019,8,27,20,0,1
2590845,168,2019-08-28 00:00:00,2,Jackson Heights,122.0,773.0,2019,8,28,0,0,1
2591306,168,2019-08-28 04:00:00,2,Jackson Heights,2293.0,222.0,2019,8,28,4,0,1
2591775,168,2019-08-28 08:00:00,2,Jackson Heights,5152.0,681.0,2019,8,28,8,0,1
2592244,168,2019-08-28 12:00:00,2,Jackson Heights,3792.0,1225.0,2019,8,28,12,0,1
2592713,168,2019-08-28 16:00:00,2,Jackson Heights,2763.0,2237.0,2019,8,28,16,0,1
2593182,168,2019-08-28 20:00:00,2,Jackson Heights,1874.0,2347.0,2019,8,28,20,0,1
2593639,168,2019-08-29 00:00:00,2,Jackson Heights,87.0,746.0,2019,8,29,0,0,1
2594097,168,2019-08-29 04:00:00,2,Jackson Heights,2302.0,276.0,2019,8,29,4,0,1
2594566,168,2019-08-29 08:00:00,2,Jackson Heights,5194.0,622.0,2019,8,29,8,0,1
2595035,168,2019-08-29 12:00:00,2,Jackson Heights,3773.0,1171.0,2019,8,29,12,0,1
2595504,168,2019-08-29 16:00:00,2,Jackson Heights,2924.0,2222.0,2019,8,29,16,0,1
2595973,168,2019-08-29 20:00:00,2,Jackson Heights,2097.0,2453.0,2019,8,29,20,0,1
2596434,168,2019-08-30 00:00:00,2,Jackson Heights,129.0,664.0,2019,8,30,0,0,1
2596897,168,2019-08-30 04:00:00,2,Jackson Heights,2253.0,266.0,2019,8,30,4,0,1
2597366,168,2019-08-30 08:00:00,2,Jackson Heights,4942.0,677.0,2019,8,30,8,0,1
2597835,168,2019-08-30 12:00:00,2,Jackson Heights,3678.0,1293.0,2019,8,30,12,0,1
2598304,168,2019-08-30 16:00:00,2,Jackson Heights,3041.0,2152.0,2019,8,30,16,0,1
2598773,168,2019-08-30 20:00:00,2,Jackson Heights,2217.0,1719.0,2019,8,30,20,0,1
2599242,168,2019-08-31 00:00:00,2,Jackson Heights,412.0,1014.0,2019,8,31,0,0,1
2599711,168,2019-08-31 04:00:00,2,Jackson Heights,961.0,260.0,2019,8,31,4,0,1
2600180,168,2019-08-31 08:00:00,2,Jackson Heights,2819.0,529.0,2019,8,31,8,0,1
2600647,168,2019-08-31 12:00:00,2,Jackson Heights,3284.0,1113.0,2019,8,31,12,0,1
2601115,168,2019-08-31 16:00:00,2,Jackson Heights,2759.0,1547.0,2019,8,31,16,0,1
2601581,168,2019-08-31 20:00:00,2,Jackson Heights,1715.0,1643.0,2019,8,31,20,0,1
2602049,168,2019-09-01 00:00:00,2,Jackson Heights,465.0,908.0,2019,9,1,0,0,1
2602516,168,2019-09-01 04:00:00,2,Jackson Heights,542.0,221.0,2019,9,1,4,0,1
2602984,168,2019-09-01 08:00:00,2,Jackson Heights,2063.0,427.0,2019,9,1,8,0,1
2603451,168,2019-09-01 12:00:00,2,Jackson Heights,2984.0,868.0,2019,9,1,12,0,1
2603920,168,2019-09-01 16:00:00,2,Jackson Heights,2433.0,1297.0,2019,9,1,16,0,1
2604386,168,2019-09-01 20:00:00,2,Jackson Heights,1311.0,1448.0,2019,9,1,20,0,1
2604855,168,2019-09-02 00:00:00,2,Jackson Heights,292.0,725.0,2019,9,2,0,1,1
2605324,168,2019-09-02 04:00:00,2,Jackson Heights,575.0,148.0,2019,9,2,4,1,1
2605792,168,2019-09-02 08:00:00,2,Jackson Heights,2126.0,421.0,2019,9,2,8,1,1
2606261,168,2019-09-02 12:00:00,2,Jackson Heights,2504.0,869.0,2019,9,2,12,1,1
2606730,168,2019-09-02 16:00:00,2,Jackson Heights,2105.0,1275.0,2019,9,2,16,1,1
2607198,168,2019-09-02 20:00:00,2,Jackson Heights,1382.0,1345.0,2019,9,2,20,1,1
2607660,168,2019-09-03 00:00:00,2,Jackson Heights,128.0,666.0,2019,9,3,0,0,1
2608123,168,2019-09-03 04:00:00,2,Jackson Heights,2324.0,256.0,2019,9,3,4,0,1
2608592,168,2019-09-03 08:00:00,2,Jackson Heights,4855.0,521.0,2019,9,3,8,0,1
2609061,168,2019-09-03 12:00:00,2,Jackson Heights,3766.0,1161.0,2019,9,3,12,0,1
2609530,168,2019-09-03 16:00:00,2,Jackson Heights,3235.0,2563.0,2019,9,3,16,0,1
2609999,168,2019-09-03 20:00:00,2,Jackson Heights,2036.0,2498.0,2019,9,3,20,0,1
2610455,168,2019-09-04 00:00:00,2,Jackson Heights,160.0,842.0,2019,9,4,0,0,1
2610915,168,2019-09-04 04:00:00,2,Jackson Heights,2047.0,243.0,2019,9,4,4,0,1
2611384,168,2019-09-04 08:00:00,2,Jackson Heights,5470.0,734.0,2019,9,4,8,0,1
2611853,168,2019-09-04 12:00:00,2,Jackson Heights,3962.0,1257.0,2019,9,4,12,0,1
2612322,168,2019-09-04 16:00:00,2,Jackson Heights,2828.0,2401.0,2019,9,4,16,0,1
2612791,168,2019-09-04 20:00:00,2,Jackson Heights,1972.0,2529.0,2019,9,4,20,0,1
2613248,168,2019-09-05 00:00:00,2,Jackson Heights,51.0,568.0,2019,9,5,0,0,1
2613705,168,2019-09-05 04:00:00,2,Jackson Heights,2829.0,262.0,2019,9,5,4,0,1
2614173,168,2019-09-05 08:00:00,2,Jackson Heights,5720.0,719.0,2019,9,5,8,0,1
2614642,168,2019-09-05 12:00:00,2,Jackson Heights,3701.0,1275.0,2019,9,5,12,0,1
2615111,168,2019-09-05 16:00:00,2,Jackson Heights,2834.0,2426.0,2019,9,5,16,0,1
2615580,168,2019-09-05 20:00:00,2,Jackson Heights,1919.0,2423.0,2019,9,5,20,0,1
2616032,168,2019-09-06 00:00:00,2,Jackson Heights,26.0,366.0,2019,9,6,0,0,1
2616490,168,2019-09-06 04:00:00,2,Jackson Heights,2528.0,262.0,2019,9,6,4,0,1
2616958,168,2019-09-06 08:00:00,2,Jackson Heights,5747.0,639.0,2019,9,6,8,0,1
2617427,168,2019-09-06 12:00:00,2,Jackson Heights,3683.0,1279.0,2019,9,6,12,0,1
2617896,168,2019-09-06 16:00:00,2,Jackson Heights,2939.0,2387.0,2019,9,6,16,0,1
2618365,168,2019-09-06 20:00:00,2,Jackson Heights,1982.0,2345.0,2019,9,6,20,0,1
2618834,168,2019-09-07 00:00:00,2,Jackson Heights,239.0,939.0,2019,9,7,0,0,1
2619302,168,2019-09-07 04:00:00,2,Jackson Heights,1049.0,286.0,2019,9,7,4,0,1
2619759,168,2019-09-07 08:00:00,2,Jackson Heights,3002.0,601.0,2019,9,7,8,0,1
2620220,168,2019-09-07 12:00:00,2,Jackson Heights,3445.0,1199.0,2019,9,7,12,0,1
2620680,168,2019-09-07 16:00:00,2,Jackson Heights,2911.0,1650.0,2019,9,7,16,0,1
2621140,168,2019-09-07 20:00:00,2,Jackson Heights,1803.0,1727.0,2019,9,7,20,0,1
2621597,168,2019-09-08 00:00:00,2,Jackson Heights,487.0,950.0,2019,9,8,0,0,1
2622058,168,2019-09-08 04:00:00,2,Jackson Heights,498.0,260.0,2019,9,8,4,0,1
2622516,168,2019-09-08 08:00:00,2,Jackson Heights,2056.0,459.0,2019,9,8,8,0,1
2622971,168,2019-09-08 12:00:00,2,Jackson Heights,2979.0,902.0,2019,9,8,12,0,1
2623434,168,2019-09-08 16:00:00,2,Jackson Heights,2428.0,1491.0,2019,9,8,16,0,1
2623885,168,2019-09-08 20:00:00,2,Jackson Heights,1444.0,1618.0,2019,9,8,20,0,1
2624337,168,2019-09-09 00:00:00,2,Jackson Heights,19.0,430.0,2019,9,9,0,0,1
2624781,168,2019-09-09 04:00:00,2,Jackson Heights,2934.0,202.0,2019,9,9,4,0,1
2625249,168,2019-09-09 08:00:00,2,Jackson Heights,5893.0,676.0,2019,9,9,8,0,1
2625718,168,2019-09-09 12:00:00,2,Jackson Heights,3689.0,1270.0,2019,9,9,12,0,1
2626187,168,2019-09-09 16:00:00,2,Jackson Heights,2831.0,2534.0,2019,9,9,16,0,1
2626656,168,2019-09-09 20:00:00,2,Jackson Heights,2086.0,2565.0,2019,9,9,20,0,1
2627109,168,2019-09-10 00:00:00,2,Jackson Heights,74.0,649.0,2019,9,10,0,0,1
2627564,168,2019-09-10 04:00:00,2,Jackson Heights,2966.0,244.0,2019,9,10,4,0,1
2628033,168,2019-09-10 08:00:00,2,Jackson Heights,5997.0,677.0,2019,9,10,8,0,1
2628502,168,2019-09-10 12:00:00,2,Jackson Heights,3787.0,1219.0,2019,9,10,12,0,1
2628971,168,2019-09-10 16:00:00,2,Jackson Heights,2870.0,2509.0,2019,9,10,16,0,1
2629440,168,2019-09-10 20:00:00,2,Jackson Heights,2023.0,2567.0,2019,9,10,20,0,1
2629895,168,2019-09-11 00:00:00,2,Jackson Heights,42.0,374.0,2019,9,11,0,0,1
2630351,168,2019-09-11 04:00:00,2,Jackson Heights,2898.0,253.0,2019,9,11,4,0,1
2630820,168,2019-09-11 08:00:00,2,Jackson Heights,6043.0,675.0,2019,9,11,8,0,1
2631289,168,2019-09-11 12:00:00,2,Jackson Heights,3970.0,1265.0,2019,9,11,12,0,1
2631758,168,2019-09-11 16:00:00,2,Jackson Heights,2926.0,2512.0,2019,9,11,16,0,1
2632227,168,2019-09-11 20:00:00,2,Jackson Heights,2006.0,2567.0,2019,9,11,20,0,1
2632683,168,2019-09-12 00:00:00,2,Jackson Heights,35.0,596.0,2019,9,12,0,0,1
2633140,168,2019-09-12 04:00:00,2,Jackson Heights,2942.0,260.0,2019,9,12,4,0,1
2633608,168,2019-09-12 08:00:00,2,Jackson Heights,5991.0,674.0,2019,9,12,8,0,1
2634077,168,2019-09-12 12:00:00,2,Jackson Heights,3786.0,1228.0,2019,9,12,12,0,1
2634546,168,2019-09-12 16:00:00,2,Jackson Heights,2719.0,2504.0,2019,9,12,16,0,1
2635015,168,2019-09-12 20:00:00,2,Jackson Heights,1902.0,2526.0,2019,9,12,20,0,1
2635467,168,2019-09-13 00:00:00,2,Jackson Heights,26.0,548.0,2019,9,13,0,0,1
2635921,168,2019-09-13 04:00:00,2,Jackson Heights,2892.0,296.0,2019,9,13,4,0,1
2636390,168,2019-09-13 08:00:00,2,Jackson Heights,5870.0,654.0,2019,9,13,8,0,1
2636859,168,2019-09-13 12:00:00,2,Jackson Heights,3804.0,1237.0,2019,9,13,12,0,1
2637328,168,2019-09-13 16:00:00,2,Jackson Heights,3087.0,2373.0,2019,9,13,16,0,1
2637797,168,2019-09-13 20:00:00,2,Jackson Heights,2241.0,2448.0,2019,9,13,20,0,1
2638266,168,2019-09-14 00:00:00,2,Jackson Heights,362.0,1000.0,2019,9,14,0,0,1
2638727,168,2019-09-14 04:00:00,2,Jackson Heights,1050.0,309.0,2019,9,14,4,0,1
2639178,168,2019-09-14 08:00:00,2,Jackson Heights,3045.0,580.0,2019,9,14,8,0,1
2639644,168,2019-09-14 12:00:00,2,Jackson Heights,3419.0,1191.0,2019,9,14,12,0,1
2640103,168,2019-09-14 16:00:00,2,Jackson Heights,2887.0,1689.0,2019,9,14,16,0,1
2640567,168,2019-09-14 20:00:00,2,Jackson Heights,1764.0,1729.0,2019,9,14,20,0,1
2641024,168,2019-09-15 00:00:00,2,Jackson Heights,436.0,969.0,2019,9,15,0,0,1
2641490,168,2019-09-15 04:00:00,2,Jackson Heights,525.0,278.0,2019,9,15,4,0,1
2641954,168,2019-09-15 08:00:00,2,Jackson Heights,2118.0,416.0,2019,9,15,8,0,1
2642410,168,2019-09-15 12:00:00,2,Jackson Heights,3088.0,879.0,2019,9,15,12,0,1
2642872,168,2019-09-15 16:00:00,2,Jackson Heights,2560.0,1408.0,2019,9,15,16,0,1
2643325,168,2019-09-15 20:00:00,2,Jackson Heights,1523.0,1539.0,2019,9,15,20,0,1
2643774,168,2019-09-16 00:00:00,2,Jackson Heights,56.0,409.0,2019,9,16,0,0,1
2644214,168,2019-09-16 04:00:00,2,Jackson Heights,2889.0,217.0,2019,9,16,4,0,1
2644682,168,2019-09-16 08:00:00,2,Jackson Heights,5845.0,696.0,2019,9,16,8,0,1
2645151,168,2019-09-16 12:00:00,2,Jackson Heights,3726.0,1273.0,2019,9,16,12,0,1
2645620,168,2019-09-16 16:00:00,2,Jackson Heights,2873.0,2622.0,2019,9,16,16,0,1
2646089,168,2019-09-16 20:00:00,2,Jackson Heights,2082.0,2604.0,2019,9,16,20,0,1
2646539,168,2019-09-17 00:00:00,2,Jackson Heights,71.0,506.0,2019,9,17,0,0,1
2646985,168,2019-09-17 04:00:00,2,Jackson Heights,2965.0,225.0,2019,9,17,4,0,1
2647453,168,2019-09-17 08:00:00,2,Jackson Heights,5956.0,641.0,2019,9,17,8,0,1
2647922,168,2019-09-17 12:00:00,2,Jackson Heights,3749.0,1237.0,2019,9,17,12,0,1
2648391,168,2019-09-17 16:00:00,2,Jackson Heights,2939.0,2622.0,2019,9,17,16,0,1
2648860,168,2019-09-17 20:00:00,2,Jackson Heights,2080.0,2689.0,2019,9,17,20,0,1
2649313,168,2019-09-18 00:00:00,2,Jackson Heights,48.0,338.0,2019,9,18,0,0,1
2649761,168,2019-09-18 04:00:00,2,Jackson Heights,2953.0,258.0,2019,9,18,4,0,1
2650229,168,2019-09-18 08:00:00,2,Jackson Heights,5983.0,665.0,2019,9,18,8,0,1
2650698,168,2019-09-18 12:00:00,2,Jackson Heights,3810.0,1237.0,2019,9,18,12,0,1
2651167,168,2019-09-18 16:00:00,2,Jackson Heights,2856.0,2437.0,2019,9,18,16,0,1
2651636,168,2019-09-18 20:00:00,2,Jackson Heights,2027.0,2468.0,2019,9,18,20,0,1
2652093,168,2019-09-19 00:00:00,2,Jackson Heights,33.0,399.0,2019,9,19,0,0,1
2652542,168,2019-09-19 04:00:00,2,Jackson Heights,2967.0,276.0,2019,9,19,4,0,1
2653011,168,2019-09-19 08:00:00,2,Jackson Heights,5840.0,492.0,2019,9,19,8,0,1
2653480,168,2019-09-19 12:00:00,2,Jackson Heights,3771.0,1132.0,2019,9,19,12,0,1
2653949,168,2019-09-19 16:00:00,2,Jackson Heights,3271.0,2601.0,2019,9,19,16,0,1
2654418,168,2019-09-19 20:00:00,2,Jackson Heights,1983.0,2481.0,2019,9,19,20,0,1
2654877,168,2019-09-20 00:00:00,2,Jackson Heights,26.0,423.0,2019,9,20,0,0,1
2655330,168,2019-09-20 04:00:00,2,Jackson Heights,2851.0,261.0,2019,9,20,4,0,1
2655798,168,2019-09-20 08:00:00,2,Jackson Heights,5839.0,650.0,2019,9,20,8,0,1
2656267,168,2019-09-20 12:00:00,2,Jackson Heights,3767.0,1272.0,2019,9,20,12,0,1
2656736,168,2019-09-20 16:00:00,2,Jackson Heights,3026.0,2405.0,2019,9,20,16,0,1
2657205,168,2019-09-20 20:00:00,2,Jackson Heights,2228.0,2425.0,2019,9,20,20,0,1
2657674,168,2019-09-21 00:00:00,2,Jackson Heights,383.0,885.0,2019,9,21,0,0,1
2658142,168,2019-09-21 04:00:00,2,Jackson Heights,1079.0,304.0,2019,9,21,4,0,1
2658607,168,2019-09-21 08:00:00,2,Jackson Heights,2921.0,632.0,2019,9,21,8,0,1
2659062,168,2019-09-21 12:00:00,2,Jackson Heights,3151.0,1434.0,2019,9,21,12,0,1
2659529,168,2019-09-21 16:00:00,2,Jackson Heights,2523.0,2037.0,2019,9,21,16,0,1
2659988,168,2019-09-21 20:00:00,2,Jackson Heights,1627.0,1841.0,2019,9,21,20,0,1
2660453,168,2019-09-22 00:00:00,2,Jackson Heights,472.0,900.0,2019,9,22,0,0,1
2660908,168,2019-09-22 04:00:00,2,Jackson Heights,517.0,269.0,2019,9,22,4,0,1
2661371,168,2019-09-22 08:00:00,2,Jackson Heights,1920.0,476.0,2019,9,22,8,0,1
2661824,168,2019-09-22 12:00:00,2,Jackson Heights,2650.0,1144.0,2019,9,22,12,0,1
2662287,168,2019-09-22 16:00:00,2,Jackson Heights,2125.0,1793.0,2019,9,22,16,0,1
2662737,168,2019-09-22 20:00:00,2,Jackson Heights,1276.0,1585.0,2019,9,22,20,0,1
2663191,168,2019-09-23 00:00:00,2,Jackson Heights,24.0,222.0,2019,9,23,0,0,1
2663635,168,2019-09-23 04:00:00,2,Jackson Heights,2960.0,219.0,2019,9,23,4,0,1
2664103,168,2019-09-23 08:00:00,2,Jackson Heights,6037.0,661.0,2019,9,23,8,0,1
2664572,168,2019-09-23 12:00:00,2,Jackson Heights,3841.0,1263.0,2019,9,23,12,0,1
2665041,168,2019-09-23 16:00:00,2,Jackson Heights,2908.0,2592.0,2019,9,23,16,0,1
2665510,168,2019-09-23 20:00:00,2,Jackson Heights,2090.0,2579.0,2019,9,23,20,0,1
2665963,168,2019-09-24 00:00:00,2,Jackson Heights,46.0,643.0,2019,9,24,0,0,1
2666406,168,2019-09-24 04:00:00,2,Jackson Heights,3018.0,235.0,2019,9,24,4,0,1
2666875,168,2019-09-24 08:00:00,2,Jackson Heights,6088.0,632.0,2019,9,24,8,0,1
2667344,168,2019-09-24 12:00:00,2,Jackson Heights,3857.0,1242.0,2019,9,24,12,0,1
2667813,168,2019-09-24 16:00:00,2,Jackson Heights,2981.0,2606.0,2019,9,24,16,0,1
2668282,168,2019-09-24 20:00:00,2,Jackson Heights,2059.0,2612.0,2019,9,24,20,0,1
2668736,168,2019-09-25 00:00:00,2,Jackson Heights,30.0,494.0,2019,9,25,0,0,1
2669190,168,2019-09-25 04:00:00,2,Jackson Heights,2949.0,227.0,2019,9,25,4,0,1
2669658,168,2019-09-25 08:00:00,2,Jackson Heights,5957.0,670.0,2019,9,25,8,0,1
2670127,168,2019-09-25 12:00:00,2,Jackson Heights,3803.0,1310.0,2019,9,25,12,0,1
2670596,168,2019-09-25 16:00:00,2,Jackson Heights,2940.0,2513.0,2019,9,25,16,0,1
2671065,168,2019-09-25 20:00:00,2,Jackson Heights,2065.0,2548.0,2019,9,25,20,0,1
2671521,168,2019-09-26 00:00:00,2,Jackson Heights,31.0,731.0,2019,9,26,0,0,1
2671972,168,2019-09-26 04:00:00,2,Jackson Heights,3006.0,248.0,2019,9,26,4,0,1
2672441,168,2019-09-26 08:00:00,2,Jackson Heights,6100.0,657.0,2019,9,26,8,0,1
2672910,168,2019-09-26 12:00:00,2,Jackson Heights,3945.0,1264.0,2019,9,26,12,0,1
2673379,168,2019-09-26 16:00:00,2,Jackson Heights,2913.0,2549.0,2019,9,26,16,0,1
2673848,168,2019-09-26 20:00:00,2,Jackson Heights,1982.0,2628.0,2019,9,26,20,0,1
2674305,168,2019-09-27 00:00:00,2,Jackson Heights,34.0,598.0,2019,9,27,0,0,1
2674757,168,2019-09-27 04:00:00,2,Jackson Heights,2933.0,285.0,2019,9,27,4,0,1
2675226,168,2019-09-27 08:00:00,2,Jackson Heights,5937.0,678.0,2019,9,27,8,0,1
2675695,168,2019-09-27 12:00:00,2,Jackson Heights,3793.0,1286.0,2019,9,27,12,0,1
2676164,168,2019-09-27 16:00:00,2,Jackson Heights,3091.0,2382.0,2019,9,27,16,0,1
2676633,168,2019-09-27 20:00:00,2,Jackson Heights,2246.0,2429.0,2019,9,27,20,0,1
2677101,168,2019-09-28 00:00:00,2,Jackson Heights,350.0,1023.0,2019,9,28,0,0,1
2677569,168,2019-09-28 04:00:00,2,Jackson Heights,1070.0,284.0,2019,9,28,4,0,1
2678026,168,2019-09-28 08:00:00,2,Jackson Heights,3128.0,601.0,2019,9,28,8,0,1
2678494,168,2019-09-28 12:00:00,2,Jackson Heights,3539.0,1269.0,2019,9,28,12,0,1
2678954,168,2019-09-28 16:00:00,2,Jackson Heights,2831.0,1764.0,2019,9,28,16,0,1
2679422,168,2019-09-28 20:00:00,2,Jackson Heights,1732.0,1759.0,2019,9,28,20,0,1
2679882,168,2019-09-29 00:00:00,2,Jackson Heights,446.0,906.0,2019,9,29,0,0,1
2680345,168,2019-09-29 04:00:00,2,Jackson Heights,554.0,254.0,2019,9,29,4,0,1
2680811,168,2019-09-29 08:00:00,2,Jackson Heights,2126.0,439.0,2019,9,29,8,0,1
2681273,168,2019-09-29 12:00:00,2,Jackson Heights,3062.0,872.0,2019,9,29,12,0,1
2681738,168,2019-09-29 16:00:00,2,Jackson Heights,2492.0,1532.0,2019,9,29,16,0,1
2682198,168,2019-09-29 20:00:00,2,Jackson Heights,1344.0,1599.0,2019,9,29,20,0,1
2682659,168,2019-09-30 00:00:00,2,Jackson Heights,93.0,616.0,2019,9,30,0,0,1
2683113,168,2019-09-30 04:00:00,2,Jackson Heights,2107.0,218.0,2019,9,30,4,0,1
2683582,168,2019-09-30 08:00:00,2,Jackson Heights,4706.0,682.0,2019,9,30,8,0,1
2684051,168,2019-09-30 12:00:00,2,Jackson Heights,3642.0,1222.0,2019,9,30,12,0,1
2684519,168,2019-09-30 16:00:00,2,Jackson Heights,2979.0,2330.0,2019,9,30,16,0,1
2684987,168,2019-09-30 20:00:00,2,Jackson Heights,2050.0,2308.0,2019,9,30,20,0,1
2685448,168,2019-10-01 00:00:00,2,Jackson Heights,142.0,663.0,2019,10,1,0,0,1
2685906,168,2019-10-01 04:00:00,2,Jackson Heights,2188.0,227.0,2019,10,1,4,0,1
2686375,168,2019-10-01 08:00:00,2,Jackson Heights,4827.0,680.0,2019,10,1,8,0,1
2686844,168,2019-10-01 12:00:00,2,Jackson Heights,3671.0,1187.0,2019,10,1,12,0,1
2687313,168,2019-10-01 16:00:00,2,Jackson Heights,3089.0,2336.0,2019,10,1,16,0,1
2687782,168,2019-10-01 20:00:00,2,Jackson Heights,2110.0,2444.0,2019,10,1,20,0,1
2688238,168,2019-10-02 00:00:00,2,Jackson Heights,50.0,482.0,2019,10,2,0,0,1
2688688,168,2019-10-02 04:00:00,2,Jackson Heights,2974.0,242.0,2019,10,2,4,0,1
2689156,168,2019-10-02 08:00:00,2,Jackson Heights,6118.0,698.0,2019,10,2,8,0,1
2689625,168,2019-10-02 12:00:00,2,Jackson Heights,3981.0,1332.0,2019,10,2,12,0,1
2690094,168,2019-10-02 16:00:00,2,Jackson Heights,2907.0,2575.0,2019,10,2,16,0,1
2690563,168,2019-10-02 20:00:00,2,Jackson Heights,1961.0,2498.0,2019,10,2,20,0,1
2691014,168,2019-10-03 00:00:00,2,Jackson Heights,37.0,484.0,2019,10,3,0,0,1
2691461,168,2019-10-03 04:00:00,2,Jackson Heights,2845.0,265.0,2019,10,3,4,0,1
2691929,168,2019-10-03 08:00:00,2,Jackson Heights,5917.0,690.0,2019,10,3,8,0,1
2692398,168,2019-10-03 12:00:00,2,Jackson Heights,3858.0,1238.0,2019,10,3,12,0,1
2692867,168,2019-10-03 16:00:00,2,Jackson Heights,2770.0,2432.0,2019,10,3,16,0,1
2693336,168,2019-10-03 20:00:00,2,Jackson Heights,1906.0,2439.0,2019,10,3,20,0,1
2693795,168,2019-10-04 00:00:00,2,Jackson Heights,37.0,529.0,2019,10,4,0,0,1
2694248,168,2019-10-04 04:00:00,2,Jackson Heights,2864.0,269.0,2019,10,4,4,0,1
2694717,168,2019-10-04 08:00:00,2,Jackson Heights,5933.0,669.0,2019,10,4,8,0,1
2695185,168,2019-10-04 12:00:00,2,Jackson Heights,3845.0,1214.0,2019,10,4,12,0,1
2695654,168,2019-10-04 16:00:00,2,Jackson Heights,3062.0,2479.0,2019,10,4,16,0,1
2696122,168,2019-10-04 20:00:00,2,Jackson Heights,2244.0,2505.0,2019,10,4,20,0,1
2696590,168,2019-10-05 00:00:00,2,Jackson Heights,329.0,890.0,2019,10,5,0,0,1
2697052,168,2019-10-05 04:00:00,2,Jackson Heights,1053.0,284.0,2019,10,5,4,0,1
2697507,168,2019-10-05 08:00:00,2,Jackson Heights,3127.0,546.0,2019,10,5,8,0,1
2697971,168,2019-10-05 12:00:00,2,Jackson Heights,3537.0,1094.0,2019,10,5,12,0,1
2698428,168,2019-10-05 16:00:00,2,Jackson Heights,2925.0,1757.0,2019,10,5,16,0,1
2698892,168,2019-10-05 20:00:00,2,Jackson Heights,1733.0,1768.0,2019,10,5,20,0,1
2699350,168,2019-10-06 00:00:00,2,Jackson Heights,395.0,852.0,2019,10,6,0,0,1
2699815,168,2019-10-06 04:00:00,2,Jackson Heights,545.0,257.0,2019,10,6,4,0,1
2700277,168,2019-10-06 08:00:00,2,Jackson Heights,2128.0,372.0,2019,10,6,8,0,1
2700736,168,2019-10-06 12:00:00,2,Jackson Heights,2995.0,895.0,2019,10,6,12,0,1
2701199,168,2019-10-06 16:00:00,2,Jackson Heights,2316.0,1451.0,2019,10,6,16,0,1
2701658,168,2019-10-06 20:00:00,2,Jackson Heights,1306.0,1401.0,2019,10,6,20,0,1
2702111,168,2019-10-07 00:00:00,2,Jackson Heights,27.0,390.0,2019,10,7,0,0,1
2702551,168,2019-10-07 04:00:00,2,Jackson Heights,2863.0,202.0,2019,10,7,4,0,1
2703019,168,2019-10-07 08:00:00,2,Jackson Heights,5922.0,653.0,2019,10,7,8,0,1
2703488,168,2019-10-07 12:00:00,2,Jackson Heights,3837.0,1292.0,2019,10,7,12,0,1
2703957,168,2019-10-07 16:00:00,2,Jackson Heights,2828.0,2600.0,2019,10,7,16,0,1
2704426,168,2019-10-07 20:00:00,2,Jackson Heights,2029.0,2547.0,2019,10,7,20,0,1
2704880,168,2019-10-08 00:00:00,2,Jackson Heights,71.0,573.0,2019,10,8,0,0,1
2705327,168,2019-10-08 04:00:00,2,Jackson Heights,2395.0,199.0,2019,10,8,4,0,1
2705795,168,2019-10-08 08:00:00,2,Jackson Heights,5503.0,890.0,2019,10,8,8,0,1
2706264,168,2019-10-08 12:00:00,2,Jackson Heights,3401.0,1432.0,2019,10,8,12,0,1
2706733,168,2019-10-08 16:00:00,2,Jackson Heights,2890.0,2410.0,2019,10,8,16,0,1
2707202,168,2019-10-08 20:00:00,2,Jackson Heights,2080.0,2505.0,2019,10,8,20,0,1
2707663,168,2019-10-09 00:00:00,2,Jackson Heights,246.0,432.0,2019,10,9,0,0,1
2708118,168,2019-10-09 04:00:00,2,Jackson Heights,2000.0,225.0,2019,10,9,4,0,1
2708587,168,2019-10-09 08:00:00,2,Jackson Heights,4693.0,706.0,2019,10,9,8,0,1
2709056,168,2019-10-09 12:00:00,2,Jackson Heights,3739.0,1196.0,2019,10,9,12,0,1
2709525,168,2019-10-09 16:00:00,2,Jackson Heights,2817.0,2109.0,2019,10,9,16,0,1
2709994,168,2019-10-09 20:00:00,2,Jackson Heights,1803.0,2187.0,2019,10,9,20,0,1
2710447,168,2019-10-10 00:00:00,2,Jackson Heights,63.0,285.0,2019,10,10,0,0,1
2710895,168,2019-10-10 04:00:00,2,Jackson Heights,2907.0,228.0,2019,10,10,4,0,1
2711364,168,2019-10-10 08:00:00,2,Jackson Heights,6007.0,513.0,2019,10,10,8,0,1
2711833,168,2019-10-10 12:00:00,2,Jackson Heights,3942.0,1251.0,2019,10,10,12,0,1
2712302,168,2019-10-10 16:00:00,2,Jackson Heights,2962.0,2585.0,2019,10,10,16,0,1
2712771,168,2019-10-10 20:00:00,2,Jackson Heights,2014.0,2588.0,2019,10,10,20,0,1
2713225,168,2019-10-11 00:00:00,2,Jackson Heights,20.0,513.0,2019,10,11,0,0,1
2713673,168,2019-10-11 04:00:00,2,Jackson Heights,2856.0,294.0,2019,10,11,4,0,1
2714142,168,2019-10-11 08:00:00,2,Jackson Heights,5821.0,642.0,2019,10,11,8,0,1
2714611,168,2019-10-11 12:00:00,2,Jackson Heights,3772.0,1255.0,2019,10,11,12,0,1
2715080,168,2019-10-11 16:00:00,2,Jackson Heights,3032.0,2385.0,2019,10,11,16,0,1
2715549,168,2019-10-11 20:00:00,2,Jackson Heights,2184.0,2356.0,2019,10,11,20,0,1
2716018,168,2019-10-12 00:00:00,2,Jackson Heights,303.0,956.0,2019,10,12,0,0,1
2716487,168,2019-10-12 04:00:00,2,Jackson Heights,1073.0,308.0,2019,10,12,4,0,1
2716949,168,2019-10-12 08:00:00,2,Jackson Heights,3112.0,525.0,2019,10,12,8,0,1
2717414,168,2019-10-12 12:00:00,2,Jackson Heights,3497.0,1113.0,2019,10,12,12,0,1
2717875,168,2019-10-12 16:00:00,2,Jackson Heights,2813.0,1569.0,2019,10,12,16,0,1
2718341,168,2019-10-12 20:00:00,2,Jackson Heights,1717.0,1684.0,2019,10,12,20,0,1
2718801,168,2019-10-13 00:00:00,2,Jackson Heights,489.0,995.0,2019,10,13,0,0,1
2719264,168,2019-10-13 04:00:00,2,Jackson Heights,567.0,286.0,2019,10,13,4,0,1
2719730,168,2019-10-13 08:00:00,2,Jackson Heights,2173.0,464.0,2019,10,13,8,0,1
2720188,168,2019-10-13 12:00:00,2,Jackson Heights,3205.0,953.0,2019,10,13,12,0,1
2720652,168,2019-10-13 16:00:00,2,Jackson Heights,2604.0,1416.0,2019,10,13,16,0,1
2721110,168,2019-10-13 20:00:00,2,Jackson Heights,1369.0,1541.0,2019,10,13,20,0,1
2721574,168,2019-10-14 00:00:00,2,Jackson Heights,154.0,653.0,2019,10,14,0,1,1
2722037,168,2019-10-14 04:00:00,2,Jackson Heights,1804.0,163.0,2019,10,14,4,1,1
2722506,168,2019-10-14 08:00:00,2,Jackson Heights,4087.0,595.0,2019,10,14,8,1,1
2722975,168,2019-10-14 12:00:00,2,Jackson Heights,3391.0,1142.0,2019,10,14,12,1,1
2723444,168,2019-10-14 16:00:00,2,Jackson Heights,2808.0,2025.0,2019,10,14,16,1,1
2723913,168,2019-10-14 20:00:00,2,Jackson Heights,1949.0,2101.0,2019,10,14,20,1,1
2724367,168,2019-10-15 00:00:00,2,Jackson Heights,157.0,385.0,2019,10,15,0,0,1
2724824,168,2019-10-15 04:00:00,2,Jackson Heights,2401.0,198.0,2019,10,15,4,0,1
2725293,168,2019-10-15 08:00:00,2,Jackson Heights,5825.0,701.0,2019,10,15,8,0,1
2725762,168,2019-10-15 12:00:00,2,Jackson Heights,3741.0,1449.0,2019,10,15,12,0,1
2726231,168,2019-10-15 16:00:00,2,Jackson Heights,2830.0,2763.0,2019,10,15,16,0,1
2726700,168,2019-10-15 20:00:00,2,Jackson Heights,1939.0,2594.0,2019,10,15,20,0,1
2727154,168,2019-10-16 00:00:00,2,Jackson Heights,21.0,386.0,2019,10,16,0,0,1
2727597,168,2019-10-16 04:00:00,2,Jackson Heights,2876.0,236.0,2019,10,16,4,0,1
2728066,168,2019-10-16 08:00:00,2,Jackson Heights,5872.0,659.0,2019,10,16,8,0,1
2728535,168,2019-10-16 12:00:00,2,Jackson Heights,3730.0,1587.0,2019,10,16,12,0,1
2729004,168,2019-10-16 16:00:00,2,Jackson Heights,2611.0,2806.0,2019,10,16,16,0,1
2729473,168,2019-10-16 20:00:00,2,Jackson Heights,1681.0,2385.0,2019,10,16,20,0,1
2730367,168,2019-10-17 04:00:00,2,Jackson Heights,2805.0,249.0,2019,10,17,4,0,1
2730835,168,2019-10-17 08:00:00,2,Jackson Heights,5850.0,659.0,2019,10,17,8,0,1
2731304,168,2019-10-17 12:00:00,2,Jackson Heights,3881.0,1283.0,2019,10,17,12,0,1
2731773,168,2019-10-17 16:00:00,2,Jackson Heights,2960.0,2445.0,2019,10,17,16,0,1
2732242,168,2019-10-17 20:00:00,2,Jackson Heights,2002.0,2455.0,2019,10,17,20,0,1
2732696,168,2019-10-18 00:00:00,2,Jackson Heights,11.0,581.0,2019,10,18,0,0,1
2733147,168,2019-10-18 04:00:00,2,Jackson Heights,2342.0,255.0,2019,10,18,4,0,1
2733615,168,2019-10-18 08:00:00,2,Jackson Heights,5790.0,607.0,2019,10,18,8,0,1
2734084,168,2019-10-18 12:00:00,2,Jackson Heights,3738.0,1471.0,2019,10,18,12,0,1
2734553,168,2019-10-18 16:00:00,2,Jackson Heights,2958.0,2691.0,2019,10,18,16,0,1
2735022,168,2019-10-18 20:00:00,2,Jackson Heights,2153.0,2430.0,2019,10,18,20,0,1
2735491,168,2019-10-19 00:00:00,2,Jackson Heights,276.0,881.0,2019,10,19,0,0,1
2735959,168,2019-10-19 04:00:00,2,Jackson Heights,831.0,331.0,2019,10,19,4,0,1
2736421,168,2019-10-19 08:00:00,2,Jackson Heights,3123.0,525.0,2019,10,19,8,0,1
2736888,168,2019-10-19 12:00:00,2,Jackson Heights,3428.0,1051.0,2019,10,19,12,0,1
2737353,168,2019-10-19 16:00:00,2,Jackson Heights,2767.0,1432.0,2019,10,19,16,0,1
2737819,168,2019-10-19 20:00:00,2,Jackson Heights,1664.0,1403.0,2019,10,19,20,0,1
2738284,168,2019-10-20 00:00:00,2,Jackson Heights,403.0,805.0,2019,10,20,0,0,1
2738750,168,2019-10-20 04:00:00,2,Jackson Heights,531.0,313.0,2019,10,20,4,0,1
2739216,168,2019-10-20 08:00:00,2,Jackson Heights,2055.0,367.0,2019,10,20,8,0,1
2739681,168,2019-10-20 12:00:00,2,Jackson Heights,2798.0,909.0,2019,10,20,12,0,1
2740147,168,2019-10-20 16:00:00,2,Jackson Heights,2050.0,1330.0,2019,10,20,16,0,1
2740611,168,2019-10-20 20:00:00,2,Jackson Heights,1139.0,1196.0,2019,10,20,20,0,1
2741067,168,2019-10-21 00:00:00,2,Jackson Heights,33.0,285.0,2019,10,21,0,0,1
2741514,168,2019-10-21 04:00:00,2,Jackson Heights,2734.0,219.0,2019,10,21,4,0,1
2741983,168,2019-10-21 08:00:00,2,Jackson Heights,5760.0,681.0,2019,10,21,8,0,1
2742452,168,2019-10-21 12:00:00,2,Jackson Heights,3805.0,1248.0,2019,10,21,12,0,1
2742921,168,2019-10-21 16:00:00,2,Jackson Heights,2776.0,2456.0,2019,10,21,16,0,1
2743390,168,2019-10-21 20:00:00,2,Jackson Heights,1990.0,2468.0,2019,10,21,20,0,1
2743841,168,2019-10-22 00:00:00,2,Jackson Heights,82.0,570.0,2019,10,22,0,0,1
2744288,168,2019-10-22 04:00:00,2,Jackson Heights,2763.0,244.0,2019,10,22,4,0,1
2744756,168,2019-10-22 08:00:00,2,Jackson Heights,5830.0,693.0,2019,10,22,8,0,1
2745225,168,2019-10-22 12:00:00,2,Jackson Heights,3888.0,1218.0,2019,10,22,12,0,1
2745694,168,2019-10-22 16:00:00,2,Jackson Heights,2870.0,2526.0,2019,10,22,16,0,1
2746163,168,2019-10-22 20:00:00,2,Jackson Heights,1957.0,2500.0,2019,10,22,20,0,1
2746612,168,2019-10-23 00:00:00,2,Jackson Heights,28.0,512.0,2019,10,23,0,0,1
2747056,168,2019-10-23 04:00:00,2,Jackson Heights,2900.0,286.0,2019,10,23,4,0,1
2747524,168,2019-10-23 08:00:00,2,Jackson Heights,5981.0,639.0,2019,10,23,8,0,1
2747993,168,2019-10-23 12:00:00,2,Jackson Heights,3831.0,1218.0,2019,10,23,12,0,1
2748462,168,2019-10-23 16:00:00,2,Jackson Heights,2901.0,2535.0,2019,10,23,16,0,1
2748931,168,2019-10-23 20:00:00,2,Jackson Heights,2019.0,2603.0,2019,10,23,20,0,1
2749383,168,2019-10-24 00:00:00,2,Jackson Heights,10.0,313.0,2019,10,24,0,0,1
2749830,168,2019-10-24 04:00:00,2,Jackson Heights,2882.0,196.0,2019,10,24,4,0,1
2750298,168,2019-10-24 08:00:00,2,Jackson Heights,5987.0,642.0,2019,10,24,8,0,1
2750767,168,2019-10-24 12:00:00,2,Jackson Heights,3890.0,1249.0,2019,10,24,12,0,1
2751236,168,2019-10-24 16:00:00,2,Jackson Heights,2948.0,2571.0,2019,10,24,16,0,1
2751705,168,2019-10-24 20:00:00,2,Jackson Heights,2040.0,2569.0,2019,10,24,20,0,1
2752160,168,2019-10-25 00:00:00,2,Jackson Heights,24.0,317.0,2019,10,25,0,0,1
2752617,168,2019-10-25 04:00:00,2,Jackson Heights,2771.0,264.0,2019,10,25,4,0,1
2753086,168,2019-10-25 08:00:00,2,Jackson Heights,5844.0,551.0,2019,10,25,8,0,1
2753555,168,2019-10-25 12:00:00,2,Jackson Heights,3859.0,1218.0,2019,10,25,12,0,1
2754024,168,2019-10-25 16:00:00,2,Jackson Heights,3020.0,2289.0,2019,10,25,16,0,1
2754493,168,2019-10-25 20:00:00,2,Jackson Heights,2231.0,2411.0,2019,10,25,20,0,1
2754961,168,2019-10-26 00:00:00,2,Jackson Heights,356.0,813.0,2019,10,26,0,0,1
2755429,168,2019-10-26 04:00:00,2,Jackson Heights,817.0,292.0,2019,10,26,4,0,1
2755891,168,2019-10-26 08:00:00,2,Jackson Heights,3058.0,545.0,2019,10,26,8,0,1
2756358,168,2019-10-26 12:00:00,2,Jackson Heights,3383.0,1031.0,2019,10,26,12,0,1
2756822,168,2019-10-26 16:00:00,2,Jackson Heights,2758.0,1512.0,2019,10,26,16,0,1
2757289,168,2019-10-26 20:00:00,2,Jackson Heights,1676.0,1489.0,2019,10,26,20,0,1
2757754,168,2019-10-27 00:00:00,2,Jackson Heights,394.0,801.0,2019,10,27,0,0,1
2758219,168,2019-10-27 04:00:00,2,Jackson Heights,534.0,295.0,2019,10,27,4,0,1
2758685,168,2019-10-27 08:00:00,2,Jackson Heights,1870.0,402.0,2019,10,27,8,0,1
2759150,168,2019-10-27 12:00:00,2,Jackson Heights,2401.0,749.0,2019,10,27,12,0,1
2759617,168,2019-10-27 16:00:00,2,Jackson Heights,1919.0,1083.0,2019,10,27,16,0,1
2760078,168,2019-10-27 20:00:00,2,Jackson Heights,1284.0,1192.0,2019,10,27,20,0,1
2760536,168,2019-10-28 00:00:00,2,Jackson Heights,30.0,431.0,2019,10,28,0,0,1
2760978,168,2019-10-28 04:00:00,2,Jackson Heights,2373.0,188.0,2019,10,28,4,0,1
2761446,168,2019-10-28 08:00:00,2,Jackson Heights,5848.0,699.0,2019,10,28,8,0,1
2761915,168,2019-10-28 12:00:00,2,Jackson Heights,3726.0,1423.0,2019,10,28,12,0,1
2762384,168,2019-10-28 16:00:00,2,Jackson Heights,2775.0,2639.0,2019,10,28,16,0,1
2762853,168,2019-10-28 20:00:00,2,Jackson Heights,2122.0,2515.0,2019,10,28,20,0,1
2763307,168,2019-10-29 00:00:00,2,Jackson Heights,110.0,565.0,2019,10,29,0,0,1
2763754,168,2019-10-29 04:00:00,2,Jackson Heights,2394.0,260.0,2019,10,29,4,0,1
2764222,168,2019-10-29 08:00:00,2,Jackson Heights,5909.0,692.0,2019,10,29,8,0,1
2764691,168,2019-10-29 12:00:00,2,Jackson Heights,3703.0,1553.0,2019,10,29,12,0,1
2765160,168,2019-10-29 16:00:00,2,Jackson Heights,2763.0,2853.0,2019,10,29,16,0,1
2765629,168,2019-10-29 20:00:00,2,Jackson Heights,2021.0,2529.0,2019,10,29,20,0,1
2766085,168,2019-10-30 00:00:00,2,Jackson Heights,24.0,308.0,2019,10,30,0,0,1
2766536,168,2019-10-30 04:00:00,2,Jackson Heights,2880.0,249.0,2019,10,30,4,0,1
2767004,168,2019-10-30 08:00:00,2,Jackson Heights,5883.0,625.0,2019,10,30,8,0,1
2767473,168,2019-10-30 12:00:00,2,Jackson Heights,3735.0,1498.0,2019,10,30,12,0,1
2767942,168,2019-10-30 16:00:00,2,Jackson Heights,2864.0,2706.0,2019,10,30,16,0,1
2768411,168,2019-10-30 20:00:00,2,Jackson Heights,2029.0,2399.0,2019,10,30,20,0,1
2768866,168,2019-10-31 00:00:00,2,Jackson Heights,59.0,625.0,2019,10,31,0,0,1
2769320,168,2019-10-31 04:00:00,2,Jackson Heights,2679.0,268.0,2019,10,31,4,0,1
2769789,168,2019-10-31 08:00:00,2,Jackson Heights,5698.0,615.0,2019,10,31,8,0,1
2770258,168,2019-10-31 12:00:00,2,Jackson Heights,3670.0,1482.0,2019,10,31,12,0,1
2770727,168,2019-10-31 16:00:00,2,Jackson Heights,2851.0,2567.0,2019,10,31,16,0,1
2771196,168,2019-10-31 20:00:00,2,Jackson Heights,2229.0,2245.0,2019,10,31,20,0,1
2771655,168,2019-11-01 00:00:00,2,Jackson Heights,76.0,657.0,2019,11,1,0,0,1
2772113,168,2019-11-01 04:00:00,2,Jackson Heights,2790.0,314.0,2019,11,1,4,0,1
2772581,168,2019-11-01 08:00:00,2,Jackson Heights,5701.0,665.0,2019,11,1,8,0,1
2773050,168,2019-11-01 12:00:00,2,Jackson Heights,3643.0,1471.0,2019,11,1,12,0,1
2773519,168,2019-11-01 16:00:00,2,Jackson Heights,2977.0,2570.0,2019,11,1,16,0,1
2773988,168,2019-11-01 20:00:00,2,Jackson Heights,2266.0,2375.0,2019,11,1,20,0,1
2774457,168,2019-11-02 00:00:00,2,Jackson Heights,343.0,937.0,2019,11,2,0,0,1
2774922,168,2019-11-02 04:00:00,2,Jackson Heights,775.0,272.0,2019,11,2,4,0,1
2775388,168,2019-11-02 08:00:00,2,Jackson Heights,3101.0,544.0,2019,11,2,8,0,1
2775848,168,2019-11-02 12:00:00,2,Jackson Heights,3478.0,1040.0,2019,11,2,12,0,1
2776315,168,2019-11-02 16:00:00,2,Jackson Heights,2868.0,1489.0,2019,11,2,16,0,1
2776780,168,2019-11-02 20:00:00,2,Jackson Heights,1764.0,1488.0,2019,11,2,20,0,1
2777247,168,2019-11-03 00:00:00,2,Jackson Heights,433.0,845.0,2019,11,3,0,0,1
2777713,168,2019-11-03 04:00:00,2,Jackson Heights,520.0,211.0,2019,11,3,4,0,1
2778181,168,2019-11-03 08:00:00,2,Jackson Heights,2505.0,436.0,2019,11,3,8,0,1
2778643,168,2019-11-03 12:00:00,2,Jackson Heights,2984.0,856.0,2019,11,3,12,0,1
2779111,168,2019-11-03 16:00:00,2,Jackson Heights,2362.0,1259.0,2019,11,3,16,0,1
2779567,168,2019-11-03 20:00:00,2,Jackson Heights,1192.0,1157.0,2019,11,3,20,0,1
2780025,168,2019-11-04 00:00:00,2,Jackson Heights,122.0,563.0,2019,11,4,0,0,1
2780455,168,2019-11-04 04:00:00,2,Jackson Heights,2077.0,152.0,2019,11,4,4,0,1
2780907,168,2019-11-04 08:00:00,2,Jackson Heights,6678.0,851.0,2019,11,4,8,0,1
2781376,168,2019-11-04 12:00:00,2,Jackson Heights,3628.0,1132.0,2019,11,4,12,0,1
2781845,168,2019-11-04 16:00:00,2,Jackson Heights,3133.0,2831.0,2019,11,4,16,0,1
2782314,168,2019-11-04 20:00:00,2,Jackson Heights,1818.0,2371.0,2019,11,4,20,0,1
2782777,168,2019-11-05 00:00:00,2,Jackson Heights,165.0,775.0,2019,11,5,0,0,1
2783218,168,2019-11-05 04:00:00,2,Jackson Heights,1994.0,181.0,2019,11,5,4,0,1
2783675,168,2019-11-05 08:00:00,2,Jackson Heights,5761.0,758.0,2019,11,5,8,0,1
2784144,168,2019-11-05 12:00:00,2,Jackson Heights,3580.0,1170.0,2019,11,5,12,0,1
2784613,168,2019-11-05 16:00:00,2,Jackson Heights,3203.0,2653.0,2019,11,5,16,0,1
2785082,168,2019-11-05 20:00:00,2,Jackson Heights,1786.0,2219.0,2019,11,5,20,0,1
2785547,168,2019-11-06 00:00:00,2,Jackson Heights,149.0,887.0,2019,11,6,0,0,1
2785986,168,2019-11-06 04:00:00,2,Jackson Heights,2040.0,179.0,2019,11,6,4,0,1
2786442,168,2019-11-06 08:00:00,2,Jackson Heights,6778.0,767.0,2019,11,6,8,0,1
2786911,168,2019-11-06 12:00:00,2,Jackson Heights,3737.0,1065.0,2019,11,6,12,0,1
2787380,168,2019-11-06 16:00:00,2,Jackson Heights,3204.0,2771.0,2019,11,6,16,0,1
2787849,168,2019-11-06 20:00:00,2,Jackson Heights,1782.0,2329.0,2019,11,6,20,0,1
2788308,168,2019-11-07 00:00:00,2,Jackson Heights,155.0,883.0,2019,11,7,0,0,1
2788741,168,2019-11-07 04:00:00,2,Jackson Heights,2047.0,183.0,2019,11,7,4,0,1
2789197,168,2019-11-07 08:00:00,2,Jackson Heights,6834.0,815.0,2019,11,7,8,0,1
2789666,168,2019-11-07 12:00:00,2,Jackson Heights,3675.0,1139.0,2019,11,7,12,0,1
2790135,168,2019-11-07 16:00:00,2,Jackson Heights,3169.0,2879.0,2019,11,7,16,0,1
2790604,168,2019-11-07 20:00:00,2,Jackson Heights,1761.0,2132.0,2019,11,7,20,0,1
2791060,168,2019-11-08 00:00:00,2,Jackson Heights,105.0,802.0,2019,11,8,0,0,1
2791497,168,2019-11-08 04:00:00,2,Jackson Heights,2033.0,141.0,2019,11,8,4,0,1
2791956,168,2019-11-08 08:00:00,2,Jackson Heights,6553.0,769.0,2019,11,8,8,0,1
2792425,168,2019-11-08 12:00:00,2,Jackson Heights,3570.0,922.0,2019,11,8,12,0,1
2792893,168,2019-11-08 16:00:00,2,Jackson Heights,3217.0,2833.0,2019,11,8,16,0,1
2793362,168,2019-11-08 20:00:00,2,Jackson Heights,1974.0,2163.0,2019,11,8,20,0,1
2793831,168,2019-11-09 00:00:00,2,Jackson Heights,333.0,944.0,2019,11,9,0,0,1
2794298,168,2019-11-09 04:00:00,2,Jackson Heights,794.0,236.0,2019,11,9,4,0,1
2794762,168,2019-11-09 08:00:00,2,Jackson Heights,3399.0,541.0,2019,11,9,8,0,1
2795229,168,2019-11-09 12:00:00,2,Jackson Heights,3083.0,979.0,2019,11,9,12,0,1
2795694,168,2019-11-09 16:00:00,2,Jackson Heights,2797.0,1591.0,2019,11,9,16,0,1
2796161,168,2019-11-09 20:00:00,2,Jackson Heights,1544.0,1243.0,2019,11,9,20,0,1
2796627,168,2019-11-10 00:00:00,2,Jackson Heights,364.0,796.0,2019,11,10,0,0,1
2797096,168,2019-11-10 04:00:00,2,Jackson Heights,454.0,272.0,2019,11,10,4,0,1
2797563,168,2019-11-10 08:00:00,2,Jackson Heights,2353.0,392.0,2019,11,10,8,0,1
2798029,168,2019-11-10 12:00:00,2,Jackson Heights,2714.0,830.0,2019,11,10,12,0,1
2798495,168,2019-11-10 16:00:00,2,Jackson Heights,2300.0,1263.0,2019,11,10,16,0,1
2798960,168,2019-11-10 20:00:00,2,Jackson Heights,1206.0,1164.0,2019,11,10,20,0,1
2799423,168,2019-11-11 00:00:00,2,Jackson Heights,125.0,596.0,2019,11,11,0,1,1
2799874,168,2019-11-11 04:00:00,2,Jackson Heights,1787.0,147.0,2019,11,11,4,1,1
2800331,168,2019-11-11 08:00:00,2,Jackson Heights,5187.0,619.0,2019,11,11,8,1,1
2800800,168,2019-11-11 12:00:00,2,Jackson Heights,3494.0,1087.0,2019,11,11,12,1,1
2801269,168,2019-11-11 16:00:00,2,Jackson Heights,3133.0,2535.0,2019,11,11,16,1,1
2801738,168,2019-11-11 20:00:00,2,Jackson Heights,1758.0,2078.0,2019,11,11,20,1,1
2802197,168,2019-11-12 00:00:00,2,Jackson Heights,176.0,809.0,2019,11,12,0,0,1
2802630,168,2019-11-12 04:00:00,2,Jackson Heights,1875.0,171.0,2019,11,12,4,0,1
2803081,168,2019-11-12 08:00:00,2,Jackson Heights,6540.0,786.0,2019,11,12,8,0,1
2803550,168,2019-11-12 12:00:00,2,Jackson Heights,3665.0,1088.0,2019,11,12,12,0,1
2804019,168,2019-11-12 16:00:00,2,Jackson Heights,3036.0,2668.0,2019,11,12,16,0,1
2804488,168,2019-11-12 20:00:00,2,Jackson Heights,1629.0,2055.0,2019,11,12,20,0,1
2804942,168,2019-11-13 00:00:00,2,Jackson Heights,113.0,662.0,2019,11,13,0,0,1
2805371,168,2019-11-13 04:00:00,2,Jackson Heights,1922.0,150.0,2019,11,13,4,0,1
2805823,168,2019-11-13 08:00:00,2,Jackson Heights,6651.0,707.0,2019,11,13,8,0,1
2806292,168,2019-11-13 12:00:00,2,Jackson Heights,3593.0,958.0,2019,11,13,12,0,1
2806761,168,2019-11-13 16:00:00,2,Jackson Heights,3000.0,2748.0,2019,11,13,16,0,1
2807230,168,2019-11-13 20:00:00,2,Jackson Heights,1668.0,2133.0,2019,11,13,20,0,1
2807687,168,2019-11-14 00:00:00,2,Jackson Heights,114.0,806.0,2019,11,14,0,0,1
2808112,168,2019-11-14 04:00:00,2,Jackson Heights,2028.0,191.0,2019,11,14,4,0,1
2808561,168,2019-11-14 08:00:00,2,Jackson Heights,6705.0,782.0,2019,11,14,8,0,1
2809030,168,2019-11-14 12:00:00,2,Jackson Heights,3601.0,1059.0,2019,11,14,12,0,1
2809499,168,2019-11-14 16:00:00,2,Jackson Heights,3126.0,2847.0,2019,11,14,16,0,1
2809968,168,2019-11-14 20:00:00,2,Jackson Heights,1795.0,2191.0,2019,11,14,20,0,1
2810425,168,2019-11-15 00:00:00,2,Jackson Heights,142.0,842.0,2019,11,15,0,0,1
2810859,168,2019-11-15 04:00:00,2,Jackson Heights,1981.0,178.0,2019,11,15,4,0,1
2811317,168,2019-11-15 08:00:00,2,Jackson Heights,6558.0,787.0,2019,11,15,8,0,1
2811786,168,2019-11-15 12:00:00,2,Jackson Heights,3627.0,948.0,2019,11,15,12,0,1
2812255,168,2019-11-15 16:00:00,2,Jackson Heights,3299.0,2802.0,2019,11,15,16,0,1
2812724,168,2019-11-15 20:00:00,2,Jackson Heights,1941.0,2102.0,2019,11,15,20,0,1
2813193,168,2019-11-16 00:00:00,2,Jackson Heights,348.0,903.0,2019,11,16,0,0,1
2813660,168,2019-11-16 04:00:00,2,Jackson Heights,867.0,216.0,2019,11,16,4,0,1
2814122,168,2019-11-16 08:00:00,2,Jackson Heights,3409.0,635.0,2019,11,16,8,0,1
2814591,168,2019-11-16 12:00:00,2,Jackson Heights,3397.0,1071.0,2019,11,16,12,0,1
2815055,168,2019-11-16 16:00:00,2,Jackson Heights,2950.0,1786.0,2019,11,16,16,0,1
2815524,168,2019-11-16 20:00:00,2,Jackson Heights,1606.0,1390.0,2019,11,16,20,0,1
2815989,168,2019-11-17 00:00:00,2,Jackson Heights,341.0,788.0,2019,11,17,0,0,1
2816458,168,2019-11-17 04:00:00,2,Jackson Heights,438.0,232.0,2019,11,17,4,0,1
2816925,168,2019-11-17 08:00:00,2,Jackson Heights,2390.0,391.0,2019,11,17,8,0,1
2817391,168,2019-11-17 12:00:00,2,Jackson Heights,2816.0,790.0,2019,11,17,12,0,1
2817858,168,2019-11-17 16:00:00,2,Jackson Heights,2360.0,1387.0,2019,11,17,16,0,1
2818323,168,2019-11-17 20:00:00,2,Jackson Heights,1149.0,1205.0,2019,11,17,20,0,1
2818783,168,2019-11-18 00:00:00,2,Jackson Heights,114.0,524.0,2019,11,18,0,0,1
2819219,168,2019-11-18 04:00:00,2,Jackson Heights,1868.0,150.0,2019,11,18,4,0,1
2819672,168,2019-11-18 08:00:00,2,Jackson Heights,6538.0,733.0,2019,11,18,8,0,1
2820141,168,2019-11-18 12:00:00,2,Jackson Heights,3628.0,1093.0,2019,11,18,12,0,1
2820610,168,2019-11-18 16:00:00,2,Jackson Heights,3073.0,2790.0,2019,11,18,16,0,1
2821079,168,2019-11-18 20:00:00,2,Jackson Heights,1760.0,2177.0,2019,11,18,20,0,1
2821533,168,2019-11-19 00:00:00,2,Jackson Heights,159.0,584.0,2019,11,19,0,0,1
2821963,168,2019-11-19 04:00:00,2,Jackson Heights,1693.0,162.0,2019,11,19,4,0,1
2822417,168,2019-11-19 08:00:00,2,Jackson Heights,6719.0,788.0,2019,11,19,8,0,1
2822885,168,2019-11-19 12:00:00,2,Jackson Heights,3336.0,1306.0,2019,11,19,12,0,1
2823354,168,2019-11-19 16:00:00,2,Jackson Heights,3079.0,2841.0,2019,11,19,16,0,1
2823823,168,2019-11-19 20:00:00,2,Jackson Heights,1908.0,2284.0,2019,11,19,20,0,1
2824277,168,2019-11-20 00:00:00,2,Jackson Heights,209.0,618.0,2019,11,20,0,0,1
2824712,168,2019-11-20 04:00:00,2,Jackson Heights,1727.0,202.0,2019,11,20,4,0,1
2825164,168,2019-11-20 08:00:00,2,Jackson Heights,6694.0,763.0,2019,11,20,8,0,1
2825633,168,2019-11-20 12:00:00,2,Jackson Heights,3753.0,998.0,2019,11,20,12,0,1
2826102,168,2019-11-20 16:00:00,2,Jackson Heights,3165.0,2760.0,2019,11,20,16,0,1
2826571,168,2019-11-20 20:00:00,2,Jackson Heights,1736.0,2174.0,2019,11,20,20,0,1
2827031,168,2019-11-21 00:00:00,2,Jackson Heights,141.0,853.0,2019,11,21,0,0,1
2827466,168,2019-11-21 04:00:00,2,Jackson Heights,1973.0,213.0,2019,11,21,4,0,1
2827921,168,2019-11-21 08:00:00,2,Jackson Heights,6727.0,682.0,2019,11,21,8,0,1
2828390,168,2019-11-21 12:00:00,2,Jackson Heights,3359.0,1374.0,2019,11,21,12,0,1
2828859,168,2019-11-21 16:00:00,2,Jackson Heights,3146.0,2938.0,2019,11,21,16,0,1
2829328,168,2019-11-21 20:00:00,2,Jackson Heights,1849.0,2228.0,2019,11,21,20,0,1
2829789,168,2019-11-22 00:00:00,2,Jackson Heights,174.0,735.0,2019,11,22,0,0,1
2830227,168,2019-11-22 04:00:00,2,Jackson Heights,1929.0,186.0,2019,11,22,4,0,1
2830681,168,2019-11-22 08:00:00,2,Jackson Heights,6517.0,773.0,2019,11,22,8,0,1
2831150,168,2019-11-22 12:00:00,2,Jackson Heights,3366.0,1652.0,2019,11,22,12,0,1
2831619,168,2019-11-22 16:00:00,2,Jackson Heights,3178.0,2666.0,2019,11,22,16,0,1
2832088,168,2019-11-22 20:00:00,2,Jackson Heights,1990.0,1990.0,2019,11,22,20,0,1
2832557,168,2019-11-23 00:00:00,2,Jackson Heights,384.0,943.0,2019,11,23,0,0,1
2833023,168,2019-11-23 04:00:00,2,Jackson Heights,609.0,272.0,2019,11,23,4,0,1
2833487,168,2019-11-23 08:00:00,2,Jackson Heights,3340.0,682.0,2019,11,23,8,0,1
2833953,168,2019-11-23 12:00:00,2,Jackson Heights,3254.0,1080.0,2019,11,23,12,0,1
2834418,168,2019-11-23 16:00:00,2,Jackson Heights,2969.0,1780.0,2019,11,23,16,0,1
2834884,168,2019-11-23 20:00:00,2,Jackson Heights,1663.0,1431.0,2019,11,23,20,0,1
2835349,168,2019-11-24 00:00:00,2,Jackson Heights,378.0,801.0,2019,11,24,0,0,1
2835817,168,2019-11-24 04:00:00,2,Jackson Heights,458.0,233.0,2019,11,24,4,0,1
2836283,168,2019-11-24 08:00:00,2,Jackson Heights,2220.0,427.0,2019,11,24,8,0,1
2836748,168,2019-11-24 12:00:00,2,Jackson Heights,2502.0,887.0,2019,11,24,12,0,1
2837215,168,2019-11-24 16:00:00,2,Jackson Heights,2228.0,1379.0,2019,11,24,16,0,1
2837680,168,2019-11-24 20:00:00,2,Jackson Heights,1163.0,1159.0,2019,11,24,20,0,1
2838137,168,2019-11-25 00:00:00,2,Jackson Heights,76.0,482.0,2019,11,25,0,0,1
2838575,168,2019-11-25 04:00:00,2,Jackson Heights,1922.0,128.0,2019,11,25,4,0,1
2839025,168,2019-11-25 08:00:00,2,Jackson Heights,6594.0,738.0,2019,11,25,8,0,1
2839494,168,2019-11-25 12:00:00,2,Jackson Heights,3766.0,957.0,2019,11,25,12,0,1
2839963,168,2019-11-25 16:00:00,2,Jackson Heights,3120.0,2787.0,2019,11,25,16,0,1
2840432,168,2019-11-25 20:00:00,2,Jackson Heights,1843.0,2168.0,2019,11,25,20,0,1
2840893,168,2019-11-26 00:00:00,2,Jackson Heights,197.0,760.0,2019,11,26,0,0,1
2841330,168,2019-11-26 04:00:00,2,Jackson Heights,1970.0,158.0,2019,11,26,4,0,1
2841789,168,2019-11-26 08:00:00,2,Jackson Heights,6705.0,728.0,2019,11,26,8,0,1
2842258,168,2019-11-26 12:00:00,2,Jackson Heights,3725.0,1008.0,2019,11,26,12,0,1
2842727,168,2019-11-26 16:00:00,2,Jackson Heights,3136.0,2741.0,2019,11,26,16,0,1
2843196,168,2019-11-26 20:00:00,2,Jackson Heights,1902.0,2256.0,2019,11,26,20,0,1
2843660,168,2019-11-27 00:00:00,2,Jackson Heights,234.0,811.0,2019,11,27,0,0,1
2844113,168,2019-11-27 04:00:00,2,Jackson Heights,1882.0,191.0,2019,11,27,4,0,1
2844575,168,2019-11-27 08:00:00,2,Jackson Heights,6444.0,750.0,2019,11,27,8,0,1
2845044,168,2019-11-27 12:00:00,2,Jackson Heights,3766.0,1135.0,2019,11,27,12,0,1
2845513,168,2019-11-27 16:00:00,2,Jackson Heights,3250.0,2656.0,2019,11,27,16,0,1
2845982,168,2019-11-27 20:00:00,2,Jackson Heights,1936.0,2055.0,2019,11,27,20,0,1
2846451,168,2019-11-28 00:00:00,2,Jackson Heights,364.0,853.0,2019,11,28,0,1,1
2846919,168,2019-11-28 04:00:00,2,Jackson Heights,627.0,205.0,2019,11,28,4,1,1
2847385,168,2019-11-28 08:00:00,2,Jackson Heights,2120.0,431.0,2019,11,28,8,1,1
2847854,168,2019-11-28 12:00:00,2,Jackson Heights,2416.0,950.0,2019,11,28,12,1,1
2848323,168,2019-11-28 16:00:00,2,Jackson Heights,2154.0,1350.0,2019,11,28,16,1,1
2848792,168,2019-11-28 20:00:00,2,Jackson Heights,1295.0,979.0,2019,11,28,20,1,1
2849261,168,2019-11-29 00:00:00,2,Jackson Heights,297.0,465.0,2019,11,29,0,0,1
2849729,168,2019-11-29 04:00:00,2,Jackson Heights,1077.0,162.0,2019,11,29,4,0,1
2850198,168,2019-11-29 08:00:00,2,Jackson Heights,3489.0,442.0,2019,11,29,8,0,1
2850667,168,2019-11-29 12:00:00,2,Jackson Heights,3017.0,835.0,2019,11,29,12,0,1
2851136,168,2019-11-29 16:00:00,2,Jackson Heights,3014.0,1824.0,2019,11,29,16,0,1
2851605,168,2019-11-29 20:00:00,2,Jackson Heights,1622.0,1643.0,2019,11,29,20,0,1
2852074,168,2019-11-30 00:00:00,2,Jackson Heights,332.0,788.0,2019,11,30,0,0,1
2852541,168,2019-11-30 04:00:00,2,Jackson Heights,690.0,208.0,2019,11,30,4,0,1
2853009,168,2019-11-30 08:00:00,2,Jackson Heights,2809.0,504.0,2019,11,30,8,0,1
2853478,168,2019-11-30 12:00:00,2,Jackson Heights,3284.0,1062.0,2019,11,30,12,0,1
2853946,168,2019-11-30 16:00:00,2,Jackson Heights,2616.0,1392.0,2019,11,30,16,0,1
2854415,168,2019-11-30 20:00:00,2,Jackson Heights,1372.0,1195.0,2019,11,30,20,0,1
2854883,168,2019-12-01 00:00:00,2,Jackson Heights,375.0,725.0,2019,12,1,0,0,1
2855351,168,2019-12-01 04:00:00,2,Jackson Heights,376.0,182.0,2019,12,1,4,0,1
2855817,168,2019-12-01 08:00:00,2,Jackson Heights,2110.0,372.0,2019,12,1,8,0,1
2856286,168,2019-12-01 12:00:00,2,Jackson Heights,2430.0,729.0,2019,12,1,12,0,1
2856754,168,2019-12-01 16:00:00,2,Jackson Heights,1831.0,999.0,2019,12,1,16,0,1
2857222,168,2019-12-01 20:00:00,2,Jackson Heights,899.0,855.0,2019,12,1,20,0,1
2857681,168,2019-12-02 00:00:00,2,Jackson Heights,61.0,377.0,2019,12,2,0,0,1
2858121,168,2019-12-02 04:00:00,2,Jackson Heights,1314.0,109.0,2019,12,2,4,0,1
2858574,168,2019-12-02 08:00:00,2,Jackson Heights,6263.0,681.0,2019,12,2,8,0,1
2859043,168,2019-12-02 12:00:00,2,Jackson Heights,3501.0,1168.0,2019,12,2,12,0,1
2859512,168,2019-12-02 16:00:00,2,Jackson Heights,2706.0,2522.0,2019,12,2,16,0,1
2859981,168,2019-12-02 20:00:00,2,Jackson Heights,1535.0,1786.0,2019,12,2,20,0,1
2860440,168,2019-12-03 00:00:00,2,Jackson Heights,140.0,714.0,2019,12,3,0,0,1
2860874,168,2019-12-03 04:00:00,2,Jackson Heights,1624.0,146.0,2019,12,3,4,0,1
2861331,168,2019-12-03 08:00:00,2,Jackson Heights,6622.0,727.0,2019,12,3,8,0,1
2861800,168,2019-12-03 12:00:00,2,Jackson Heights,3712.0,965.0,2019,12,3,12,0,1
2862269,168,2019-12-03 16:00:00,2,Jackson Heights,3113.0,2756.0,2019,12,3,16,0,1
2862738,168,2019-12-03 20:00:00,2,Jackson Heights,1754.0,2193.0,2019,12,3,20,0,1
2863198,168,2019-12-04 00:00:00,2,Jackson Heights,149.0,599.0,2019,12,4,0,0,1
2863639,168,2019-12-04 04:00:00,2,Jackson Heights,1676.0,178.0,2019,12,4,4,0,1
2864097,168,2019-12-04 08:00:00,2,Jackson Heights,6728.0,730.0,2019,12,4,8,0,1
2864566,168,2019-12-04 12:00:00,2,Jackson Heights,3676.0,936.0,2019,12,4,12,0,1
2865035,168,2019-12-04 16:00:00,2,Jackson Heights,3149.0,2759.0,2019,12,4,16,0,1
2865504,168,2019-12-04 20:00:00,2,Jackson Heights,1819.0,2169.0,2019,12,4,20,0,1
2865967,168,2019-12-05 00:00:00,2,Jackson Heights,125.0,815.0,2019,12,5,0,0,1
2866406,168,2019-12-05 04:00:00,2,Jackson Heights,1989.0,212.0,2019,12,5,4,0,1
2866863,168,2019-12-05 08:00:00,2,Jackson Heights,6691.0,752.0,2019,12,5,8,0,1
2867332,168,2019-12-05 12:00:00,2,Jackson Heights,3698.0,964.0,2019,12,5,12,0,1
2867801,168,2019-12-05 16:00:00,2,Jackson Heights,3123.0,2771.0,2019,12,5,16,0,1
2868270,168,2019-12-05 20:00:00,2,Jackson Heights,1735.0,2188.0,2019,12,5,20,0,1
2868732,168,2019-12-06 00:00:00,2,Jackson Heights,145.0,826.0,2019,12,6,0,0,1
2869178,168,2019-12-06 04:00:00,2,Jackson Heights,1913.0,215.0,2019,12,6,4,0,1
2869637,168,2019-12-06 08:00:00,2,Jackson Heights,6523.0,794.0,2019,12,6,8,0,1
2870106,168,2019-12-06 12:00:00,2,Jackson Heights,3597.0,989.0,2019,12,6,12,0,1
2870575,168,2019-12-06 16:00:00,2,Jackson Heights,3293.0,2597.0,2019,12,6,16,0,1
2871044,168,2019-12-06 20:00:00,2,Jackson Heights,1978.0,2043.0,2019,12,6,20,0,1
2871513,168,2019-12-07 00:00:00,2,Jackson Heights,405.0,1013.0,2019,12,7,0,0,1
2871980,168,2019-12-07 04:00:00,2,Jackson Heights,817.0,252.0,2019,12,7,4,0,1
2872445,168,2019-12-07 08:00:00,2,Jackson Heights,3454.0,632.0,2019,12,7,8,0,1
2872906,168,2019-12-07 12:00:00,2,Jackson Heights,3042.0,1377.0,2019,12,7,12,0,1
2873369,168,2019-12-07 16:00:00,2,Jackson Heights,3025.0,1772.0,2019,12,7,16,0,1
2873831,168,2019-12-07 20:00:00,2,Jackson Heights,1749.0,1385.0,2019,12,7,20,0,1
2874294,168,2019-12-08 00:00:00,2,Jackson Heights,399.0,814.0,2019,12,8,0,0,1
2874757,168,2019-12-08 04:00:00,2,Jackson Heights,451.0,206.0,2019,12,8,4,0,1
2875222,168,2019-12-08 08:00:00,2,Jackson Heights,2346.0,415.0,2019,12,8,8,0,1
2875678,168,2019-12-08 12:00:00,2,Jackson Heights,2750.0,804.0,2019,12,8,12,0,1
2876142,168,2019-12-08 16:00:00,2,Jackson Heights,2500.0,1348.0,2019,12,8,16,0,1
2876599,168,2019-12-08 20:00:00,2,Jackson Heights,1235.0,1199.0,2019,12,8,20,0,1
2877060,168,2019-12-09 00:00:00,2,Jackson Heights,155.0,525.0,2019,12,9,0,0,1
2877501,168,2019-12-09 04:00:00,2,Jackson Heights,1755.0,160.0,2019,12,9,4,0,1
2877956,168,2019-12-09 08:00:00,2,Jackson Heights,6349.0,697.0,2019,12,9,8,0,1
2878425,168,2019-12-09 12:00:00,2,Jackson Heights,3595.0,1122.0,2019,12,9,12,0,1
2878894,168,2019-12-09 16:00:00,2,Jackson Heights,2947.0,2647.0,2019,12,9,16,0,1
2879363,168,2019-12-09 20:00:00,2,Jackson Heights,1644.0,2106.0,2019,12,9,20,0,1
2879823,168,2019-12-10 00:00:00,2,Jackson Heights,152.0,700.0,2019,12,10,0,0,1
2880255,168,2019-12-10 04:00:00,2,Jackson Heights,1899.0,165.0,2019,12,10,4,0,1
2880710,168,2019-12-10 08:00:00,2,Jackson Heights,6596.0,707.0,2019,12,10,8,0,1
2881179,168,2019-12-10 12:00:00,2,Jackson Heights,3683.0,1051.0,2019,12,10,12,0,1
2881648,168,2019-12-10 16:00:00,2,Jackson Heights,3053.0,2777.0,2019,12,10,16,0,1
2882117,168,2019-12-10 20:00:00,2,Jackson Heights,1746.0,2139.0,2019,12,10,20,0,1
2882579,168,2019-12-11 00:00:00,2,Jackson Heights,177.0,865.0,2019,12,11,0,0,1
2883020,168,2019-12-11 04:00:00,2,Jackson Heights,1837.0,181.0,2019,12,11,4,0,1
2883474,168,2019-12-11 08:00:00,2,Jackson Heights,6547.0,748.0,2019,12,11,8,0,1
2883943,168,2019-12-11 12:00:00,2,Jackson Heights,3665.0,1012.0,2019,12,11,12,0,1
2884412,168,2019-12-11 16:00:00,2,Jackson Heights,3125.0,2603.0,2019,12,11,16,0,1
2884881,168,2019-12-11 20:00:00,2,Jackson Heights,1783.0,2034.0,2019,12,11,20,0,1
2885344,168,2019-12-12 00:00:00,2,Jackson Heights,156.0,852.0,2019,12,12,0,0,1
2885785,168,2019-12-12 04:00:00,2,Jackson Heights,1948.0,223.0,2019,12,12,4,0,1
2886240,168,2019-12-12 08:00:00,2,Jackson Heights,6536.0,753.0,2019,12,12,8,0,1
2886709,168,2019-12-12 12:00:00,2,Jackson Heights,3603.0,938.0,2019,12,12,12,0,1
2887177,168,2019-12-12 16:00:00,2,Jackson Heights,2853.0,2551.0,2019,12,12,16,0,1
2887646,168,2019-12-12 20:00:00,2,Jackson Heights,1639.0,2060.0,2019,12,12,20,0,1
2888109,168,2019-12-13 00:00:00,2,Jackson Heights,185.0,630.0,2019,12,13,0,0,1
2888561,168,2019-12-13 04:00:00,2,Jackson Heights,1230.0,210.0,2019,12,13,4,0,1
2889022,168,2019-12-13 08:00:00,2,Jackson Heights,6332.0,710.0,2019,12,13,8,0,1
2889491,168,2019-12-13 12:00:00,2,Jackson Heights,3564.0,907.0,2019,12,13,12,0,1
2889960,168,2019-12-13 16:00:00,2,Jackson Heights,3168.0,2563.0,2019,12,13,16,0,1
2890429,168,2019-12-13 20:00:00,2,Jackson Heights,1845.0,1980.0,2019,12,13,20,0,1
2890898,168,2019-12-14 00:00:00,2,Jackson Heights,338.0,926.0,2019,12,14,0,0,1
2891366,168,2019-12-14 04:00:00,2,Jackson Heights,695.0,201.0,2019,12,14,4,0,1
2891832,168,2019-12-14 08:00:00,2,Jackson Heights,3299.0,533.0,2019,12,14,8,0,1
2892301,168,2019-12-14 12:00:00,2,Jackson Heights,3335.0,1092.0,2019,12,14,12,0,1
2892768,168,2019-12-14 16:00:00,2,Jackson Heights,3106.0,1619.0,2019,12,14,16,0,1
2893237,168,2019-12-14 20:00:00,2,Jackson Heights,1666.0,1404.0,2019,12,14,20,0,1
2893706,168,2019-12-15 00:00:00,2,Jackson Heights,394.0,886.0,2019,12,15,0,0,1
2894175,168,2019-12-15 04:00:00,2,Jackson Heights,448.0,227.0,2019,12,15,4,0,1
2894644,168,2019-12-15 08:00:00,2,Jackson Heights,2401.0,367.0,2019,12,15,8,0,1
2895113,168,2019-12-15 12:00:00,2,Jackson Heights,2916.0,917.0,2019,12,15,12,0,1
2895582,168,2019-12-15 16:00:00,2,Jackson Heights,2466.0,1315.0,2019,12,15,16,0,1
2896051,168,2019-12-15 20:00:00,2,Jackson Heights,1241.0,1229.0,2019,12,15,20,0,1
2896513,168,2019-12-16 00:00:00,2,Jackson Heights,134.0,405.0,2019,12,16,0,0,1
2896954,168,2019-12-16 04:00:00,2,Jackson Heights,1634.0,131.0,2019,12,16,4,0,1
2897410,168,2019-12-16 08:00:00,2,Jackson Heights,6307.0,684.0,2019,12,16,8,0,1
2897879,168,2019-12-16 12:00:00,2,Jackson Heights,3366.0,1399.0,2019,12,16,12,0,1
2898348,168,2019-12-16 16:00:00,2,Jackson Heights,3057.0,2699.0,2019,12,16,16,0,1
2898816,168,2019-12-16 20:00:00,2,Jackson Heights,1921.0,2069.0,2019,12,16,20,0,1
2899278,168,2019-12-17 00:00:00,2,Jackson Heights,190.0,565.0,2019,12,17,0,0,1
2899713,168,2019-12-17 04:00:00,2,Jackson Heights,1755.0,143.0,2019,12,17,4,0,1
2900171,168,2019-12-17 08:00:00,2,Jackson Heights,6238.0,693.0,2019,12,17,8,0,1
2900640,168,2019-12-17 12:00:00,2,Jackson Heights,3531.0,895.0,2019,12,17,12,0,1
2901109,168,2019-12-17 16:00:00,2,Jackson Heights,3038.0,2493.0,2019,12,17,16,0,1
2901578,168,2019-12-17 20:00:00,2,Jackson Heights,1733.0,2010.0,2019,12,17,20,0,1
2902040,168,2019-12-18 00:00:00,2,Jackson Heights,161.0,547.0,2019,12,18,0,0,1
2902479,168,2019-12-18 04:00:00,2,Jackson Heights,1607.0,154.0,2019,12,18,4,0,1
2902937,168,2019-12-18 08:00:00,2,Jackson Heights,6516.0,756.0,2019,12,18,8,0,1
2903406,168,2019-12-18 12:00:00,2,Jackson Heights,3416.0,1392.0,2019,12,18,12,0,1
2903875,168,2019-12-18 16:00:00,2,Jackson Heights,2994.0,2693.0,2019,12,18,16,0,1
2904344,168,2019-12-18 20:00:00,2,Jackson Heights,1653.0,1970.0,2019,12,18,20,0,1
2904809,168,2019-12-19 00:00:00,2,Jackson Heights,164.0,677.0,2019,12,19,0,0,1
2905250,168,2019-12-19 04:00:00,2,Jackson Heights,1839.0,165.0,2019,12,19,4,0,1
2905707,168,2019-12-19 08:00:00,2,Jackson Heights,6149.0,616.0,2019,12,19,8,0,1
2906176,168,2019-12-19 12:00:00,2,Jackson Heights,3174.0,1233.0,2019,12,19,12,0,1
2906645,168,2019-12-19 16:00:00,2,Jackson Heights,2977.0,2641.0,2019,12,19,16,0,1
2907114,168,2019-12-19 20:00:00,2,Jackson Heights,1769.0,1930.0,2019,12,19,20,0,1
2907577,168,2019-12-20 00:00:00,2,Jackson Heights,169.0,767.0,2019,12,20,0,0,1
2908028,168,2019-12-20 04:00:00,2,Jackson Heights,1767.0,204.0,2019,12,20,4,0,1
2908485,168,2019-12-20 08:00:00,2,Jackson Heights,6118.0,668.0,2019,12,20,8,0,1
2908954,168,2019-12-20 12:00:00,2,Jackson Heights,3255.0,1389.0,2019,12,20,12,0,1
2909423,168,2019-12-20 16:00:00,2,Jackson Heights,3315.0,2690.0,2019,12,20,16,0,1
2909892,168,2019-12-20 20:00:00,2,Jackson Heights,2013.0,1987.0,2019,12,20,20,0,1
2910361,168,2019-12-21 00:00:00,2,Jackson Heights,376.0,904.0,2019,12,21,0,0,1
2910829,168,2019-12-21 04:00:00,2,Jackson Heights,740.0,225.0,2019,12,21,4,0,1
2911297,168,2019-12-21 08:00:00,2,Jackson Heights,3256.0,592.0,2019,12,21,8,0,1
2911765,168,2019-12-21 12:00:00,2,Jackson Heights,3230.0,1103.0,2019,12,21,12,0,1
2912228,168,2019-12-21 16:00:00,2,Jackson Heights,3149.0,1652.0,2019,12,21,16,0,1
2912695,168,2019-12-21 20:00:00,2,Jackson Heights,1702.0,1463.0,2019,12,21,20,0,1
2913156,168,2019-12-22 00:00:00,2,Jackson Heights,431.0,805.0,2019,12,22,0,0,1
2913625,168,2019-12-22 04:00:00,2,Jackson Heights,446.0,177.0,2019,12,22,4,0,1
2914093,168,2019-12-22 08:00:00,2,Jackson Heights,2353.0,440.0,2019,12,22,8,0,1
2914561,168,2019-12-22 12:00:00,2,Jackson Heights,2958.0,873.0,2019,12,22,12,0,1
2915029,168,2019-12-22 16:00:00,2,Jackson Heights,2788.0,1525.0,2019,12,22,16,0,1
2915490,168,2019-12-22 20:00:00,2,Jackson Heights,1506.0,1449.0,2019,12,22,20,0,1
2915956,168,2019-12-23 00:00:00,2,Jackson Heights,210.0,605.0,2019,12,23,0,0,1
2916415,168,2019-12-23 04:00:00,2,Jackson Heights,1777.0,177.0,2019,12,23,4,0,1
2916879,168,2019-12-23 08:00:00,2,Jackson Heights,4876.0,650.0,2019,12,23,8,0,1
2917348,168,2019-12-23 12:00:00,2,Jackson Heights,4424.0,1685.0,2019,12,23,12,0,1
2917817,168,2019-12-23 16:00:00,2,Jackson Heights,2754.0,2403.0,2019,12,23,16,0,1
2918286,168,2019-12-23 20:00:00,2,Jackson Heights,1831.0,2063.0,2019,12,23,20,0,1
2918755,168,2019-12-24 00:00:00,2,Jackson Heights,321.0,676.0,2019,12,24,0,0,1
2919221,168,2019-12-24 04:00:00,2,Jackson Heights,1064.0,155.0,2019,12,24,4,0,1
2919688,168,2019-12-24 08:00:00,2,Jackson Heights,3982.0,628.0,2019,12,24,8,0,1
2920157,168,2019-12-24 12:00:00,2,Jackson Heights,3253.0,1189.0,2019,12,24,12,0,1
2920626,168,2019-12-24 16:00:00,2,Jackson Heights,2742.0,2098.0,2019,12,24,16,0,1
2921095,168,2019-12-24 20:00:00,2,Jackson Heights,1581.0,1594.0,2019,12,24,20,0,1
2921564,168,2019-12-25 00:00:00,2,Jackson Heights,492.0,652.0,2019,12,25,0,1,1
2922033,168,2019-12-25 04:00:00,2,Jackson Heights,358.0,201.0,2019,12,25,4,1,1
2922502,168,2019-12-25 08:00:00,2,Jackson Heights,1070.0,260.0,2019,12,25,8,1,1
2922971,168,2019-12-25 12:00:00,2,Jackson Heights,1884.0,534.0,2019,12,25,12,1,1
2923440,168,2019-12-25 16:00:00,2,Jackson Heights,2253.0,1084.0,2019,12,25,16,1,1
2923909,168,2019-12-25 20:00:00,2,Jackson Heights,1258.0,1009.0,2019,12,25,20,1,1
2924377,168,2019-12-26 00:00:00,2,Jackson Heights,154.0,426.0,2019,12,26,0,0,1
2924841,168,2019-12-26 04:00:00,2,Jackson Heights,1508.0,121.0,2019,12,26,4,0,1
2925309,168,2019-12-26 08:00:00,2,Jackson Heights,4273.0,570.0,2019,12,26,8,0,1
2925778,168,2019-12-26 12:00:00,2,Jackson Heights,3105.0,1212.0,2019,12,26,12,0,1
2926247,168,2019-12-26 16:00:00,2,Jackson Heights,3049.0,2254.0,2019,12,26,16,0,1
2926716,168,2019-12-26 20:00:00,2,Jackson Heights,1700.0,1900.0,2019,12,26,20,0,1
2927183,168,2019-12-27 00:00:00,2,Jackson Heights,182.0,799.0,2019,12,27,0,0,1
2927646,168,2019-12-27 04:00:00,2,Jackson Heights,1292.0,169.0,2019,12,27,4,0,1
2928115,168,2019-12-27 08:00:00,2,Jackson Heights,4576.0,689.0,2019,12,27,8,0,1
2928584,168,2019-12-27 12:00:00,2,Jackson Heights,2045.0,511.0,2019,12,27,12,0,1
2929053,168,2019-12-27 16:00:00,2,Jackson Heights,3232.0,2118.0,2019,12,27,16,0,1
2929522,168,2019-12-27 20:00:00,2,Jackson Heights,1894.0,1909.0,2019,12,27,20,0,1
2929991,168,2019-12-28 00:00:00,2,Jackson Heights,371.0,843.0,2019,12,28,0,0,1
2930457,168,2019-12-28 04:00:00,2,Jackson Heights,736.0,286.0,2019,12,28,4,0,1
2930923,168,2019-12-28 08:00:00,2,Jackson Heights,2876.0,512.0,2019,12,28,8,0,1
2931390,168,2019-12-28 12:00:00,2,Jackson Heights,3065.0,945.0,2019,12,28,12,0,1
2931858,168,2019-12-28 16:00:00,2,Jackson Heights,3073.0,1507.0,2019,12,28,16,0,1
2932325,168,2019-12-28 20:00:00,2,Jackson Heights,1678.0,1391.0,2019,12,28,20,0,1
2932794,168,2019-12-29 00:00:00,2,Jackson Heights,409.0,771.0,2019,12,29,0,0,1
2933259,168,2019-12-29 04:00:00,2,Jackson Heights,434.0,190.0,2019,12,29,4,0,1
2933725,168,2019-12-29 08:00:00,2,Jackson Heights,2090.0,348.0,2019,12,29,8,0,1
2934192,168,2019-12-29 12:00:00,2,Jackson Heights,2612.0,804.0,2019,12,29,12,0,1
2934659,168,2019-12-29 16:00:00,2,Jackson Heights,2215.0,1234.0,2019,12,29,16,0,1
2935128,168,2019-12-29 20:00:00,2,Jackson Heights,1110.0,1058.0,2019,12,29,20,0,1
2935590,168,2019-12-30 00:00:00,2,Jackson Heights,143.0,524.0,2019,12,30,0,0,1
2936046,168,2019-12-30 04:00:00,2,Jackson Heights,1534.0,132.0,2019,12,30,4,0,1
2936510,168,2019-12-30 08:00:00,2,Jackson Heights,4444.0,568.0,2019,12,30,8,0,1
2936979,168,2019-12-30 12:00:00,2,Jackson Heights,3241.0,1024.0,2019,12,30,12,0,1
2937448,168,2019-12-30 16:00:00,2,Jackson Heights,2923.0,1897.0,2019,12,30,16,0,1
2937917,168,2019-12-30 20:00:00,2,Jackson Heights,1709.0,1698.0,2019,12,30,20,0,1
2938385,168,2019-12-31 00:00:00,2,Jackson Heights,247.0,787.0,2019,12,31,0,0,1
2938849,168,2019-12-31 04:00:00,2,Jackson Heights,1362.0,154.0,2019,12,31,4,0,1
2939318,168,2019-12-31 08:00:00,2,Jackson Heights,3950.0,583.0,2019,12,31,8,0,1
2939787,168,2019-12-31 12:00:00,2,Jackson Heights,2919.0,771.0,2019,12,31,12,0,1
2940256,168,2019-12-31 16:00:00,2,Jackson Heights,2582.0,1824.0,2019,12,31,16,0,1
2940724,168,2019-12-31 20:00:00,2,Jackson Heights,1911.0,1443.0,2019,12,31,20,0,1
2941193,168,2020-01-01 00:00:00,2,Jackson Heights,562.0,771.0,2020,1,1,0,1,1
2941662,168,2020-01-01 04:00:00,2,Jackson Heights,439.0,279.0,2020,1,1,4,1,1
2942131,168,2020-01-01 08:00:00,2,Jackson Heights,1299.0,274.0,2020,1,1,8,1,1
2942600,168,2020-01-01 12:00:00,2,Jackson Heights,1825.0,528.0,2020,1,1,12,1,1
2943069,168,2020-01-01 16:00:00,2,Jackson Heights,2023.0,1011.0,2020,1,1,16,1,1
2943538,168,2020-01-01 20:00:00,2,Jackson Heights,1031.0,1030.0,2020,1,1,20,1,1
2944004,168,2020-01-02 00:00:00,2,Jackson Heights,81.0,460.0,2020,1,2,0,0,1
2944450,168,2020-01-02 04:00:00,2,Jackson Heights,1412.0,117.0,2020,1,2,4,0,1
2944911,168,2020-01-02 08:00:00,2,Jackson Heights,5488.0,687.0,2020,1,2,8,0,1
2945380,168,2020-01-02 12:00:00,2,Jackson Heights,3371.0,935.0,2020,1,2,12,0,1
2945849,168,2020-01-02 16:00:00,2,Jackson Heights,2908.0,2484.0,2020,1,2,16,0,1
2946318,168,2020-01-02 20:00:00,2,Jackson Heights,1638.0,2011.0,2020,1,2,20,0,1
2946784,168,2020-01-03 00:00:00,2,Jackson Heights,166.0,553.0,2020,1,3,0,0,1
2947235,168,2020-01-03 04:00:00,2,Jackson Heights,1406.0,155.0,2020,1,3,4,0,1
2947696,168,2020-01-03 08:00:00,2,Jackson Heights,5759.0,757.0,2020,1,3,8,0,1
2948165,168,2020-01-03 12:00:00,2,Jackson Heights,3372.0,1004.0,2020,1,3,12,0,1
2948634,168,2020-01-03 16:00:00,2,Jackson Heights,3060.0,2513.0,2020,1,3,16,0,1
2949103,168,2020-01-03 20:00:00,2,Jackson Heights,1770.0,1914.0,2020,1,3,20,0,1
2949572,168,2020-01-04 00:00:00,2,Jackson Heights,385.0,916.0,2020,1,4,0,0,1
2950040,168,2020-01-04 04:00:00,2,Jackson Heights,716.0,212.0,2020,1,4,4,0,1
2950509,168,2020-01-04 08:00:00,2,Jackson Heights,2849.0,520.0,2020,1,4,8,0,1
2950977,168,2020-01-04 12:00:00,2,Jackson Heights,2917.0,866.0,2020,1,4,12,0,1
2951445,168,2020-01-04 16:00:00,2,Jackson Heights,2745.0,1311.0,2020,1,4,16,0,1
2951914,168,2020-01-04 20:00:00,2,Jackson Heights,1521.0,1166.0,2020,1,4,20,0,1
2952382,168,2020-01-05 00:00:00,2,Jackson Heights,359.0,754.0,2020,1,5,0,0,1
2952850,168,2020-01-05 04:00:00,2,Jackson Heights,391.0,191.0,2020,1,5,4,0,1
2953317,168,2020-01-05 08:00:00,2,Jackson Heights,2128.0,361.0,2020,1,5,8,0,1
2953786,168,2020-01-05 12:00:00,2,Jackson Heights,2440.0,810.0,2020,1,5,12,0,1
2954255,168,2020-01-05 16:00:00,2,Jackson Heights,2241.0,1280.0,2020,1,5,16,0,1
2954724,168,2020-01-05 20:00:00,2,Jackson Heights,1177.0,1112.0,2020,1,5,20,0,1
2955185,168,2020-01-06 00:00:00,2,Jackson Heights,81.0,328.0,2020,1,6,0,0,1
2955623,168,2020-01-06 04:00:00,2,Jackson Heights,252.0,86.0,2020,1,6,4,0,1
2956076,168,2020-01-06 08:00:00,2,Jackson Heights,5711.0,1630.0,2020,1,6,8,0,1
2956545,168,2020-01-06 12:00:00,2,Jackson Heights,3347.0,1244.0,2020,1,6,12,0,1
2957014,168,2020-01-06 16:00:00,2,Jackson Heights,3141.0,2669.0,2020,1,6,16,0,1
2957482,168,2020-01-06 20:00:00,2,Jackson Heights,1777.0,2026.0,2020,1,6,20,0,1
2957943,168,2020-01-07 00:00:00,2,Jackson Heights,157.0,628.0,2020,1,7,0,0,1
2958378,168,2020-01-07 04:00:00,2,Jackson Heights,1867.0,154.0,2020,1,7,4,0,1
2958832,168,2020-01-07 08:00:00,2,Jackson Heights,6007.0,692.0,2020,1,7,8,0,1
2959300,168,2020-01-07 12:00:00,2,Jackson Heights,3387.0,1024.0,2020,1,7,12,0,1
2959769,168,2020-01-07 16:00:00,2,Jackson Heights,3066.0,2776.0,2020,1,7,16,0,1
2960238,168,2020-01-07 20:00:00,2,Jackson Heights,1706.0,2112.0,2020,1,7,20,0,1
2960700,168,2020-01-08 00:00:00,2,Jackson Heights,148.0,720.0,2020,1,8,0,0,1
2961136,168,2020-01-08 04:00:00,2,Jackson Heights,1834.0,156.0,2020,1,8,4,0,1
2961593,168,2020-01-08 08:00:00,2,Jackson Heights,6071.0,698.0,2020,1,8,8,0,1
2962062,168,2020-01-08 12:00:00,2,Jackson Heights,3416.0,915.0,2020,1,8,12,0,1
2962531,168,2020-01-08 16:00:00,2,Jackson Heights,3012.0,2723.0,2020,1,8,16,0,1
2962999,168,2020-01-08 20:00:00,2,Jackson Heights,1674.0,2015.0,2020,1,8,20,0,1
2963459,168,2020-01-09 00:00:00,2,Jackson Heights,149.0,627.0,2020,1,9,0,0,1
2963892,168,2020-01-09 04:00:00,2,Jackson Heights,1774.0,154.0,2020,1,9,4,0,1
2964349,168,2020-01-09 08:00:00,2,Jackson Heights,6123.0,742.0,2020,1,9,8,0,1
2964817,168,2020-01-09 12:00:00,2,Jackson Heights,3344.0,860.0,2020,1,9,12,0,1
2965286,168,2020-01-09 16:00:00,2,Jackson Heights,2862.0,2793.0,2020,1,9,16,0,1
2965755,168,2020-01-09 20:00:00,2,Jackson Heights,1651.0,2131.0,2020,1,9,20,0,1
2966217,168,2020-01-10 00:00:00,2,Jackson Heights,136.0,755.0,2020,1,10,0,0,1
2966656,168,2020-01-10 04:00:00,2,Jackson Heights,1847.0,166.0,2020,1,10,4,0,1
2967113,168,2020-01-10 08:00:00,2,Jackson Heights,5964.0,726.0,2020,1,10,8,0,1
2967582,168,2020-01-10 12:00:00,2,Jackson Heights,3376.0,1006.0,2020,1,10,12,0,1
2968051,168,2020-01-10 16:00:00,2,Jackson Heights,3277.0,2459.0,2020,1,10,16,0,1
2968520,168,2020-01-10 20:00:00,2,Jackson Heights,1895.0,1936.0,2020,1,10,20,0,1
2968989,168,2020-01-11 00:00:00,2,Jackson Heights,364.0,782.0,2020,1,11,0,0,1
2969457,168,2020-01-11 04:00:00,2,Jackson Heights,736.0,279.0,2020,1,11,4,0,1
2969918,168,2020-01-11 08:00:00,2,Jackson Heights,3182.0,587.0,2020,1,11,8,0,1
2970379,168,2020-01-11 12:00:00,2,Jackson Heights,3207.0,997.0,2020,1,11,12,0,1
2970840,168,2020-01-11 16:00:00,2,Jackson Heights,2949.0,1496.0,2020,1,11,16,0,1
2971302,168,2020-01-11 20:00:00,2,Jackson Heights,1591.0,1331.0,2020,1,11,20,0,1
2971766,168,2020-01-12 00:00:00,2,Jackson Heights,400.0,797.0,2020,1,12,0,0,1
2972228,168,2020-01-12 04:00:00,2,Jackson Heights,458.0,173.0,2020,1,12,4,0,1
2972689,168,2020-01-12 08:00:00,2,Jackson Heights,2208.0,397.0,2020,1,12,8,0,1
2973149,168,2020-01-12 12:00:00,2,Jackson Heights,2706.0,760.0,2020,1,12,12,0,1
2973611,168,2020-01-12 16:00:00,2,Jackson Heights,2335.0,1216.0,2020,1,12,16,0,1
2974068,168,2020-01-12 20:00:00,2,Jackson Heights,1223.0,1060.0,2020,1,12,20,0,1
2974524,168,2020-01-13 00:00:00,2,Jackson Heights,114.0,488.0,2020,1,13,0,0,1
2974957,168,2020-01-13 04:00:00,2,Jackson Heights,1840.0,141.0,2020,1,13,4,0,1
2975415,168,2020-01-13 08:00:00,2,Jackson Heights,6035.0,690.0,2020,1,13,8,0,1
2975880,168,2020-01-13 12:00:00,2,Jackson Heights,3450.0,1034.0,2020,1,13,12,0,1
2976349,168,2020-01-13 16:00:00,2,Jackson Heights,2917.0,2650.0,2020,1,13,16,0,1
2976818,168,2020-01-13 20:00:00,2,Jackson Heights,1715.0,2161.0,2020,1,13,20,0,1
2977278,168,2020-01-14 00:00:00,2,Jackson Heights,167.0,812.0,2020,1,14,0,0,1
2977716,168,2020-01-14 04:00:00,2,Jackson Heights,1865.0,178.0,2020,1,14,4,0,1
2978173,168,2020-01-14 08:00:00,2,Jackson Heights,6117.0,689.0,2020,1,14,8,0,1
2978642,168,2020-01-14 12:00:00,2,Jackson Heights,3431.0,1020.0,2020,1,14,12,0,1
2979111,168,2020-01-14 16:00:00,2,Jackson Heights,3043.0,2852.0,2020,1,14,16,0,1
2979580,168,2020-01-14 20:00:00,2,Jackson Heights,1644.0,2038.0,2020,1,14,20,0,1
2980041,168,2020-01-15 00:00:00,2,Jackson Heights,154.0,852.0,2020,1,15,0,0,1
2980476,168,2020-01-15 04:00:00,2,Jackson Heights,1863.0,183.0,2020,1,15,4,0,1
2980935,168,2020-01-15 08:00:00,2,Jackson Heights,6172.0,745.0,2020,1,15,8,0,1
2981404,168,2020-01-15 12:00:00,2,Jackson Heights,3473.0,976.0,2020,1,15,12,0,1
2981873,168,2020-01-15 16:00:00,2,Jackson Heights,3016.0,2744.0,2020,1,15,16,0,1
2982342,168,2020-01-15 20:00:00,2,Jackson Heights,1729.0,2061.0,2020,1,15,20,0,1
2982804,168,2020-01-16 00:00:00,2,Jackson Heights,151.0,854.0,2020,1,16,0,0,1
2983241,168,2020-01-16 04:00:00,2,Jackson Heights,1883.0,207.0,2020,1,16,4,0,1
2983700,168,2020-01-16 08:00:00,2,Jackson Heights,6210.0,792.0,2020,1,16,8,0,1
2984169,168,2020-01-16 12:00:00,2,Jackson Heights,3500.0,985.0,2020,1,16,12,0,1
2984638,168,2020-01-16 16:00:00,2,Jackson Heights,3041.0,2755.0,2020,1,16,16,0,1
2985107,168,2020-01-16 20:00:00,2,Jackson Heights,1642.0,2044.0,2020,1,16,20,0,1
2985569,168,2020-01-17 00:00:00,2,Jackson Heights,145.0,786.0,2020,1,17,0,0,1
2986013,168,2020-01-17 04:00:00,2,Jackson Heights,1824.0,204.0,2020,1,17,4,0,1
2986474,168,2020-01-17 08:00:00,2,Jackson Heights,6000.0,694.0,2020,1,17,8,0,1
2986943,168,2020-01-17 12:00:00,2,Jackson Heights,3463.0,1001.0,2020,1,17,12,0,1
2987412,168,2020-01-17 16:00:00,2,Jackson Heights,3171.0,2553.0,2020,1,17,16,0,1
2987881,168,2020-01-17 20:00:00,2,Jackson Heights,1841.0,1857.0,2020,1,17,20,0,1
2988350,168,2020-01-18 00:00:00,2,Jackson Heights,317.0,875.0,2020,1,18,0,0,1
2988812,168,2020-01-18 04:00:00,2,Jackson Heights,662.0,221.0,2020,1,18,4,0,1
2989270,168,2020-01-18 08:00:00,2,Jackson Heights,2974.0,554.0,2020,1,18,8,0,1
2989734,168,2020-01-18 12:00:00,2,Jackson Heights,2993.0,1053.0,2020,1,18,12,0,1
2990194,168,2020-01-18 16:00:00,2,Jackson Heights,2499.0,1525.0,2020,1,18,16,0,1
2990656,168,2020-01-18 20:00:00,2,Jackson Heights,1314.0,1214.0,2020,1,18,20,0,1
2991115,168,2020-01-19 00:00:00,2,Jackson Heights,315.0,706.0,2020,1,19,0,0,1
2991578,168,2020-01-19 04:00:00,2,Jackson Heights,419.0,174.0,2020,1,19,4,0,1
2992042,168,2020-01-19 08:00:00,2,Jackson Heights,2109.0,355.0,2020,1,19,8,0,1
2992499,168,2020-01-19 12:00:00,2,Jackson Heights,2574.0,954.0,2020,1,19,12,0,1
2992962,168,2020-01-19 16:00:00,2,Jackson Heights,2285.0,1324.0,2020,1,19,16,0,1
2993419,168,2020-01-19 20:00:00,2,Jackson Heights,1214.0,1101.0,2020,1,19,20,0,1
2993879,168,2020-01-20 00:00:00,2,Jackson Heights,145.0,510.0,2020,1,20,0,1,1
2994332,168,2020-01-20 04:00:00,2,Jackson Heights,1498.0,143.0,2020,1,20,4,1,1
2994797,168,2020-01-20 08:00:00,2,Jackson Heights,3757.0,642.0,2020,1,20,8,1,1
2995266,168,2020-01-20 12:00:00,2,Jackson Heights,2983.0,938.0,2020,1,20,12,1,1
2995735,168,2020-01-20 16:00:00,2,Jackson Heights,2819.0,2219.0,2020,1,20,16,1,1
2996204,168,2020-01-20 20:00:00,2,Jackson Heights,1591.0,1717.0,2020,1,20,20,1,1
2996668,168,2020-01-21 00:00:00,2,Jackson Heights,168.0,577.0,2020,1,21,0,0,1
2997107,168,2020-01-21 04:00:00,2,Jackson Heights,1770.0,119.0,2020,1,21,4,0,1
2997560,168,2020-01-21 08:00:00,2,Jackson Heights,5606.0,742.0,2020,1,21,8,0,1
2998029,168,2020-01-21 12:00:00,2,Jackson Heights,3501.0,1073.0,2020,1,21,12,0,1
2998498,168,2020-01-21 16:00:00,2,Jackson Heights,3100.0,2586.0,2020,1,21,16,0,1
2998967,168,2020-01-21 20:00:00,2,Jackson Heights,1763.0,2033.0,2020,1,21,20,0,1
2999428,168,2020-01-22 00:00:00,2,Jackson Heights,163.0,768.0,2020,1,22,0,0,1
2999869,168,2020-01-22 04:00:00,2,Jackson Heights,1835.0,151.0,2020,1,22,4,0,1
3000324,168,2020-01-22 08:00:00,2,Jackson Heights,5653.0,724.0,2020,1,22,8,0,1
3000793,168,2020-01-22 12:00:00,2,Jackson Heights,3275.0,1499.0,2020,1,22,12,0,1
3001262,168,2020-01-22 16:00:00,2,Jackson Heights,3039.0,2677.0,2020,1,22,16,0,1
3001731,168,2020-01-22 20:00:00,2,Jackson Heights,1654.0,2003.0,2020,1,22,20,0,1
3002195,168,2020-01-23 00:00:00,2,Jackson Heights,134.0,851.0,2020,1,23,0,0,1
3002636,168,2020-01-23 04:00:00,2,Jackson Heights,1816.0,206.0,2020,1,23,4,0,1
3003092,168,2020-01-23 08:00:00,2,Jackson Heights,5794.0,742.0,2020,1,23,8,0,1
3003561,168,2020-01-23 12:00:00,2,Jackson Heights,3185.0,1403.0,2020,1,23,12,0,1
3004030,168,2020-01-23 16:00:00,2,Jackson Heights,2984.0,2602.0,2020,1,23,16,0,1
3004499,168,2020-01-23 20:00:00,2,Jackson Heights,1661.0,2010.0,2020,1,23,20,0,1
3004960,168,2020-01-24 00:00:00,2,Jackson Heights,148.0,863.0,2020,1,24,0,0,1
3005409,168,2020-01-24 04:00:00,2,Jackson Heights,1813.0,211.0,2020,1,24,4,0,1
3005867,168,2020-01-24 08:00:00,2,Jackson Heights,5537.0,704.0,2020,1,24,8,0,1
3006336,168,2020-01-24 12:00:00,2,Jackson Heights,3138.0,1327.0,2020,1,24,12,0,1
3006805,168,2020-01-24 16:00:00,2,Jackson Heights,3205.0,2596.0,2020,1,24,16,0,1
3007274,168,2020-01-24 20:00:00,2,Jackson Heights,1955.0,1970.0,2020,1,24,20,0,1
3007743,168,2020-01-25 00:00:00,2,Jackson Heights,393.0,955.0,2020,1,25,0,0,1
3008205,168,2020-01-25 04:00:00,2,Jackson Heights,707.0,241.0,2020,1,25,4,0,1
3008673,168,2020-01-25 08:00:00,2,Jackson Heights,3118.0,562.0,2020,1,25,8,0,1
3009138,168,2020-01-25 12:00:00,2,Jackson Heights,3035.0,1070.0,2020,1,25,12,0,1
3009605,168,2020-01-25 16:00:00,2,Jackson Heights,2553.0,1452.0,2020,1,25,16,0,1
3010071,168,2020-01-25 20:00:00,2,Jackson Heights,1397.0,1287.0,2020,1,25,20,0,1
3010538,168,2020-01-26 00:00:00,2,Jackson Heights,396.0,766.0,2020,1,26,0,0,1
3011007,168,2020-01-26 04:00:00,2,Jackson Heights,442.0,207.0,2020,1,26,4,0,1
3011471,168,2020-01-26 08:00:00,2,Jackson Heights,2321.0,386.0,2020,1,26,8,0,1
3011939,168,2020-01-26 12:00:00,2,Jackson Heights,2736.0,902.0,2020,1,26,12,0,1
3012405,168,2020-01-26 16:00:00,2,Jackson Heights,2415.0,1490.0,2020,1,26,16,0,1
3012873,168,2020-01-26 20:00:00,2,Jackson Heights,1267.0,1203.0,2020,1,26,20,0,1
3013333,168,2020-01-27 00:00:00,2,Jackson Heights,135.0,488.0,2020,1,27,0,0,1
3013777,168,2020-01-27 04:00:00,2,Jackson Heights,1871.0,124.0,2020,1,27,4,0,1
3014232,168,2020-01-27 08:00:00,2,Jackson Heights,5718.0,775.0,2020,1,27,8,0,1
3014701,168,2020-01-27 12:00:00,2,Jackson Heights,3349.0,1557.0,2020,1,27,12,0,1
3015170,168,2020-01-27 16:00:00,2,Jackson Heights,2997.0,2681.0,2020,1,27,16,0,1
3015639,168,2020-01-27 20:00:00,2,Jackson Heights,1704.0,2070.0,2020,1,27,20,0,1
3016097,168,2020-01-28 00:00:00,2,Jackson Heights,184.0,776.0,2020,1,28,0,0,1
3016533,168,2020-01-28 04:00:00,2,Jackson Heights,1928.0,205.0,2020,1,28,4,0,1
3016986,168,2020-01-28 08:00:00,2,Jackson Heights,6431.0,705.0,2020,1,28,8,0,1
3017455,168,2020-01-28 12:00:00,2,Jackson Heights,3227.0,1453.0,2020,1,28,12,0,1
3017924,168,2020-01-28 16:00:00,2,Jackson Heights,3090.0,2921.0,2020,1,28,16,0,1
3018393,168,2020-01-28 20:00:00,2,Jackson Heights,1746.0,2158.0,2020,1,28,20,0,1
3018852,168,2020-01-29 00:00:00,2,Jackson Heights,169.0,809.0,2020,1,29,0,0,1
3019293,168,2020-01-29 04:00:00,2,Jackson Heights,1870.0,172.0,2020,1,29,4,0,1
3019746,168,2020-01-29 08:00:00,2,Jackson Heights,6534.0,718.0,2020,1,29,8,0,1
3020215,168,2020-01-29 12:00:00,2,Jackson Heights,3247.0,1390.0,2020,1,29,12,0,1
3020684,168,2020-01-29 16:00:00,2,Jackson Heights,2950.0,2870.0,2020,1,29,16,0,1
3021153,168,2020-01-29 20:00:00,2,Jackson Heights,1729.0,2125.0,2020,1,29,20,0,1
3021614,168,2020-01-30 00:00:00,2,Jackson Heights,169.0,847.0,2020,1,30,0,0,1
3022052,168,2020-01-30 04:00:00,2,Jackson Heights,1780.0,168.0,2020,1,30,4,0,1
3022504,168,2020-01-30 08:00:00,2,Jackson Heights,6423.0,861.0,2020,1,30,8,0,1
3022973,168,2020-01-30 12:00:00,2,Jackson Heights,3277.0,1439.0,2020,1,30,12,0,1
3023442,168,2020-01-30 16:00:00,2,Jackson Heights,2985.0,2745.0,2020,1,30,16,0,1
3023911,168,2020-01-30 20:00:00,2,Jackson Heights,1698.0,2127.0,2020,1,30,20,0,1
3024373,168,2020-01-31 00:00:00,2,Jackson Heights,161.0,898.0,2020,1,31,0,0,1
3024814,168,2020-01-31 04:00:00,2,Jackson Heights,1880.0,219.0,2020,1,31,4,0,1
3025271,168,2020-01-31 08:00:00,2,Jackson Heights,6155.0,669.0,2020,1,31,8,0,1
3025740,168,2020-01-31 12:00:00,2,Jackson Heights,3076.0,1384.0,2020,1,31,12,0,1
3026209,168,2020-01-31 16:00:00,2,Jackson Heights,3051.0,2729.0,2020,1,31,16,0,1
3026678,168,2020-01-31 20:00:00,2,Jackson Heights,1890.0,1988.0,2020,1,31,20,0,1
3027147,168,2020-02-01 00:00:00,2,Jackson Heights,345.0,940.0,2020,2,1,0,0,1
3027616,168,2020-02-01 04:00:00,2,Jackson Heights,750.0,206.0,2020,2,1,4,0,1
3028085,168,2020-02-01 08:00:00,2,Jackson Heights,3212.0,566.0,2020,2,1,8,0,1
3028554,168,2020-02-01 12:00:00,2,Jackson Heights,3061.0,1067.0,2020,2,1,12,0,1
3029023,168,2020-02-01 16:00:00,2,Jackson Heights,2710.0,1542.0,2020,2,1,16,0,1
3029492,168,2020-02-01 20:00:00,2,Jackson Heights,1489.0,1219.0,2020,2,1,20,0,1
3029961,168,2020-02-02 00:00:00,2,Jackson Heights,381.0,787.0,2020,2,2,0,0,1
3030430,168,2020-02-02 04:00:00,2,Jackson Heights,429.0,235.0,2020,2,2,4,0,1
3030898,168,2020-02-02 08:00:00,2,Jackson Heights,2110.0,397.0,2020,2,2,8,0,1
3031367,168,2020-02-02 12:00:00,2,Jackson Heights,2501.0,831.0,2020,2,2,12,0,1
3031835,168,2020-02-02 16:00:00,2,Jackson Heights,2212.0,1184.0,2020,2,2,16,0,1
3032304,168,2020-02-02 20:00:00,2,Jackson Heights,1120.0,1083.0,2020,2,2,20,0,1
3032766,168,2020-02-03 00:00:00,2,Jackson Heights,115.0,537.0,2020,2,3,0,0,1
3033210,168,2020-02-03 04:00:00,2,Jackson Heights,1690.0,159.0,2020,2,3,4,0,1
3033666,168,2020-02-03 08:00:00,2,Jackson Heights,6274.0,744.0,2020,2,3,8,0,1
3034135,168,2020-02-03 12:00:00,2,Jackson Heights,3483.0,1080.0,2020,2,3,12,0,1
3034604,168,2020-02-03 16:00:00,2,Jackson Heights,3049.0,2708.0,2020,2,3,16,0,1
3035073,168,2020-02-03 20:00:00,2,Jackson Heights,1781.0,2170.0,2020,2,3,20,0,1
3035534,168,2020-02-04 00:00:00,2,Jackson Heights,179.0,688.0,2020,2,4,0,0,1
3035968,168,2020-02-04 04:00:00,2,Jackson Heights,1930.0,136.0,2020,2,4,4,0,1
3036423,168,2020-02-04 08:00:00,2,Jackson Heights,6399.0,737.0,2020,2,4,8,0,1
3036892,168,2020-02-04 12:00:00,2,Jackson Heights,3440.0,1036.0,2020,2,4,12,0,1
3037361,168,2020-02-04 16:00:00,2,Jackson Heights,3032.0,2843.0,2020,2,4,16,0,1
3037830,168,2020-02-04 20:00:00,2,Jackson Heights,1772.0,2119.0,2020,2,4,20,0,1
3038292,168,2020-02-05 00:00:00,2,Jackson Heights,179.0,736.0,2020,2,5,0,0,1
3038731,168,2020-02-05 04:00:00,2,Jackson Heights,1858.0,158.0,2020,2,5,4,0,1
3039183,168,2020-02-05 08:00:00,2,Jackson Heights,6521.0,723.0,2020,2,5,8,0,1
3039652,168,2020-02-05 12:00:00,2,Jackson Heights,3593.0,1034.0,2020,2,5,12,0,1
3040121,168,2020-02-05 16:00:00,2,Jackson Heights,3022.0,2823.0,2020,2,5,16,0,1
3040590,168,2020-02-05 20:00:00,2,Jackson Heights,1675.0,2121.0,2020,2,5,20,0,1
3041053,168,2020-02-06 00:00:00,2,Jackson Heights,117.0,688.0,2020,2,6,0,0,1
3041489,168,2020-02-06 04:00:00,2,Jackson Heights,2061.0,219.0,2020,2,6,4,0,1
3041946,168,2020-02-06 08:00:00,2,Jackson Heights,4240.0,412.0,2020,2,6,8,0,1
3042415,168,2020-02-06 12:00:00,2,Jackson Heights,5034.0,1254.0,2020,2,6,12,0,1
3042884,168,2020-02-06 16:00:00,2,Jackson Heights,3544.0,2876.0,2020,2,6,16,0,1
3043353,168,2020-02-06 20:00:00,2,Jackson Heights,1523.0,2025.0,2020,2,6,20,0,1
3043815,168,2020-02-07 00:00:00,2,Jackson Heights,125.0,720.0,2020,2,7,0,0,1
3044260,168,2020-02-07 04:00:00,2,Jackson Heights,1831.0,172.0,2020,2,7,4,0,1
3044717,168,2020-02-07 08:00:00,2,Jackson Heights,6277.0,707.0,2020,2,7,8,0,1
3045186,168,2020-02-07 12:00:00,2,Jackson Heights,3510.0,1059.0,2020,2,7,12,0,1
3045655,168,2020-02-07 16:00:00,2,Jackson Heights,3168.0,2614.0,2020,2,7,16,0,1
3046124,168,2020-02-07 20:00:00,2,Jackson Heights,1891.0,1934.0,2020,2,7,20,0,1
3046593,168,2020-02-08 00:00:00,2,Jackson Heights,364.0,929.0,2020,2,8,0,0,1
3047056,168,2020-02-08 04:00:00,2,Jackson Heights,602.0,230.0,2020,2,8,4,0,1
3047520,168,2020-02-08 08:00:00,2,Jackson Heights,3252.0,591.0,2020,2,8,8,0,1
3047985,168,2020-02-08 12:00:00,2,Jackson Heights,3179.0,1066.0,2020,2,8,12,0,1
3048451,168,2020-02-08 16:00:00,2,Jackson Heights,2771.0,1538.0,2020,2,8,16,0,1
3048915,168,2020-02-08 20:00:00,2,Jackson Heights,1489.0,1302.0,2020,2,8,20,0,1
3049380,168,2020-02-09 00:00:00,2,Jackson Heights,358.0,803.0,2020,2,9,0,0,1
3049849,168,2020-02-09 04:00:00,2,Jackson Heights,395.0,201.0,2020,2,9,4,0,1
3050317,168,2020-02-09 08:00:00,2,Jackson Heights,2264.0,342.0,2020,2,9,8,0,1
3050783,168,2020-02-09 12:00:00,2,Jackson Heights,2368.0,813.0,2020,2,9,12,0,1
3051249,168,2020-02-09 16:00:00,2,Jackson Heights,2051.0,1226.0,2020,2,9,16,0,1
3051714,168,2020-02-09 20:00:00,2,Jackson Heights,1128.0,1043.0,2020,2,9,20,0,1
3052173,168,2020-02-10 00:00:00,2,Jackson Heights,114.0,574.0,2020,2,10,0,0,1
3052606,168,2020-02-10 04:00:00,2,Jackson Heights,1765.0,146.0,2020,2,10,4,0,1
3053062,168,2020-02-10 08:00:00,2,Jackson Heights,6296.0,709.0,2020,2,10,8,0,1
3053531,168,2020-02-10 12:00:00,2,Jackson Heights,3535.0,1060.0,2020,2,10,12,0,1
3054000,168,2020-02-10 16:00:00,2,Jackson Heights,2992.0,2754.0,2020,2,10,16,0,1
3054469,168,2020-02-10 20:00:00,2,Jackson Heights,1664.0,2088.0,2020,2,10,20,0,1
3054930,168,2020-02-11 00:00:00,2,Jackson Heights,159.0,689.0,2020,2,11,0,0,1
3055363,168,2020-02-11 04:00:00,2,Jackson Heights,1548.0,147.0,2020,2,11,4,0,1
3055811,168,2020-02-11 08:00:00,2,Jackson Heights,6314.0,781.0,2020,2,11,8,0,1
3056280,168,2020-02-11 12:00:00,2,Jackson Heights,3569.0,1051.0,2020,2,11,12,0,1
3056749,168,2020-02-11 16:00:00,2,Jackson Heights,3003.0,2717.0,2020,2,11,16,0,1
3057218,168,2020-02-11 20:00:00,2,Jackson Heights,1753.0,2167.0,2020,2,11,20,0,1
3057678,168,2020-02-12 00:00:00,2,Jackson Heights,169.0,805.0,2020,2,12,0,0,1
3058123,168,2020-02-12 04:00:00,2,Jackson Heights,1538.0,186.0,2020,2,12,4,0,1
3058577,168,2020-02-12 08:00:00,2,Jackson Heights,6272.0,758.0,2020,2,12,8,0,1
3059046,168,2020-02-12 12:00:00,2,Jackson Heights,3564.0,909.0,2020,2,12,12,0,1
3059515,168,2020-02-12 16:00:00,2,Jackson Heights,3128.0,2607.0,2020,2,12,16,0,1
3059984,168,2020-02-12 20:00:00,2,Jackson Heights,1727.0,2026.0,2020,2,12,20,0,1
3060448,168,2020-02-13 00:00:00,2,Jackson Heights,149.0,817.0,2020,2,13,0,0,1
3060889,168,2020-02-13 04:00:00,2,Jackson Heights,1794.0,210.0,2020,2,13,4,0,1
3061341,168,2020-02-13 08:00:00,2,Jackson Heights,6447.0,716.0,2020,2,13,8,0,1
3061810,168,2020-02-13 12:00:00,2,Jackson Heights,3554.0,1025.0,2020,2,13,12,0,1
3062279,168,2020-02-13 16:00:00,2,Jackson Heights,3050.0,2617.0,2020,2,13,16,0,1
3062748,168,2020-02-13 20:00:00,2,Jackson Heights,1729.0,2049.0,2020,2,13,20,0,1
3063213,168,2020-02-14 00:00:00,2,Jackson Heights,156.0,796.0,2020,2,14,0,0,1
3063655,168,2020-02-14 04:00:00,2,Jackson Heights,1841.0,192.0,2020,2,14,4,0,1
3064114,168,2020-02-14 08:00:00,2,Jackson Heights,6216.0,732.0,2020,2,14,8,0,1
3064583,168,2020-02-14 12:00:00,2,Jackson Heights,3531.0,1021.0,2020,2,14,12,0,1
3065052,168,2020-02-14 16:00:00,2,Jackson Heights,3221.0,2673.0,2020,2,14,16,0,1
3065521,168,2020-02-14 20:00:00,2,Jackson Heights,1949.0,1845.0,2020,2,14,20,0,1
3065990,168,2020-02-15 00:00:00,2,Jackson Heights,410.0,874.0,2020,2,15,0,0,1
3066453,168,2020-02-15 04:00:00,2,Jackson Heights,668.0,226.0,2020,2,15,4,0,1
3066918,168,2020-02-15 08:00:00,2,Jackson Heights,3051.0,514.0,2020,2,15,8,0,1
3067384,168,2020-02-15 12:00:00,2,Jackson Heights,2972.0,938.0,2020,2,15,12,0,1
3067849,168,2020-02-15 16:00:00,2,Jackson Heights,2659.0,1442.0,2020,2,15,16,0,1
3068315,168,2020-02-15 20:00:00,2,Jackson Heights,1422.0,1232.0,2020,2,15,20,0,1
3068778,168,2020-02-16 00:00:00,2,Jackson Heights,363.0,707.0,2020,2,16,0,0,1
3069244,168,2020-02-16 04:00:00,2,Jackson Heights,401.0,187.0,2020,2,16,4,0,1
3069710,168,2020-02-16 08:00:00,2,Jackson Heights,2170.0,402.0,2020,2,16,8,0,1
3070177,168,2020-02-16 12:00:00,2,Jackson Heights,2502.0,764.0,2020,2,16,12,0,1
3070644,168,2020-02-16 16:00:00,2,Jackson Heights,2233.0,1212.0,2020,2,16,16,0,1
3071109,168,2020-02-16 20:00:00,2,Jackson Heights,1249.0,1059.0,2020,2,16,20,0,1
3071573,168,2020-02-17 00:00:00,2,Jackson Heights,163.0,583.0,2020,2,17,0,1,1
3072037,168,2020-02-17 04:00:00,2,Jackson Heights,1467.0,170.0,2020,2,17,4,1,1
3072501,168,2020-02-17 08:00:00,2,Jackson Heights,3791.0,566.0,2020,2,17,8,1,1
3072965,168,2020-02-17 12:00:00,2,Jackson Heights,3030.0,939.0,2020,2,17,12,1,1
3073430,168,2020-02-17 16:00:00,2,Jackson Heights,2769.0,1865.0,2020,2,17,16,1,1
3073894,168,2020-02-17 20:00:00,2,Jackson Heights,1614.0,1578.0,2020,2,17,20,1,1
3074355,168,2020-02-18 00:00:00,2,Jackson Heights,177.0,625.0,2020,2,18,0,0,1
3074796,168,2020-02-18 04:00:00,2,Jackson Heights,1858.0,134.0,2020,2,18,4,0,1
3075248,168,2020-02-18 08:00:00,2,Jackson Heights,5550.0,658.0,2020,2,18,8,0,1
3075716,168,2020-02-18 12:00:00,2,Jackson Heights,3468.0,979.0,2020,2,18,12,0,1
3076184,168,2020-02-18 16:00:00,2,Jackson Heights,3084.0,2444.0,2020,2,18,16,0,1
3076652,168,2020-02-18 20:00:00,2,Jackson Heights,1793.0,2057.0,2020,2,18,20,0,1
3077114,168,2020-02-19 00:00:00,2,Jackson Heights,183.0,766.0,2020,2,19,0,0,1
3077561,168,2020-02-19 04:00:00,2,Jackson Heights,1835.0,176.0,2020,2,19,4,0,1
3078016,168,2020-02-19 08:00:00,2,Jackson Heights,5746.0,763.0,2020,2,19,8,0,1
3078484,168,2020-02-19 12:00:00,2,Jackson Heights,3375.0,1481.0,2020,2,19,12,0,1
3078952,168,2020-02-19 16:00:00,2,Jackson Heights,3178.0,2815.0,2020,2,19,16,0,1
3079420,168,2020-02-19 20:00:00,2,Jackson Heights,1784.0,2149.0,2020,2,19,20,0,1
3079883,168,2020-02-20 00:00:00,2,Jackson Heights,127.0,760.0,2020,2,20,0,0,1
3080330,168,2020-02-20 04:00:00,2,Jackson Heights,1313.0,159.0,2020,2,20,4,0,1
3080783,168,2020-02-20 08:00:00,2,Jackson Heights,5125.0,828.0,2020,2,20,8,0,1
3081251,168,2020-02-20 12:00:00,2,Jackson Heights,3020.0,1380.0,2020,2,20,12,0,1
3081719,168,2020-02-20 16:00:00,2,Jackson Heights,3028.0,2616.0,2020,2,20,16,0,1
3082188,168,2020-02-20 20:00:00,2,Jackson Heights,1723.0,2116.0,2020,2,20,20,0,1
3082653,168,2020-02-21 00:00:00,2,Jackson Heights,136.0,774.0,2020,2,21,0,0,1
3083105,168,2020-02-21 04:00:00,2,Jackson Heights,1845.0,144.0,2020,2,21,4,0,1
3083560,168,2020-02-21 08:00:00,2,Jackson Heights,5333.0,732.0,2020,2,21,8,0,1
3084029,168,2020-02-21 12:00:00,2,Jackson Heights,3133.0,1350.0,2020,2,21,12,0,1
3084497,168,2020-02-21 16:00:00,2,Jackson Heights,3024.0,2436.0,2020,2,21,16,0,1
3084966,168,2020-02-21 20:00:00,2,Jackson Heights,1863.0,1895.0,2020,2,21,20,0,1
3085435,168,2020-02-22 00:00:00,2,Jackson Heights,346.0,904.0,2020,2,22,0,0,1
3085899,168,2020-02-22 04:00:00,2,Jackson Heights,722.0,172.0,2020,2,22,4,0,1
3086363,168,2020-02-22 08:00:00,2,Jackson Heights,3083.0,590.0,2020,2,22,8,0,1
3086826,168,2020-02-22 12:00:00,2,Jackson Heights,2999.0,918.0,2020,2,22,12,0,1
3087287,168,2020-02-22 16:00:00,2,Jackson Heights,2736.0,1510.0,2020,2,22,16,0,1
3087752,168,2020-02-22 20:00:00,2,Jackson Heights,1588.0,1263.0,2020,2,22,20,0,1
3088215,168,2020-02-23 00:00:00,2,Jackson Heights,422.0,753.0,2020,2,23,0,0,1
3088682,168,2020-02-23 04:00:00,2,Jackson Heights,406.0,222.0,2020,2,23,4,0,1
3089144,168,2020-02-23 08:00:00,2,Jackson Heights,2153.0,420.0,2020,2,23,8,0,1
3089605,168,2020-02-23 12:00:00,2,Jackson Heights,2624.0,763.0,2020,2,23,12,0,1
3090067,168,2020-02-23 16:00:00,2,Jackson Heights,2245.0,1381.0,2020,2,23,16,0,1
3090526,168,2020-02-23 20:00:00,2,Jackson Heights,1217.0,1099.0,2020,2,23,20,0,1
3090981,168,2020-02-24 00:00:00,2,Jackson Heights,132.0,523.0,2020,2,24,0,0,1
3091423,168,2020-02-24 04:00:00,2,Jackson Heights,1727.0,135.0,2020,2,24,4,0,1
3091874,168,2020-02-24 08:00:00,2,Jackson Heights,5966.0,697.0,2020,2,24,8,0,1
3092343,168,2020-02-24 12:00:00,2,Jackson Heights,3148.0,1406.0,2020,2,24,12,0,1
3092812,168,2020-02-24 16:00:00,2,Jackson Heights,3000.0,2903.0,2020,2,24,16,0,1
3093281,168,2020-02-24 20:00:00,2,Jackson Heights,1794.0,2085.0,2020,2,24,20,0,1
3093743,168,2020-02-25 00:00:00,2,Jackson Heights,174.0,716.0,2020,2,25,0,0,1
3094180,168,2020-02-25 04:00:00,2,Jackson Heights,1875.0,166.0,2020,2,25,4,0,1
3094633,168,2020-02-25 08:00:00,2,Jackson Heights,6391.0,701.0,2020,2,25,8,0,1
3095102,168,2020-02-25 12:00:00,2,Jackson Heights,3503.0,1060.0,2020,2,25,12,0,1
3095571,168,2020-02-25 16:00:00,2,Jackson Heights,3041.0,2861.0,2020,2,25,16,0,1
3096040,168,2020-02-25 20:00:00,2,Jackson Heights,1714.0,2082.0,2020,2,25,20,0,1
3096501,168,2020-02-26 00:00:00,2,Jackson Heights,141.0,694.0,2020,2,26,0,0,1
3096934,168,2020-02-26 04:00:00,2,Jackson Heights,1830.0,164.0,2020,2,26,4,0,1
3097386,168,2020-02-26 08:00:00,2,Jackson Heights,6350.0,747.0,2020,2,26,8,0,1
3097855,168,2020-02-26 12:00:00,2,Jackson Heights,3223.0,1369.0,2020,2,26,12,0,1
3098324,168,2020-02-26 16:00:00,2,Jackson Heights,2883.0,2895.0,2020,2,26,16,0,1
3098793,168,2020-02-26 20:00:00,2,Jackson Heights,1635.0,2095.0,2020,2,26,20,0,1
3099254,168,2020-02-27 00:00:00,2,Jackson Heights,128.0,821.0,2020,2,27,0,0,1
3099691,168,2020-02-27 04:00:00,2,Jackson Heights,1900.0,171.0,2020,2,27,4,0,1
3100143,168,2020-02-27 08:00:00,2,Jackson Heights,6310.0,721.0,2020,2,27,8,0,1
3100612,168,2020-02-27 12:00:00,2,Jackson Heights,3203.0,1327.0,2020,2,27,12,0,1
3101081,168,2020-02-27 16:00:00,2,Jackson Heights,2998.0,2936.0,2020,2,27,16,0,1
3101550,168,2020-02-27 20:00:00,2,Jackson Heights,1713.0,2041.0,2020,2,27,20,0,1
3102012,168,2020-02-28 00:00:00,2,Jackson Heights,144.0,758.0,2020,2,28,0,0,1
3102452,168,2020-02-28 04:00:00,2,Jackson Heights,1848.0,167.0,2020,2,28,4,0,1
3102908,168,2020-02-28 08:00:00,2,Jackson Heights,6125.0,677.0,2020,2,28,8,0,1
3103377,168,2020-02-28 12:00:00,2,Jackson Heights,3159.0,1374.0,2020,2,28,12,0,1
3103846,168,2020-02-28 16:00:00,2,Jackson Heights,3104.0,2779.0,2020,2,28,16,0,1
3104315,168,2020-02-28 20:00:00,2,Jackson Heights,1878.0,2028.0,2020,2,28,20,0,1
3104783,168,2020-02-29 00:00:00,2,Jackson Heights,341.0,921.0,2020,2,29,0,0,1
3105248,168,2020-02-29 04:00:00,2,Jackson Heights,729.0,234.0,2020,2,29,4,0,1
3105712,168,2020-02-29 08:00:00,2,Jackson Heights,3135.0,547.0,2020,2,29,8,0,1
3106177,168,2020-02-29 12:00:00,2,Jackson Heights,2947.0,1073.0,2020,2,29,12,0,1
3106637,168,2020-02-29 16:00:00,2,Jackson Heights,2695.0,1530.0,2020,2,29,16,0,1
3107103,168,2020-02-29 20:00:00,2,Jackson Heights,1425.0,1244.0,2020,2,29,20,0,1
3107564,168,2020-03-01 00:00:00,2,Jackson Heights,308.0,747.0,2020,3,1,0,0,1
3108033,168,2020-03-01 04:00:00,2,Jackson Heights,438.0,224.0,2020,3,1,4,0,1
3108498,168,2020-03-01 08:00:00,2,Jackson Heights,2178.0,384.0,2020,3,1,8,0,1
3108959,168,2020-03-01 12:00:00,2,Jackson Heights,2571.0,822.0,2020,3,1,12,0,1
3109421,168,2020-03-01 16:00:00,2,Jackson Heights,2139.0,1214.0,2020,3,1,16,0,1
3109882,168,2020-03-01 20:00:00,2,Jackson Heights,1178.0,1118.0,2020,3,1,20,0,1
3110336,168,2020-03-02 00:00:00,2,Jackson Heights,106.0,536.0,2020,3,2,0,0,1
3110776,168,2020-03-02 04:00:00,2,Jackson Heights,1899.0,140.0,2020,3,2,4,0,1
3111230,168,2020-03-02 08:00:00,2,Jackson Heights,6217.0,751.0,2020,3,2,8,0,1
3111699,168,2020-03-02 12:00:00,2,Jackson Heights,3411.0,987.0,2020,3,2,12,0,1
3112167,168,2020-03-02 16:00:00,2,Jackson Heights,2944.0,2720.0,2020,3,2,16,0,1
3112636,168,2020-03-02 20:00:00,2,Jackson Heights,1804.0,2163.0,2020,3,2,20,0,1
3113096,168,2020-03-03 00:00:00,2,Jackson Heights,145.0,659.0,2020,3,3,0,0,1
3113532,168,2020-03-03 04:00:00,2,Jackson Heights,1904.0,126.0,2020,3,3,4,0,1
3113988,168,2020-03-03 08:00:00,2,Jackson Heights,6418.0,755.0,2020,3,3,8,0,1
3114457,168,2020-03-03 12:00:00,2,Jackson Heights,3564.0,1031.0,2020,3,3,12,0,1
3114926,168,2020-03-03 16:00:00,2,Jackson Heights,2923.0,2895.0,2020,3,3,16,0,1
3115395,168,2020-03-03 20:00:00,2,Jackson Heights,1765.0,2157.0,2020,3,3,20,0,1
3115857,168,2020-03-04 00:00:00,2,Jackson Heights,123.0,768.0,2020,3,4,0,0,1
3116297,168,2020-03-04 04:00:00,2,Jackson Heights,1659.0,179.0,2020,3,4,4,0,1
3116749,168,2020-03-04 08:00:00,2,Jackson Heights,6177.0,799.0,2020,3,4,8,0,1
3117218,168,2020-03-04 12:00:00,2,Jackson Heights,3568.0,1122.0,2020,3,4,12,0,1
3117686,168,2020-03-04 16:00:00,2,Jackson Heights,3061.0,2691.0,2020,3,4,16,0,1
3118155,168,2020-03-04 20:00:00,2,Jackson Heights,1733.0,2138.0,2020,3,4,20,0,1
3118620,168,2020-03-05 00:00:00,2,Jackson Heights,133.0,755.0,2020,3,5,0,0,1
3119066,168,2020-03-05 04:00:00,2,Jackson Heights,1950.0,176.0,2020,3,5,4,0,1
3119522,168,2020-03-05 08:00:00,2,Jackson Heights,6419.0,801.0,2020,3,5,8,0,1
3119991,168,2020-03-05 12:00:00,2,Jackson Heights,3492.0,1033.0,2020,3,5,12,0,1
3120460,168,2020-03-05 16:00:00,2,Jackson Heights,2925.0,2695.0,2020,3,5,16,0,1
3120929,168,2020-03-05 20:00:00,2,Jackson Heights,1666.0,2066.0,2020,3,5,20,0,1
3121392,168,2020-03-06 00:00:00,2,Jackson Heights,144.0,796.0,2020,3,6,0,0,1
3121839,168,2020-03-06 04:00:00,2,Jackson Heights,1897.0,194.0,2020,3,6,4,0,1
3122297,168,2020-03-06 08:00:00,2,Jackson Heights,6199.0,738.0,2020,3,6,8,0,1
3122766,168,2020-03-06 12:00:00,2,Jackson Heights,3474.0,1170.0,2020,3,6,12,0,1
3123235,168,2020-03-06 16:00:00,2,Jackson Heights,2982.0,2699.0,2020,3,6,16,0,1
3123704,168,2020-03-06 20:00:00,2,Jackson Heights,1760.0,1968.0,2020,3,6,20,0,1
3124172,168,2020-03-07 00:00:00,2,Jackson Heights,321.0,907.0,2020,3,7,0,0,1
3124641,168,2020-03-07 04:00:00,2,Jackson Heights,717.0,247.0,2020,3,7,4,0,1
3125107,168,2020-03-07 08:00:00,2,Jackson Heights,3235.0,628.0,2020,3,7,8,0,1
3125575,168,2020-03-07 12:00:00,2,Jackson Heights,3041.0,1135.0,2020,3,7,12,0,1
3126044,168,2020-03-07 16:00:00,2,Jackson Heights,2722.0,1461.0,2020,3,7,16,0,1
3126513,168,2020-03-07 20:00:00,2,Jackson Heights,1519.0,1287.0,2020,3,7,20,0,1
3126982,168,2020-03-08 00:00:00,2,Jackson Heights,289.0,647.0,2020,3,8,0,0,1
3127451,168,2020-03-08 04:00:00,2,Jackson Heights,481.0,237.0,2020,3,8,4,0,1
3127920,168,2020-03-08 08:00:00,2,Jackson Heights,1877.0,351.0,2020,3,8,8,0,1
3128389,168,2020-03-08 12:00:00,2,Jackson Heights,2681.0,739.0,2020,3,8,12,0,1
3128858,168,2020-03-08 16:00:00,2,Jackson Heights,2091.0,1196.0,2020,3,8,16,0,1
3129326,168,2020-03-08 20:00:00,2,Jackson Heights,1224.0,1257.0,2020,3,8,20,0,1
3129788,168,2020-03-09 00:00:00,2,Jackson Heights,30.0,325.0,2020,3,9,0,0,1
3130242,168,2020-03-09 04:00:00,2,Jackson Heights,2580.0,139.0,2020,3,9,4,0,1
3130711,168,2020-03-09 08:00:00,2,Jackson Heights,5434.0,676.0,2020,3,9,8,0,1
3131180,168,2020-03-09 12:00:00,2,Jackson Heights,3509.0,1374.0,2020,3,9,12,0,1
3131649,168,2020-03-09 16:00:00,2,Jackson Heights,2648.0,2496.0,2020,3,9,16,0,1
3132118,168,2020-03-09 20:00:00,2,Jackson Heights,2032.0,2390.0,2020,3,9,20,0,1
3132574,168,2020-03-10 00:00:00,2,Jackson Heights,69.0,619.0,2020,3,10,0,0,1
3133029,168,2020-03-10 04:00:00,2,Jackson Heights,2530.0,211.0,2020,3,10,4,0,1
3133498,168,2020-03-10 08:00:00,2,Jackson Heights,5426.0,641.0,2020,3,10,8,0,1
3133967,168,2020-03-10 12:00:00,2,Jackson Heights,3525.0,1462.0,2020,3,10,12,0,1
3134436,168,2020-03-10 16:00:00,2,Jackson Heights,2618.0,2680.0,2020,3,10,16,0,1
3134905,168,2020-03-10 20:00:00,2,Jackson Heights,1937.0,2427.0,2020,3,10,20,0,1
3135363,168,2020-03-11 00:00:00,2,Jackson Heights,33.0,350.0,2020,3,11,0,0,1
3135818,168,2020-03-11 04:00:00,2,Jackson Heights,2620.0,213.0,2020,3,11,4,0,1
3136287,168,2020-03-11 08:00:00,2,Jackson Heights,5334.0,637.0,2020,3,11,8,0,1
3136756,168,2020-03-11 12:00:00,2,Jackson Heights,3382.0,1462.0,2020,3,11,12,0,1
3137225,168,2020-03-11 16:00:00,2,Jackson Heights,2594.0,2632.0,2020,3,11,16,0,1
3137694,168,2020-03-11 20:00:00,2,Jackson Heights,1857.0,2324.0,2020,3,11,20,0,1
3138152,168,2020-03-12 00:00:00,2,Jackson Heights,23.0,348.0,2020,3,12,0,0,1
3138612,168,2020-03-12 04:00:00,2,Jackson Heights,1806.0,214.0,2020,3,12,4,0,1
3139081,168,2020-03-12 08:00:00,2,Jackson Heights,5150.0,637.0,2020,3,12,8,0,1
3139550,168,2020-03-12 12:00:00,2,Jackson Heights,3189.0,1355.0,2020,3,12,12,0,1
3140019,168,2020-03-12 16:00:00,2,Jackson Heights,2389.0,2433.0,2020,3,12,16,0,1
3140488,168,2020-03-12 20:00:00,2,Jackson Heights,1728.0,2152.0,2020,3,12,20,0,1
3140947,168,2020-03-13 00:00:00,2,Jackson Heights,46.0,497.0,2020,3,13,0,0,1
3141409,168,2020-03-13 04:00:00,2,Jackson Heights,2253.0,243.0,2020,3,13,4,0,1
3141878,168,2020-03-13 08:00:00,2,Jackson Heights,4587.0,646.0,2020,3,13,8,0,1
3142347,168,2020-03-13 12:00:00,2,Jackson Heights,3020.0,1408.0,2020,3,13,12,0,1
3142816,168,2020-03-13 16:00:00,2,Jackson Heights,2527.0,2310.0,2020,3,13,16,0,1
3143285,168,2020-03-13 20:00:00,2,Jackson Heights,1811.0,1982.0,2020,3,13,20,0,1
3143754,168,2020-03-14 00:00:00,2,Jackson Heights,280.0,737.0,2020,3,14,0,0,1
3144223,168,2020-03-14 04:00:00,2,Jackson Heights,761.0,241.0,2020,3,14,4,0,1
3144691,168,2020-03-14 08:00:00,2,Jackson Heights,2109.0,588.0,2020,3,14,8,0,1
3145160,168,2020-03-14 12:00:00,2,Jackson Heights,2313.0,1124.0,2020,3,14,12,0,1
3145629,168,2020-03-14 16:00:00,2,Jackson Heights,1817.0,1623.0,2020,3,14,16,0,1
3146097,168,2020-03-14 20:00:00,2,Jackson Heights,1081.0,1629.0,2020,3,14,20,0,1
3146566,168,2020-03-15 00:00:00,2,Jackson Heights,256.0,748.0,2020,3,15,0,0,1
3147035,168,2020-03-15 04:00:00,2,Jackson Heights,376.0,192.0,2020,3,15,4,0,1
3147503,168,2020-03-15 08:00:00,2,Jackson Heights,1309.0,330.0,2020,3,15,8,0,1
3147972,168,2020-03-15 12:00:00,2,Jackson Heights,1659.0,774.0,2020,3,15,12,0,1
3148440,168,2020-03-15 16:00:00,2,Jackson Heights,1326.0,1354.0,2020,3,15,16,0,1
3148909,168,2020-03-15 20:00:00,2,Jackson Heights,610.0,1194.0,2020,3,15,20,0,1
3149372,168,2020-03-16 00:00:00,2,Jackson Heights,14.0,147.0,2020,3,16,0,0,1
3149837,168,2020-03-16 04:00:00,2,Jackson Heights,1805.0,131.0,2020,3,16,4,0,1
3150306,168,2020-03-16 08:00:00,2,Jackson Heights,3282.0,571.0,2020,3,16,8,0,1
3150775,168,2020-03-16 12:00:00,2,Jackson Heights,2093.0,1097.0,2020,3,16,12,0,1
3151244,168,2020-03-16 16:00:00,2,Jackson Heights,1833.0,1762.0,2020,3,16,16,0,1
3151713,168,2020-03-16 20:00:00,2,Jackson Heights,1205.0,1531.0,2020,3,16,20,0,1
3152175,168,2020-03-17 00:00:00,2,Jackson Heights,39.0,127.0,2020,3,17,0,0,1
3152639,168,2020-03-17 04:00:00,2,Jackson Heights,1597.0,133.0,2020,3,17,4,0,1
3153108,168,2020-03-17 08:00:00,2,Jackson Heights,2775.0,456.0,2020,3,17,8,0,1
3153577,168,2020-03-17 12:00:00,2,Jackson Heights,1757.0,894.0,2020,3,17,12,0,1
3154046,168,2020-03-17 16:00:00,2,Jackson Heights,1410.0,1604.0,2020,3,17,16,0,1
3154515,168,2020-03-17 20:00:00,2,Jackson Heights,1425.0,1603.0,2020,3,17,20,0,1
3154977,168,2020-03-18 00:00:00,2,Jackson Heights,1258.0,615.0,2020,3,18,0,0,1
3155442,168,2020-03-18 04:00:00,2,Jackson Heights,76.0,13.0,2020,3,18,4,0,1
3155911,168,2020-03-18 08:00:00,2,Jackson Heights,1178.0,285.0,2020,3,18,8,0,1
3156380,168,2020-03-18 12:00:00,2,Jackson Heights,1495.0,900.0,2020,3,18,12,0,1
3156849,168,2020-03-18 16:00:00,2,Jackson Heights,1500.0,1526.0,2020,3,18,16,0,1
3157318,168,2020-03-18 20:00:00,2,Jackson Heights,864.0,1171.0,2020,3,18,20,0,1
3157781,168,2020-03-19 00:00:00,2,Jackson Heights,3.0,140.0,2020,3,19,0,0,1
3158243,168,2020-03-19 04:00:00,2,Jackson Heights,1261.0,124.0,2020,3,19,4,0,1
3158712,168,2020-03-19 08:00:00,2,Jackson Heights,2320.0,410.0,2020,3,19,8,0,1
3159181,168,2020-03-19 12:00:00,2,Jackson Heights,1460.0,744.0,2020,3,19,12,0,1
3159650,168,2020-03-19 16:00:00,2,Jackson Heights,1233.0,1243.0,2020,3,19,16,0,1
3160119,168,2020-03-19 20:00:00,2,Jackson Heights,758.0,1068.0,2020,3,19,20,0,1
3161044,168,2020-03-20 04:00:00,2,Jackson Heights,1235.0,110.0,2020,3,20,4,0,1
3161513,168,2020-03-20 08:00:00,2,Jackson Heights,2138.0,355.0,2020,3,20,8,0,1
3161982,168,2020-03-20 12:00:00,2,Jackson Heights,1370.0,783.0,2020,3,20,12,0,1
3162451,168,2020-03-20 16:00:00,2,Jackson Heights,1355.0,1289.0,2020,3,20,16,0,1
3162920,168,2020-03-20 20:00:00,2,Jackson Heights,773.0,1026.0,2020,3,20,20,0,1
3163389,168,2020-03-21 00:00:00,2,Jackson Heights,70.0,236.0,2020,3,21,0,0,1
3163858,168,2020-03-21 04:00:00,2,Jackson Heights,397.0,72.0,2020,3,21,4,0,1
3164324,168,2020-03-21 08:00:00,2,Jackson Heights,979.0,259.0,2020,3,21,8,0,1
3164793,168,2020-03-21 12:00:00,2,Jackson Heights,1061.0,577.0,2020,3,21,12,0,1
3165259,168,2020-03-21 16:00:00,2,Jackson Heights,950.0,703.0,2020,3,21,16,0,1
3165728,168,2020-03-21 20:00:00,2,Jackson Heights,503.0,569.0,2020,3,21,20,0,1
3166193,168,2020-03-22 00:00:00,2,Jackson Heights,66.0,234.0,2020,3,22,0,0,1
3166662,168,2020-03-22 04:00:00,2,Jackson Heights,202.0,51.0,2020,3,22,4,0,1
3167131,168,2020-03-22 08:00:00,2,Jackson Heights,567.0,154.0,2020,3,22,8,0,1
3167595,168,2020-03-22 12:00:00,2,Jackson Heights,619.0,293.0,2020,3,22,12,0,1
3168063,168,2020-03-22 16:00:00,2,Jackson Heights,506.0,420.0,2020,3,22,16,0,1
3168527,168,2020-03-22 20:00:00,2,Jackson Heights,293.0,406.0,2020,3,22,20,0,1
3168990,168,2020-03-23 00:00:00,2,Jackson Heights,0.0,26.0,2020,3,23,0,0,1
3169450,168,2020-03-23 04:00:00,2,Jackson Heights,624.0,64.0,2020,3,23,4,0,1
3169919,168,2020-03-23 08:00:00,2,Jackson Heights,1061.0,232.0,2020,3,23,8,0,1
3170388,168,2020-03-23 12:00:00,2,Jackson Heights,634.0,385.0,2020,3,23,12,0,1
3170857,168,2020-03-23 16:00:00,2,Jackson Heights,525.0,591.0,2020,3,23,16,0,1
3171326,168,2020-03-23 20:00:00,2,Jackson Heights,292.0,532.0,2020,3,23,20,0,1
3171789,168,2020-03-24 00:00:00,2,Jackson Heights,1.0,70.0,2020,3,24,0,0,1
3172258,168,2020-03-24 04:00:00,2,Jackson Heights,671.0,76.0,2020,3,24,4,0,1
3172727,168,2020-03-24 08:00:00,2,Jackson Heights,1105.0,188.0,2020,3,24,8,0,1
3173196,168,2020-03-24 12:00:00,2,Jackson Heights,641.0,426.0,2020,3,24,12,0,1
3173665,168,2020-03-24 16:00:00,2,Jackson Heights,593.0,657.0,2020,3,24,16,0,1
3174134,168,2020-03-24 20:00:00,2,Jackson Heights,337.0,547.0,2020,3,24,20,0,1
3174600,168,2020-03-25 00:00:00,2,Jackson Heights,5.0,21.0,2020,3,25,0,0,1
3175068,168,2020-03-25 04:00:00,2,Jackson Heights,636.0,72.0,2020,3,25,4,0,1
3175537,168,2020-03-25 08:00:00,2,Jackson Heights,1015.0,202.0,2020,3,25,8,0,1
3176006,168,2020-03-25 12:00:00,2,Jackson Heights,568.0,362.0,2020,3,25,12,0,1
3176475,168,2020-03-25 16:00:00,2,Jackson Heights,519.0,591.0,2020,3,25,16,0,1
3176944,168,2020-03-25 20:00:00,2,Jackson Heights,294.0,507.0,2020,3,25,20,0,1
3177407,168,2020-03-26 00:00:00,2,Jackson Heights,0.0,30.0,2020,3,26,0,0,1
3177876,168,2020-03-26 04:00:00,2,Jackson Heights,657.0,67.0,2020,3,26,4,0,1
3178345,168,2020-03-26 08:00:00,2,Jackson Heights,1034.0,189.0,2020,3,26,8,0,1
3178814,168,2020-03-26 12:00:00,2,Jackson Heights,567.0,319.0,2020,3,26,12,0,1
3179283,168,2020-03-26 16:00:00,2,Jackson Heights,525.0,549.0,2020,3,26,16,0,1
3179752,168,2020-03-26 20:00:00,2,Jackson Heights,285.0,518.0,2020,3,26,20,0,1
3180216,168,2020-03-27 00:00:00,2,Jackson Heights,1.0,49.0,2020,3,27,0,0,1
3180685,168,2020-03-27 04:00:00,2,Jackson Heights,613.0,71.0,2020,3,27,4,0,1
3181153,168,2020-03-27 08:00:00,2,Jackson Heights,999.0,197.0,2020,3,27,8,0,1
3181620,168,2020-03-27 12:00:00,2,Jackson Heights,583.0,326.0,2020,3,27,12,0,1
3182088,168,2020-03-27 16:00:00,2,Jackson Heights,541.0,497.0,2020,3,27,16,0,1
3182555,168,2020-03-27 20:00:00,2,Jackson Heights,277.0,451.0,2020,3,27,20,0,1
3183023,168,2020-03-28 00:00:00,2,Jackson Heights,16.0,157.0,2020,3,28,0,0,1
3183491,168,2020-03-28 04:00:00,2,Jackson Heights,186.0,60.0,2020,3,28,4,0,1
3183960,168,2020-03-28 08:00:00,2,Jackson Heights,473.0,126.0,2020,3,28,8,0,1
3184429,168,2020-03-28 12:00:00,2,Jackson Heights,458.0,236.0,2020,3,28,12,0,1
3184898,168,2020-03-28 16:00:00,2,Jackson Heights,347.0,302.0,2020,3,28,16,0,1
3185366,168,2020-03-28 20:00:00,2,Jackson Heights,184.0,303.0,2020,3,28,20,0,1
3185835,168,2020-03-29 00:00:00,2,Jackson Heights,26.0,139.0,2020,3,29,0,0,1
3186303,168,2020-03-29 04:00:00,2,Jackson Heights,121.0,38.0,2020,3,29,4,0,1
3186771,168,2020-03-29 08:00:00,2,Jackson Heights,326.0,80.0,2020,3,29,8,0,1
3187239,168,2020-03-29 12:00:00,2,Jackson Heights,345.0,170.0,2020,3,29,12,0,1
3187706,168,2020-03-29 16:00:00,2,Jackson Heights,270.0,220.0,2020,3,29,16,0,1
3188174,168,2020-03-29 20:00:00,2,Jackson Heights,166.0,258.0,2020,3,29,20,0,1
3188637,168,2020-03-30 00:00:00,2,Jackson Heights,4.0,121.0,2020,3,30,0,0,1
3189104,168,2020-03-30 04:00:00,2,Jackson Heights,400.0,48.0,2020,3,30,4,0,1
3189573,168,2020-03-30 08:00:00,2,Jackson Heights,723.0,159.0,2020,3,30,8,0,1
3190042,168,2020-03-30 12:00:00,2,Jackson Heights,478.0,297.0,2020,3,30,12,0,1
3190511,168,2020-03-30 16:00:00,2,Jackson Heights,411.0,413.0,2020,3,30,16,0,1
3190980,168,2020-03-30 20:00:00,2,Jackson Heights,238.0,371.0,2020,3,30,20,0,1
3191447,168,2020-03-31 00:00:00,2,Jackson Heights,4.0,61.0,2020,3,31,0,0,1
3191915,168,2020-03-31 04:00:00,2,Jackson Heights,373.0,57.0,2020,3,31,4,0,1
3192384,168,2020-03-31 08:00:00,2,Jackson Heights,673.0,115.0,2020,3,31,8,0,1
3192853,168,2020-03-31 12:00:00,2,Jackson Heights,473.0,262.0,2020,3,31,12,0,1
3193322,168,2020-03-31 16:00:00,2,Jackson Heights,401.0,439.0,2020,3,31,16,0,1
3193791,168,2020-03-31 20:00:00,2,Jackson Heights,212.0,377.0,2020,3,31,20,0,1
3194259,168,2020-04-01 00:00:00,2,Jackson Heights,0.0,13.0,2020,4,1,0,0,1
3194728,168,2020-04-01 04:00:00,2,Jackson Heights,362.0,54.0,2020,4,1,4,0,1
3195197,168,2020-04-01 08:00:00,2,Jackson Heights,606.0,127.0,2020,4,1,8,0,1
3195666,168,2020-04-01 12:00:00,2,Jackson Heights,448.0,242.0,2020,4,1,12,0,1
3196135,168,2020-04-01 16:00:00,2,Jackson Heights,397.0,368.0,2020,4,1,16,0,1
3196604,168,2020-04-01 20:00:00,2,Jackson Heights,194.0,361.0,2020,4,1,20,0,1
3197073,168,2020-04-02 00:00:00,2,Jackson Heights,12.0,120.0,2020,4,2,0,0,1
3197541,168,2020-04-02 04:00:00,2,Jackson Heights,335.0,49.0,2020,4,2,4,0,1
3198010,168,2020-04-02 08:00:00,2,Jackson Heights,608.0,121.0,2020,4,2,8,0,1
3198479,168,2020-04-02 12:00:00,2,Jackson Heights,430.0,196.0,2020,4,2,12,0,1
3198948,168,2020-04-02 16:00:00,2,Jackson Heights,348.0,299.0,2020,4,2,16,0,1
3199417,168,2020-04-02 20:00:00,2,Jackson Heights,183.0,322.0,2020,4,2,20,0,1
3199884,168,2020-04-03 00:00:00,2,Jackson Heights,4.0,100.0,2020,4,3,0,0,1
3200353,168,2020-04-03 04:00:00,2,Jackson Heights,326.0,49.0,2020,4,3,4,0,1
3200822,168,2020-04-03 08:00:00,2,Jackson Heights,620.0,133.0,2020,4,3,8,0,1
3201291,168,2020-04-03 12:00:00,2,Jackson Heights,461.0,223.0,2020,4,3,12,0,1
3201760,168,2020-04-03 16:00:00,2,Jackson Heights,380.0,311.0,2020,4,3,16,0,1
3202229,168,2020-04-03 20:00:00,2,Jackson Heights,202.0,329.0,2020,4,3,20,0,1
3202698,168,2020-04-04 00:00:00,2,Jackson Heights,19.0,126.0,2020,4,4,0,0,1
3203166,168,2020-04-04 04:00:00,2,Jackson Heights,103.0,45.0,2020,4,4,4,0,1
3203635,168,2020-04-04 08:00:00,2,Jackson Heights,365.0,104.0,2020,4,4,8,0,1
3204103,168,2020-04-04 12:00:00,2,Jackson Heights,358.0,179.0,2020,4,4,12,0,1
3204571,168,2020-04-04 16:00:00,2,Jackson Heights,270.0,227.0,2020,4,4,16,0,1
3205039,168,2020-04-04 20:00:00,2,Jackson Heights,138.0,235.0,2020,4,4,20,0,1
3205507,168,2020-04-05 00:00:00,2,Jackson Heights,24.0,121.0,2020,4,5,0,0,1
3205976,168,2020-04-05 04:00:00,2,Jackson Heights,104.0,44.0,2020,4,5,4,0,1
3206443,168,2020-04-05 08:00:00,2,Jackson Heights,279.0,63.0,2020,4,5,8,0,1
3206911,168,2020-04-05 12:00:00,2,Jackson Heights,311.0,132.0,2020,4,5,12,0,1
3207378,168,2020-04-05 16:00:00,2,Jackson Heights,217.0,174.0,2020,4,5,16,0,1
3207846,168,2020-04-05 20:00:00,2,Jackson Heights,113.0,219.0,2020,4,5,20,0,1
3208312,168,2020-04-06 00:00:00,2,Jackson Heights,5.0,93.0,2020,4,6,0,0,1
3208778,168,2020-04-06 04:00:00,2,Jackson Heights,280.0,46.0,2020,4,6,4,0,1
3209247,168,2020-04-06 08:00:00,2,Jackson Heights,562.0,128.0,2020,4,6,8,0,1
3209716,168,2020-04-06 12:00:00,2,Jackson Heights,442.0,213.0,2020,4,6,12,0,1
3210185,168,2020-04-06 16:00:00,2,Jackson Heights,332.0,321.0,2020,4,6,16,0,1
3210654,168,2020-04-06 20:00:00,2,Jackson Heights,170.0,319.0,2020,4,6,20,0,1
3211121,168,2020-04-07 00:00:00,2,Jackson Heights,2.0,70.0,2020,4,7,0,0,1
3211590,168,2020-04-07 04:00:00,2,Jackson Heights,305.0,61.0,2020,4,7,4,0,1
3212059,168,2020-04-07 08:00:00,2,Jackson Heights,532.0,108.0,2020,4,7,8,0,1
3212528,168,2020-04-07 12:00:00,2,Jackson Heights,379.0,184.0,2020,4,7,12,0,1
3212997,168,2020-04-07 16:00:00,2,Jackson Heights,323.0,275.0,2020,4,7,16,0,1
3213466,168,2020-04-07 20:00:00,2,Jackson Heights,157.0,301.0,2020,4,7,20,0,1
3213933,168,2020-04-08 00:00:00,2,Jackson Heights,9.0,70.0,2020,4,8,0,0,1
3214402,168,2020-04-08 04:00:00,2,Jackson Heights,268.0,38.0,2020,4,8,4,0,1
3214871,168,2020-04-08 08:00:00,2,Jackson Heights,515.0,137.0,2020,4,8,8,0,1
3215340,168,2020-04-08 12:00:00,2,Jackson Heights,258.0,143.0,2020,4,8,12,0,1
3215809,168,2020-04-08 16:00:00,2,Jackson Heights,187.0,231.0,2020,4,8,16,0,1
3216278,168,2020-04-08 20:00:00,2,Jackson Heights,179.0,308.0,2020,4,8,20,0,1
3216746,168,2020-04-09 00:00:00,2,Jackson Heights,9.0,89.0,2020,4,9,0,0,1
3217215,168,2020-04-09 04:00:00,2,Jackson Heights,246.0,41.0,2020,4,9,4,0,1
3217684,168,2020-04-09 08:00:00,2,Jackson Heights,461.0,124.0,2020,4,9,8,0,1
3218153,168,2020-04-09 12:00:00,2,Jackson Heights,343.0,180.0,2020,4,9,12,0,1
3218622,168,2020-04-09 16:00:00,2,Jackson Heights,268.0,223.0,2020,4,9,16,0,1
3219091,168,2020-04-09 20:00:00,2,Jackson Heights,140.0,245.0,2020,4,9,20,0,1
3219560,168,2020-04-10 00:00:00,2,Jackson Heights,6.0,100.0,2020,4,10,0,0,1
3220029,168,2020-04-10 04:00:00,2,Jackson Heights,242.0,53.0,2020,4,10,4,0,1
3220498,168,2020-04-10 08:00:00,2,Jackson Heights,477.0,120.0,2020,4,10,8,0,1
3220967,168,2020-04-10 12:00:00,2,Jackson Heights,362.0,179.0,2020,4,10,12,0,1
3221436,168,2020-04-10 16:00:00,2,Jackson Heights,279.0,285.0,2020,4,10,16,0,1
3221905,168,2020-04-10 20:00:00,2,Jackson Heights,141.0,275.0,2020,4,10,20,0,1
3222374,168,2020-04-11 00:00:00,2,Jackson Heights,20.0,98.0,2020,4,11,0,0,1
3222842,168,2020-04-11 04:00:00,2,Jackson Heights,120.0,48.0,2020,4,11,4,0,1
3223310,168,2020-04-11 08:00:00,2,Jackson Heights,324.0,92.0,2020,4,11,8,0,1
3223779,168,2020-04-11 12:00:00,2,Jackson Heights,332.0,154.0,2020,4,11,12,0,1
3224248,168,2020-04-11 16:00:00,2,Jackson Heights,220.0,207.0,2020,4,11,16,0,1
3224717,168,2020-04-11 20:00:00,2,Jackson Heights,116.0,175.0,2020,4,11,20,0,1
3225185,168,2020-04-12 00:00:00,2,Jackson Heights,26.0,123.0,2020,4,12,0,0,1
3225654,168,2020-04-12 04:00:00,2,Jackson Heights,96.0,44.0,2020,4,12,4,0,1
3226123,168,2020-04-12 08:00:00,2,Jackson Heights,239.0,61.0,2020,4,12,8,0,1
3226591,168,2020-04-12 12:00:00,2,Jackson Heights,257.0,105.0,2020,4,12,12,0,1
3227060,168,2020-04-12 16:00:00,2,Jackson Heights,178.0,127.0,2020,4,12,16,0,1
3227528,168,2020-04-12 20:00:00,2,Jackson Heights,102.0,171.0,2020,4,12,20,0,1
3227994,168,2020-04-13 00:00:00,2,Jackson Heights,5.0,68.0,2020,4,13,0,0,1
3228462,168,2020-04-13 04:00:00,2,Jackson Heights,265.0,66.0,2020,4,13,4,0,1
3228931,168,2020-04-13 08:00:00,2,Jackson Heights,491.0,114.0,2020,4,13,8,0,1
3229400,168,2020-04-13 12:00:00,2,Jackson Heights,335.0,174.0,2020,4,13,12,0,1
3229869,168,2020-04-13 16:00:00,2,Jackson Heights,267.0,265.0,2020,4,13,16,0,1
3230338,168,2020-04-13 20:00:00,2,Jackson Heights,145.0,288.0,2020,4,13,20,0,1
3230805,168,2020-04-14 00:00:00,2,Jackson Heights,4.0,51.0,2020,4,14,0,0,1
3231273,168,2020-04-14 04:00:00,2,Jackson Heights,293.0,65.0,2020,4,14,4,0,1
3231742,168,2020-04-14 08:00:00,2,Jackson Heights,548.0,134.0,2020,4,14,8,0,1
3232211,168,2020-04-14 12:00:00,2,Jackson Heights,438.0,241.0,2020,4,14,12,0,1
3232680,168,2020-04-14 16:00:00,2,Jackson Heights,359.0,319.0,2020,4,14,16,0,1
3233148,168,2020-04-14 20:00:00,2,Jackson Heights,178.0,293.0,2020,4,14,20,0,1
3233615,168,2020-04-15 00:00:00,2,Jackson Heights,6.0,88.0,2020,4,15,0,0,1
3234084,168,2020-04-15 04:00:00,2,Jackson Heights,283.0,33.0,2020,4,15,4,0,1
3234553,168,2020-04-15 08:00:00,2,Jackson Heights,526.0,125.0,2020,4,15,8,0,1
3235022,168,2020-04-15 12:00:00,2,Jackson Heights,374.0,203.0,2020,4,15,12,0,1
3235491,168,2020-04-15 16:00:00,2,Jackson Heights,302.0,309.0,2020,4,15,16,0,1
3235960,168,2020-04-15 20:00:00,2,Jackson Heights,173.0,297.0,2020,4,15,20,0,1
3236428,168,2020-04-16 00:00:00,2,Jackson Heights,4.0,13.0,2020,4,16,0,0,1
3236897,168,2020-04-16 04:00:00,2,Jackson Heights,288.0,51.0,2020,4,16,4,0,1
3237366,168,2020-04-16 08:00:00,2,Jackson Heights,553.0,139.0,2020,4,16,8,0,1
3237835,168,2020-04-16 12:00:00,2,Jackson Heights,422.0,203.0,2020,4,16,12,0,1
3238304,168,2020-04-16 16:00:00,2,Jackson Heights,337.0,294.0,2020,4,16,16,0,1
3238772,168,2020-04-16 20:00:00,2,Jackson Heights,173.0,319.0,2020,4,16,20,0,1
3239239,168,2020-04-17 00:00:00,2,Jackson Heights,5.0,58.0,2020,4,17,0,0,1
3239707,168,2020-04-17 04:00:00,2,Jackson Heights,306.0,33.0,2020,4,17,4,0,1
3240176,168,2020-04-17 08:00:00,2,Jackson Heights,569.0,130.0,2020,4,17,8,0,1
3240645,168,2020-04-17 12:00:00,2,Jackson Heights,439.0,229.0,2020,4,17,12,0,1
3241114,168,2020-04-17 16:00:00,2,Jackson Heights,358.0,297.0,2020,4,17,16,0,1
3241583,168,2020-04-17 20:00:00,2,Jackson Heights,163.0,305.0,2020,4,17,20,0,1
3242052,168,2020-04-18 00:00:00,2,Jackson Heights,14.0,109.0,2020,4,18,0,0,1
3242520,168,2020-04-18 04:00:00,2,Jackson Heights,144.0,25.0,2020,4,18,4,0,1
3242989,168,2020-04-18 08:00:00,2,Jackson Heights,363.0,92.0,2020,4,18,8,0,1
3243457,168,2020-04-18 12:00:00,2,Jackson Heights,328.0,166.0,2020,4,18,12,0,1
3243925,168,2020-04-18 16:00:00,2,Jackson Heights,227.0,210.0,2020,4,18,16,0,1
3244394,168,2020-04-18 20:00:00,2,Jackson Heights,130.0,246.0,2020,4,18,20,0,1
3244862,168,2020-04-19 00:00:00,2,Jackson Heights,23.0,112.0,2020,4,19,0,0,1
3245331,168,2020-04-19 04:00:00,2,Jackson Heights,110.0,35.0,2020,4,19,4,0,1
3245799,168,2020-04-19 08:00:00,2,Jackson Heights,278.0,64.0,2020,4,19,8,0,1
3246268,168,2020-04-19 12:00:00,2,Jackson Heights,317.0,123.0,2020,4,19,12,0,1
3246737,168,2020-04-19 16:00:00,2,Jackson Heights,234.0,197.0,2020,4,19,16,0,1
3247206,168,2020-04-19 20:00:00,2,Jackson Heights,120.0,207.0,2020,4,19,20,0,1
3247675,168,2020-04-20 00:00:00,2,Jackson Heights,0.0,52.0,2020,4,20,0,0,1
3248143,168,2020-04-20 04:00:00,2,Jackson Heights,373.0,55.0,2020,4,20,4,0,1
3248612,168,2020-04-20 08:00:00,2,Jackson Heights,623.0,145.0,2020,4,20,8,0,1
3249081,168,2020-04-20 12:00:00,2,Jackson Heights,416.0,220.0,2020,4,20,12,0,1
3249550,168,2020-04-20 16:00:00,2,Jackson Heights,353.0,344.0,2020,4,20,16,0,1
3250019,168,2020-04-20 20:00:00,2,Jackson Heights,173.0,347.0,2020,4,20,20,0,1
3250485,168,2020-04-21 00:00:00,2,Jackson Heights,0.0,55.0,2020,4,21,0,0,1
3250954,168,2020-04-21 04:00:00,2,Jackson Heights,368.0,67.0,2020,4,21,4,0,1
3251423,168,2020-04-21 08:00:00,2,Jackson Heights,632.0,118.0,2020,4,21,8,0,1
3251892,168,2020-04-21 12:00:00,2,Jackson Heights,384.0,212.0,2020,4,21,12,0,1
3252361,168,2020-04-21 16:00:00,2,Jackson Heights,307.0,374.0,2020,4,21,16,0,1
3252830,168,2020-04-21 20:00:00,2,Jackson Heights,175.0,295.0,2020,4,21,20,0,1
3253296,168,2020-04-22 00:00:00,2,Jackson Heights,6.0,67.0,2020,4,22,0,0,1
3253765,168,2020-04-22 04:00:00,2,Jackson Heights,370.0,40.0,2020,4,22,4,0,1
3254234,168,2020-04-22 08:00:00,2,Jackson Heights,658.0,143.0,2020,4,22,8,0,1
3254703,168,2020-04-22 12:00:00,2,Jackson Heights,439.0,186.0,2020,4,22,12,0,1
3255172,168,2020-04-22 16:00:00,2,Jackson Heights,338.0,371.0,2020,4,22,16,0,1
3255641,168,2020-04-22 20:00:00,2,Jackson Heights,183.0,377.0,2020,4,22,20,0,1
3256107,168,2020-04-23 00:00:00,2,Jackson Heights,5.0,89.0,2020,4,23,0,0,1
3256575,168,2020-04-23 04:00:00,2,Jackson Heights,379.0,58.0,2020,4,23,4,0,1
3257044,168,2020-04-23 08:00:00,2,Jackson Heights,651.0,150.0,2020,4,23,8,0,1
3257513,168,2020-04-23 12:00:00,2,Jackson Heights,412.0,233.0,2020,4,23,12,0,1
3257982,168,2020-04-23 16:00:00,2,Jackson Heights,354.0,368.0,2020,4,23,16,0,1
3258451,168,2020-04-23 20:00:00,2,Jackson Heights,190.0,385.0,2020,4,23,20,0,1
3258919,168,2020-04-24 00:00:00,2,Jackson Heights,2.0,59.0,2020,4,24,0,0,1
3259388,168,2020-04-24 04:00:00,2,Jackson Heights,366.0,53.0,2020,4,24,4,0,1
3259857,168,2020-04-24 08:00:00,2,Jackson Heights,675.0,142.0,2020,4,24,8,0,1
3260326,168,2020-04-24 12:00:00,2,Jackson Heights,446.0,234.0,2020,4,24,12,0,1
3260795,168,2020-04-24 16:00:00,2,Jackson Heights,326.0,390.0,2020,4,24,16,0,1
3261264,168,2020-04-24 20:00:00,2,Jackson Heights,193.0,398.0,2020,4,24,20,0,1
3261733,168,2020-04-25 00:00:00,2,Jackson Heights,32.0,134.0,2020,4,25,0,0,1
3262202,168,2020-04-25 04:00:00,2,Jackson Heights,170.0,39.0,2020,4,25,4,0,1
3262668,168,2020-04-25 08:00:00,2,Jackson Heights,433.0,132.0,2020,4,25,8,0,1
3263136,168,2020-04-25 12:00:00,2,Jackson Heights,463.0,258.0,2020,4,25,12,0,1
3263604,168,2020-04-25 16:00:00,2,Jackson Heights,333.0,300.0,2020,4,25,16,0,1
3264072,168,2020-04-25 20:00:00,2,Jackson Heights,164.0,294.0,2020,4,25,20,0,1
3264540,168,2020-04-26 00:00:00,2,Jackson Heights,34.0,139.0,2020,4,26,0,0,1
3265008,168,2020-04-26 04:00:00,2,Jackson Heights,112.0,38.0,2020,4,26,4,0,1
3265477,168,2020-04-26 08:00:00,2,Jackson Heights,316.0,69.0,2020,4,26,8,0,1
3265946,168,2020-04-26 12:00:00,2,Jackson Heights,338.0,134.0,2020,4,26,12,0,1
3266415,168,2020-04-26 16:00:00,2,Jackson Heights,217.0,200.0,2020,4,26,16,0,1
3266884,168,2020-04-26 20:00:00,2,Jackson Heights,115.0,247.0,2020,4,26,20,0,1
3267351,168,2020-04-27 00:00:00,2,Jackson Heights,1.0,31.0,2020,4,27,0,0,1
3267819,168,2020-04-27 04:00:00,2,Jackson Heights,410.0,66.0,2020,4,27,4,0,1
3268288,168,2020-04-27 08:00:00,2,Jackson Heights,722.0,178.0,2020,4,27,8,0,1
3268757,168,2020-04-27 12:00:00,2,Jackson Heights,464.0,282.0,2020,4,27,12,0,1
3269226,168,2020-04-27 16:00:00,2,Jackson Heights,381.0,426.0,2020,4,27,16,0,1
3269695,168,2020-04-27 20:00:00,2,Jackson Heights,215.0,408.0,2020,4,27,20,0,1
3270160,168,2020-04-28 00:00:00,2,Jackson Heights,3.0,7.0,2020,4,28,0,0,1
3270629,168,2020-04-28 04:00:00,2,Jackson Heights,455.0,70.0,2020,4,28,4,0,1
3271098,168,2020-04-28 08:00:00,2,Jackson Heights,755.0,152.0,2020,4,28,8,0,1
3271567,168,2020-04-28 12:00:00,2,Jackson Heights,479.0,254.0,2020,4,28,12,0,1
3272036,168,2020-04-28 16:00:00,2,Jackson Heights,422.0,462.0,2020,4,28,16,0,1
3272505,168,2020-04-28 20:00:00,2,Jackson Heights,211.0,436.0,2020,4,28,20,0,1
3272969,168,2020-04-29 00:00:00,2,Jackson Heights,2.0,66.0,2020,4,29,0,0,1
3273435,168,2020-04-29 04:00:00,2,Jackson Heights,454.0,45.0,2020,4,29,4,0,1
3273904,168,2020-04-29 08:00:00,2,Jackson Heights,758.0,173.0,2020,4,29,8,0,1
3274373,168,2020-04-29 12:00:00,2,Jackson Heights,474.0,270.0,2020,4,29,12,0,1
3274842,168,2020-04-29 16:00:00,2,Jackson Heights,392.0,457.0,2020,4,29,16,0,1
3275311,168,2020-04-29 20:00:00,2,Jackson Heights,210.0,456.0,2020,4,29,20,0,1
3275775,168,2020-04-30 00:00:00,2,Jackson Heights,1.0,49.0,2020,4,30,0,0,1
3276244,168,2020-04-30 04:00:00,2,Jackson Heights,439.0,45.0,2020,4,30,4,0,1
3276713,168,2020-04-30 08:00:00,2,Jackson Heights,775.0,174.0,2020,4,30,8,0,1
3277182,168,2020-04-30 12:00:00,2,Jackson Heights,469.0,275.0,2020,4,30,12,0,1
3277651,168,2020-04-30 16:00:00,2,Jackson Heights,353.0,423.0,2020,4,30,16,0,1
3278120,168,2020-04-30 20:00:00,2,Jackson Heights,205.0,439.0,2020,4,30,20,0,1
3278587,168,2020-05-01 00:00:00,2,Jackson Heights,3.0,102.0,2020,5,1,0,0,1
3279056,168,2020-05-01 04:00:00,2,Jackson Heights,430.0,52.0,2020,5,1,4,0,1
3279525,168,2020-05-01 08:00:00,2,Jackson Heights,767.0,171.0,2020,5,1,8,0,1
3279994,168,2020-05-01 12:00:00,2,Jackson Heights,518.0,266.0,2020,5,1,12,0,1
3280463,168,2020-05-01 16:00:00,2,Jackson Heights,415.0,433.0,2020,5,1,16,0,1
3280932,168,2020-05-01 20:00:00,2,Jackson Heights,205.0,450.0,2020,5,1,20,0,1
3281401,168,2020-05-02 00:00:00,2,Jackson Heights,22.0,101.0,2020,5,2,0,0,1
3281870,168,2020-05-02 04:00:00,2,Jackson Heights,196.0,50.0,2020,5,2,4,0,1
3282339,168,2020-05-02 08:00:00,2,Jackson Heights,529.0,131.0,2020,5,2,8,0,1
3282808,168,2020-05-02 12:00:00,2,Jackson Heights,561.0,256.0,2020,5,2,12,0,1
3283277,168,2020-05-02 16:00:00,2,Jackson Heights,399.0,407.0,2020,5,2,16,0,1
3283746,168,2020-05-02 20:00:00,2,Jackson Heights,184.0,437.0,2020,5,2,20,0,1
3284215,168,2020-05-03 00:00:00,2,Jackson Heights,28.0,184.0,2020,5,3,0,0,1
3284684,168,2020-05-03 04:00:00,2,Jackson Heights,111.0,32.0,2020,5,3,4,0,1
3285152,168,2020-05-03 08:00:00,2,Jackson Heights,349.0,92.0,2020,5,3,8,0,1
3285621,168,2020-05-03 12:00:00,2,Jackson Heights,439.0,165.0,2020,5,3,12,0,1
3286090,168,2020-05-03 16:00:00,2,Jackson Heights,320.0,273.0,2020,5,3,16,0,1
3286559,168,2020-05-03 20:00:00,2,Jackson Heights,166.0,320.0,2020,5,3,20,0,1
3287026,168,2020-05-04 00:00:00,2,Jackson Heights,6.0,127.0,2020,5,4,0,0,1
3287495,168,2020-05-04 04:00:00,2,Jackson Heights,499.0,54.0,2020,5,4,4,0,1
3287964,168,2020-05-04 08:00:00,2,Jackson Heights,887.0,158.0,2020,5,4,8,0,1
3288433,168,2020-05-04 12:00:00,2,Jackson Heights,572.0,302.0,2020,5,4,12,0,1
3288902,168,2020-05-04 16:00:00,2,Jackson Heights,444.0,538.0,2020,5,4,16,0,1
3289371,168,2020-05-04 20:00:00,2,Jackson Heights,238.0,483.0,2020,5,4,20,0,1
3289835,168,2020-05-05 00:00:00,2,Jackson Heights,0.0,91.0,2020,5,5,0,0,1
3290304,168,2020-05-05 04:00:00,2,Jackson Heights,535.0,67.0,2020,5,5,4,0,1
3290773,168,2020-05-05 08:00:00,2,Jackson Heights,934.0,172.0,2020,5,5,8,0,1
3291242,168,2020-05-05 12:00:00,2,Jackson Heights,566.0,287.0,2020,5,5,12,0,1
3291711,168,2020-05-05 16:00:00,2,Jackson Heights,446.0,544.0,2020,5,5,16,0,1
3292180,168,2020-05-05 20:00:00,2,Jackson Heights,255.0,545.0,2020,5,5,20,0,1
3293110,168,2020-05-06 04:00:00,2,Jackson Heights,506.0,38.0,2020,5,6,4,0,1
3293579,168,2020-05-06 08:00:00,2,Jackson Heights,886.0,146.0,2020,5,6,8,0,1
3294048,168,2020-05-06 12:00:00,2,Jackson Heights,526.0,271.0,2020,5,6,12,0,1
3294517,168,2020-05-06 16:00:00,2,Jackson Heights,422.0,494.0,2020,5,6,16,0,1
3294986,168,2020-05-06 20:00:00,2,Jackson Heights,231.0,501.0,2020,5,6,20,0,1
3295916,168,2020-05-07 04:00:00,2,Jackson Heights,539.0,36.0,2020,5,7,4,0,1
3296385,168,2020-05-07 08:00:00,2,Jackson Heights,946.0,183.0,2020,5,7,8,0,1
3296854,168,2020-05-07 12:00:00,2,Jackson Heights,588.0,333.0,2020,5,7,12,0,1
3297323,168,2020-05-07 16:00:00,2,Jackson Heights,492.0,553.0,2020,5,7,16,0,1
3297792,168,2020-05-07 20:00:00,2,Jackson Heights,251.0,548.0,2020,5,7,20,0,1
3298723,168,2020-05-08 04:00:00,2,Jackson Heights,531.0,42.0,2020,5,8,4,0,1
3299192,168,2020-05-08 08:00:00,2,Jackson Heights,978.0,187.0,2020,5,8,8,0,1
3299661,168,2020-05-08 12:00:00,2,Jackson Heights,637.0,358.0,2020,5,8,12,0,1
3300130,168,2020-05-08 16:00:00,2,Jackson Heights,482.0,572.0,2020,5,8,16,0,1
3300599,168,2020-05-08 20:00:00,2,Jackson Heights,240.0,509.0,2020,5,8,20,0,1
3301066,168,2020-05-09 00:00:00,2,Jackson Heights,15.0,152.0,2020,5,9,0,0,1
3301533,168,2020-05-09 04:00:00,2,Jackson Heights,208.0,53.0,2020,5,9,4,0,1
3302000,168,2020-05-09 08:00:00,2,Jackson Heights,471.0,96.0,2020,5,9,8,0,1
3302468,168,2020-05-09 12:00:00,2,Jackson Heights,378.0,131.0,2020,5,9,12,0,1
3302934,168,2020-05-09 16:00:00,2,Jackson Heights,284.0,166.0,2020,5,9,16,0,1
3303403,168,2020-05-09 20:00:00,2,Jackson Heights,194.0,203.0,2020,5,9,20,0,1
3303869,168,2020-05-10 00:00:00,2,Jackson Heights,183.0,227.0,2020,5,10,0,0,1
3304335,168,2020-05-10 04:00:00,2,Jackson Heights,246.0,231.0,2020,5,10,4,0,1
3304803,168,2020-05-10 08:00:00,2,Jackson Heights,316.0,239.0,2020,5,10,8,0,1
3305270,168,2020-05-10 12:00:00,2,Jackson Heights,383.0,247.0,2020,5,10,12,0,1
3305738,168,2020-05-10 16:00:00,2,Jackson Heights,311.0,281.0,2020,5,10,16,0,1
3306206,168,2020-05-10 20:00:00,2,Jackson Heights,195.0,310.0,2020,5,10,20,0,1
3306670,168,2020-05-11 00:00:00,2,Jackson Heights,0.0,28.0,2020,5,11,0,0,1
3307135,168,2020-05-11 04:00:00,2,Jackson Heights,553.0,45.0,2020,5,11,4,0,1
3307604,168,2020-05-11 08:00:00,2,Jackson Heights,967.0,167.0,2020,5,11,8,0,1
3308073,168,2020-05-11 12:00:00,2,Jackson Heights,553.0,301.0,2020,5,11,12,0,1
3308542,168,2020-05-11 16:00:00,2,Jackson Heights,472.0,569.0,2020,5,11,16,0,1
3309011,168,2020-05-11 20:00:00,2,Jackson Heights,282.0,521.0,2020,5,11,20,0,1
3309471,168,2020-05-12 00:00:00,2,Jackson Heights,0.0,17.0,2020,5,12,0,0,1
3309939,168,2020-05-12 04:00:00,2,Jackson Heights,571.0,70.0,2020,5,12,4,0,1
3310408,168,2020-05-12 08:00:00,2,Jackson Heights,999.0,165.0,2020,5,12,8,0,1
3310877,168,2020-05-12 12:00:00,2,Jackson Heights,602.0,293.0,2020,5,12,12,0,1
3311346,168,2020-05-12 16:00:00,2,Jackson Heights,487.0,556.0,2020,5,12,16,0,1
3311815,168,2020-05-12 20:00:00,2,Jackson Heights,263.0,571.0,2020,5,12,20,0,1
3312275,168,2020-05-13 00:00:00,2,Jackson Heights,0.0,21.0,2020,5,13,0,0,1
3312742,168,2020-05-13 04:00:00,2,Jackson Heights,577.0,29.0,2020,5,13,4,0,1
3313211,168,2020-05-13 08:00:00,2,Jackson Heights,1008.0,164.0,2020,5,13,8,0,1
3313680,168,2020-05-13 12:00:00,2,Jackson Heights,629.0,310.0,2020,5,13,12,0,1
3314149,168,2020-05-13 16:00:00,2,Jackson Heights,520.0,553.0,2020,5,13,16,0,1
3314618,168,2020-05-13 20:00:00,2,Jackson Heights,277.0,563.0,2020,5,13,20,0,1
3315080,168,2020-05-14 00:00:00,2,Jackson Heights,1.0,50.0,2020,5,14,0,0,1
3315547,168,2020-05-14 04:00:00,2,Jackson Heights,530.0,37.0,2020,5,14,4,0,1
3316016,168,2020-05-14 08:00:00,2,Jackson Heights,1073.0,174.0,2020,5,14,8,0,1
3316485,168,2020-05-14 12:00:00,2,Jackson Heights,670.0,302.0,2020,5,14,12,0,1
3316954,168,2020-05-14 16:00:00,2,Jackson Heights,513.0,557.0,2020,5,14,16,0,1
3317423,168,2020-05-14 20:00:00,2,Jackson Heights,280.0,587.0,2020,5,14,20,0,1
3318354,168,2020-05-15 04:00:00,2,Jackson Heights,580.0,38.0,2020,5,15,4,0,1
3318823,168,2020-05-15 08:00:00,2,Jackson Heights,1063.0,177.0,2020,5,15,8,0,1
3319292,168,2020-05-15 12:00:00,2,Jackson Heights,714.0,348.0,2020,5,15,12,0,1
3319761,168,2020-05-15 16:00:00,2,Jackson Heights,589.0,575.0,2020,5,15,16,0,1
3320230,168,2020-05-15 20:00:00,2,Jackson Heights,277.0,573.0,2020,5,15,20,0,1
3320697,168,2020-05-16 00:00:00,2,Jackson Heights,20.0,37.0,2020,5,16,0,0,1
3321166,168,2020-05-16 04:00:00,2,Jackson Heights,172.0,26.0,2020,5,16,4,0,1
3321634,168,2020-05-16 08:00:00,2,Jackson Heights,532.0,109.0,2020,5,16,8,0,1
3322102,168,2020-05-16 12:00:00,2,Jackson Heights,617.0,221.0,2020,5,16,12,0,1
3322570,168,2020-05-16 16:00:00,2,Jackson Heights,460.0,320.0,2020,5,16,16,0,1
3323038,168,2020-05-16 20:00:00,2,Jackson Heights,196.0,355.0,2020,5,16,20,0,1
3323507,168,2020-05-17 00:00:00,2,Jackson Heights,27.0,186.0,2020,5,17,0,0,1
3323975,168,2020-05-17 04:00:00,2,Jackson Heights,100.0,29.0,2020,5,17,4,0,1
3324443,168,2020-05-17 08:00:00,2,Jackson Heights,326.0,68.0,2020,5,17,8,0,1
3324910,168,2020-05-17 12:00:00,2,Jackson Heights,452.0,161.0,2020,5,17,12,0,1
3325379,168,2020-05-17 16:00:00,2,Jackson Heights,347.0,249.0,2020,5,17,16,0,1
3325846,168,2020-05-17 20:00:00,2,Jackson Heights,184.0,309.0,2020,5,17,20,0,1
3326308,168,2020-05-18 00:00:00,2,Jackson Heights,5.0,104.0,2020,5,18,0,0,1
3326774,168,2020-05-18 04:00:00,2,Jackson Heights,553.0,43.0,2020,5,18,4,0,1
3327243,168,2020-05-18 08:00:00,2,Jackson Heights,1102.0,206.0,2020,5,18,8,0,1
3327712,168,2020-05-18 12:00:00,2,Jackson Heights,688.0,337.0,2020,5,18,12,0,1
3328181,168,2020-05-18 16:00:00,2,Jackson Heights,558.0,656.0,2020,5,18,16,0,1
3328650,168,2020-05-18 20:00:00,2,Jackson Heights,286.0,632.0,2020,5,18,20,0,1
3329573,168,2020-05-19 04:00:00,2,Jackson Heights,663.0,66.0,2020,5,19,4,0,1
3330042,168,2020-05-19 08:00:00,2,Jackson Heights,1192.0,180.0,2020,5,19,8,0,1
3330511,168,2020-05-19 12:00:00,2,Jackson Heights,669.0,322.0,2020,5,19,12,0,1
3330980,168,2020-05-19 16:00:00,2,Jackson Heights,514.0,617.0,2020,5,19,16,0,1
3331449,168,2020-05-19 20:00:00,2,Jackson Heights,297.0,592.0,2020,5,19,20,0,1
3332376,168,2020-05-20 04:00:00,2,Jackson Heights,600.0,48.0,2020,5,20,4,0,1
3332845,168,2020-05-20 08:00:00,2,Jackson Heights,1198.0,203.0,2020,5,20,8,0,1
3333314,168,2020-05-20 12:00:00,2,Jackson Heights,755.0,353.0,2020,5,20,12,0,1
3333783,168,2020-05-20 16:00:00,2,Jackson Heights,613.0,624.0,2020,5,20,16,0,1
3334252,168,2020-05-20 20:00:00,2,Jackson Heights,302.0,622.0,2020,5,20,20,0,1
3335182,168,2020-05-21 04:00:00,2,Jackson Heights,699.0,50.0,2020,5,21,4,0,1
3335651,168,2020-05-21 08:00:00,2,Jackson Heights,1229.0,207.0,2020,5,21,8,0,1
3336120,168,2020-05-21 12:00:00,2,Jackson Heights,682.0,335.0,2020,5,21,12,0,1
3336589,168,2020-05-21 16:00:00,2,Jackson Heights,505.0,616.0,2020,5,21,16,0,1
3337058,168,2020-05-21 20:00:00,2,Jackson Heights,295.0,624.0,2020,5,21,20,0,1
3337987,168,2020-05-22 04:00:00,2,Jackson Heights,676.0,49.0,2020,5,22,4,0,1
3338456,168,2020-05-22 08:00:00,2,Jackson Heights,1235.0,227.0,2020,5,22,8,0,1
3338925,168,2020-05-22 12:00:00,2,Jackson Heights,772.0,419.0,2020,5,22,12,0,1
3339394,168,2020-05-22 16:00:00,2,Jackson Heights,611.0,633.0,2020,5,22,16,0,1
3339863,168,2020-05-22 20:00:00,2,Jackson Heights,315.0,629.0,2020,5,22,20,0,1
3340332,168,2020-05-23 00:00:00,2,Jackson Heights,17.0,219.0,2020,5,23,0,0,1
3340798,168,2020-05-23 04:00:00,2,Jackson Heights,184.0,21.0,2020,5,23,4,0,1
3341264,168,2020-05-23 08:00:00,2,Jackson Heights,646.0,167.0,2020,5,23,8,0,1
3341728,168,2020-05-23 12:00:00,2,Jackson Heights,663.0,320.0,2020,5,23,12,0,1
3342193,168,2020-05-23 16:00:00,2,Jackson Heights,473.0,413.0,2020,5,23,16,0,1
3342657,168,2020-05-23 20:00:00,2,Jackson Heights,252.0,442.0,2020,5,23,20,0,1
3343124,168,2020-05-24 00:00:00,2,Jackson Heights,35.0,205.0,2020,5,24,0,0,1
3343587,168,2020-05-24 04:00:00,2,Jackson Heights,134.0,22.0,2020,5,24,4,0,1
3344051,168,2020-05-24 08:00:00,2,Jackson Heights,469.0,122.0,2020,5,24,8,0,1
3344516,168,2020-05-24 12:00:00,2,Jackson Heights,628.0,251.0,2020,5,24,12,0,1
3344982,168,2020-05-24 16:00:00,2,Jackson Heights,493.0,424.0,2020,5,24,16,0,1
3345445,168,2020-05-24 20:00:00,2,Jackson Heights,230.0,455.0,2020,5,24,20,0,1
3345911,168,2020-05-25 00:00:00,2,Jackson Heights,18.0,151.0,2020,5,25,0,1,1
3346378,168,2020-05-25 04:00:00,2,Jackson Heights,316.0,43.0,2020,5,25,4,1,1
3346844,168,2020-05-25 08:00:00,2,Jackson Heights,703.0,154.0,2020,5,25,8,1,1
3347312,168,2020-05-25 12:00:00,2,Jackson Heights,682.0,317.0,2020,5,25,12,1,1
3347779,168,2020-05-25 16:00:00,2,Jackson Heights,530.0,499.0,2020,5,25,16,1,1
3348243,168,2020-05-25 20:00:00,2,Jackson Heights,261.0,493.0,2020,5,25,20,1,1
3348705,168,2020-05-26 00:00:00,2,Jackson Heights,0.0,21.0,2020,5,26,0,0,1
3349167,168,2020-05-26 04:00:00,2,Jackson Heights,687.0,54.0,2020,5,26,4,0,1
3349635,168,2020-05-26 08:00:00,2,Jackson Heights,1256.0,193.0,2020,5,26,8,0,1
3350104,168,2020-05-26 12:00:00,2,Jackson Heights,811.0,361.0,2020,5,26,12,0,1
3350573,168,2020-05-26 16:00:00,2,Jackson Heights,639.0,681.0,2020,5,26,16,0,1
3351042,168,2020-05-26 20:00:00,2,Jackson Heights,318.0,661.0,2020,5,26,20,0,1
3351970,168,2020-05-27 04:00:00,2,Jackson Heights,518.0,29.0,2020,5,27,4,0,1
3352439,168,2020-05-27 08:00:00,2,Jackson Heights,1147.0,221.0,2020,5,27,8,0,1
3352908,168,2020-05-27 12:00:00,2,Jackson Heights,769.0,378.0,2020,5,27,12,0,1
3353377,168,2020-05-27 16:00:00,2,Jackson Heights,651.0,751.0,2020,5,27,16,0,1
3353846,168,2020-05-27 20:00:00,2,Jackson Heights,330.0,727.0,2020,5,27,20,0,1
3354307,168,2020-05-28 00:00:00,2,Jackson Heights,0.0,24.0,2020,5,28,0,0,1
3354774,168,2020-05-28 04:00:00,2,Jackson Heights,713.0,41.0,2020,5,28,4,0,1
3355243,168,2020-05-28 08:00:00,2,Jackson Heights,1301.0,232.0,2020,5,28,8,0,1
3355712,168,2020-05-28 12:00:00,2,Jackson Heights,767.0,420.0,2020,5,28,12,0,1
3356181,168,2020-05-28 16:00:00,2,Jackson Heights,588.0,738.0,2020,5,28,16,0,1
3356650,168,2020-05-28 20:00:00,2,Jackson Heights,348.0,697.0,2020,5,28,20,0,1
3357112,168,2020-05-29 00:00:00,2,Jackson Heights,0.0,55.0,2020,5,29,0,0,1
3357576,168,2020-05-29 04:00:00,2,Jackson Heights,568.0,39.0,2020,5,29,4,0,1
3358045,168,2020-05-29 08:00:00,2,Jackson Heights,1248.0,236.0,2020,5,29,8,0,1
3358514,168,2020-05-29 12:00:00,2,Jackson Heights,855.0,434.0,2020,5,29,12,0,1
3358983,168,2020-05-29 16:00:00,2,Jackson Heights,657.0,711.0,2020,5,29,16,0,1
3359450,168,2020-05-29 20:00:00,2,Jackson Heights,367.0,694.0,2020,5,29,20,0,1
3359919,168,2020-05-30 00:00:00,2,Jackson Heights,28.0,205.0,2020,5,30,0,0,1
3360384,168,2020-05-30 04:00:00,2,Jackson Heights,267.0,31.0,2020,5,30,4,0,1
3360850,168,2020-05-30 08:00:00,2,Jackson Heights,732.0,167.0,2020,5,30,8,0,1
3361317,168,2020-05-30 12:00:00,2,Jackson Heights,793.0,314.0,2020,5,30,12,0,1
3361784,168,2020-05-30 16:00:00,2,Jackson Heights,653.0,524.0,2020,5,30,16,0,1
3362248,168,2020-05-30 20:00:00,2,Jackson Heights,326.0,537.0,2020,5,30,20,0,1
3362712,168,2020-05-31 00:00:00,2,Jackson Heights,31.0,155.0,2020,5,31,0,0,1
3363177,168,2020-05-31 04:00:00,2,Jackson Heights,144.0,24.0,2020,5,31,4,0,1
3363643,168,2020-05-31 08:00:00,2,Jackson Heights,480.0,116.0,2020,5,31,8,0,1
3364108,168,2020-05-31 12:00:00,2,Jackson Heights,698.0,242.0,2020,5,31,12,0,1
3364575,168,2020-05-31 16:00:00,2,Jackson Heights,576.0,393.0,2020,5,31,16,0,1
3365040,168,2020-05-31 20:00:00,2,Jackson Heights,244.0,459.0,2020,5,31,20,0,1
3365500,168,2020-06-01 00:00:00,2,Jackson Heights,0.0,26.0,2020,6,1,0,0,1
3365961,168,2020-06-01 04:00:00,2,Jackson Heights,779.0,47.0,2020,6,1,4,0,1
3366430,168,2020-06-01 08:00:00,2,Jackson Heights,1374.0,230.0,2020,6,1,8,0,1
3366899,168,2020-06-01 12:00:00,2,Jackson Heights,840.0,459.0,2020,6,1,12,0,1
3367368,168,2020-06-01 16:00:00,2,Jackson Heights,672.0,812.0,2020,6,1,16,0,1
3367837,168,2020-06-01 20:00:00,2,Jackson Heights,339.0,703.0,2020,6,1,20,0,1
3368752,168,2020-06-02 04:00:00,2,Jackson Heights,744.0,32.0,2020,6,2,4,0,1
3369221,168,2020-06-02 08:00:00,2,Jackson Heights,1337.0,246.0,2020,6,2,8,0,1
3369689,168,2020-06-02 12:00:00,2,Jackson Heights,808.0,405.0,2020,6,2,12,0,1
3370158,168,2020-06-02 16:00:00,2,Jackson Heights,637.0,824.0,2020,6,2,16,0,1
3370626,168,2020-06-02 20:00:00,2,Jackson Heights,293.0,669.0,2020,6,2,20,0,1
3371509,168,2020-06-03 04:00:00,2,Jackson Heights,654.0,39.0,2020,6,3,4,0,1
3371978,168,2020-06-03 08:00:00,2,Jackson Heights,1421.0,224.0,2020,6,3,8,0,1
3372447,168,2020-06-03 12:00:00,2,Jackson Heights,776.0,473.0,2020,6,3,12,0,1
3372915,168,2020-06-03 16:00:00,2,Jackson Heights,569.0,822.0,2020,6,3,16,0,1
3373384,168,2020-06-03 20:00:00,2,Jackson Heights,290.0,644.0,2020,6,3,20,0,1
3373830,168,2020-06-04 00:00:00,2,Jackson Heights,0.0,9.0,2020,6,4,0,0,1
3374284,168,2020-06-04 04:00:00,2,Jackson Heights,864.0,34.0,2020,6,4,4,0,1
3374753,168,2020-06-04 08:00:00,2,Jackson Heights,1545.0,281.0,2020,6,4,8,0,1
3375220,168,2020-06-04 12:00:00,2,Jackson Heights,884.0,499.0,2020,6,4,12,0,1
3375689,168,2020-06-04 16:00:00,2,Jackson Heights,651.0,934.0,2020,6,4,16,0,1
3376156,168,2020-06-04 20:00:00,2,Jackson Heights,317.0,768.0,2020,6,4,20,0,1
3377055,168,2020-06-05 04:00:00,2,Jackson Heights,822.0,47.0,2020,6,5,4,0,1
3377524,168,2020-06-05 08:00:00,2,Jackson Heights,1485.0,251.0,2020,6,5,8,0,1
3377992,168,2020-06-05 12:00:00,2,Jackson Heights,882.0,456.0,2020,6,5,12,0,1
3378461,168,2020-06-05 16:00:00,2,Jackson Heights,645.0,873.0,2020,6,5,16,0,1
3378929,168,2020-06-05 20:00:00,2,Jackson Heights,289.0,731.0,2020,6,5,20,0,1
3379392,168,2020-06-06 00:00:00,2,Jackson Heights,6.0,7.0,2020,6,6,0,0,1
3379856,168,2020-06-06 04:00:00,2,Jackson Heights,283.0,36.0,2020,6,6,4,0,1
3380321,168,2020-06-06 08:00:00,2,Jackson Heights,761.0,164.0,2020,6,6,8,0,1
3380787,168,2020-06-06 12:00:00,2,Jackson Heights,812.0,279.0,2020,6,6,12,0,1
3381253,168,2020-06-06 16:00:00,2,Jackson Heights,620.0,439.0,2020,6,6,16,0,1
3381718,168,2020-06-06 20:00:00,2,Jackson Heights,256.0,446.0,2020,6,6,20,0,1
3382183,168,2020-06-07 00:00:00,2,Jackson Heights,6.0,16.0,2020,6,7,0,0,1
3382644,168,2020-06-07 04:00:00,2,Jackson Heights,96.0,13.0,2020,6,7,4,0,1
3383110,168,2020-06-07 08:00:00,2,Jackson Heights,490.0,99.0,2020,6,7,8,0,1
3383576,168,2020-06-07 12:00:00,2,Jackson Heights,685.0,215.0,2020,6,7,12,0,1
3384043,168,2020-06-07 16:00:00,2,Jackson Heights,501.0,330.0,2020,6,7,16,0,1
3384507,168,2020-06-07 20:00:00,2,Jackson Heights,232.0,374.0,2020,6,7,20,0,1
3385421,168,2020-06-08 04:00:00,2,Jackson Heights,898.0,52.0,2020,6,8,4,0,1
3385889,168,2020-06-08 08:00:00,2,Jackson Heights,1587.0,291.0,2020,6,8,8,0,1
3386358,168,2020-06-08 12:00:00,2,Jackson Heights,932.0,467.0,2020,6,8,12,0,1
3386826,168,2020-06-08 16:00:00,2,Jackson Heights,768.0,918.0,2020,6,8,16,0,1
3387295,168,2020-06-08 20:00:00,2,Jackson Heights,432.0,898.0,2020,6,8,20,0,1
3388216,168,2020-06-09 04:00:00,2,Jackson Heights,976.0,49.0,2020,6,9,4,0,1
3388685,168,2020-06-09 08:00:00,2,Jackson Heights,1701.0,297.0,2020,6,9,8,0,1
3389154,168,2020-06-09 12:00:00,2,Jackson Heights,980.0,501.0,2020,6,9,12,0,1
3389622,168,2020-06-09 16:00:00,2,Jackson Heights,762.0,962.0,2020,6,9,16,0,1
3390091,168,2020-06-09 20:00:00,2,Jackson Heights,384.0,902.0,2020,6,9,20,0,1
3391013,168,2020-06-10 04:00:00,2,Jackson Heights,1005.0,42.0,2020,6,10,4,0,1
3391480,168,2020-06-10 08:00:00,2,Jackson Heights,1744.0,251.0,2020,6,10,8,0,1
3391949,168,2020-06-10 12:00:00,2,Jackson Heights,968.0,492.0,2020,6,10,12,0,1
3392418,168,2020-06-10 16:00:00,2,Jackson Heights,774.0,1022.0,2020,6,10,16,0,1
3392887,168,2020-06-10 20:00:00,2,Jackson Heights,410.0,975.0,2020,6,10,20,0,1
3393807,168,2020-06-11 04:00:00,2,Jackson Heights,1008.0,45.0,2020,6,11,4,0,1
3394276,168,2020-06-11 08:00:00,2,Jackson Heights,1716.0,257.0,2020,6,11,8,0,1
3394745,168,2020-06-11 12:00:00,2,Jackson Heights,964.0,558.0,2020,6,11,12,0,1
3395214,168,2020-06-11 16:00:00,2,Jackson Heights,717.0,974.0,2020,6,11,16,0,1
3395683,168,2020-06-11 20:00:00,2,Jackson Heights,392.0,845.0,2020,6,11,20,0,1
3396144,168,2020-06-12 00:00:00,2,Jackson Heights,2.0,83.0,2020,6,12,0,0,1
3396610,168,2020-06-12 04:00:00,2,Jackson Heights,897.0,53.0,2020,6,12,4,0,1
3397079,168,2020-06-12 08:00:00,2,Jackson Heights,1799.0,272.0,2020,6,12,8,0,1
3397548,168,2020-06-12 12:00:00,2,Jackson Heights,1052.0,555.0,2020,6,12,12,0,1
3398017,168,2020-06-12 16:00:00,2,Jackson Heights,875.0,1015.0,2020,6,12,16,0,1
3398486,168,2020-06-12 20:00:00,2,Jackson Heights,508.0,933.0,2020,6,12,20,0,1
3398955,168,2020-06-13 00:00:00,2,Jackson Heights,36.0,109.0,2020,6,13,0,0,1
3399421,168,2020-06-13 04:00:00,2,Jackson Heights,203.0,34.0,2020,6,13,4,0,1
3399887,168,2020-06-13 08:00:00,2,Jackson Heights,794.0,183.0,2020,6,13,8,0,1
3400354,168,2020-06-13 12:00:00,2,Jackson Heights,865.0,334.0,2020,6,13,12,0,1
3400822,168,2020-06-13 16:00:00,2,Jackson Heights,664.0,483.0,2020,6,13,16,0,1
3401287,168,2020-06-13 20:00:00,2,Jackson Heights,326.0,482.0,2020,6,13,20,0,1
3401754,168,2020-06-14 00:00:00,2,Jackson Heights,58.0,187.0,2020,6,14,0,0,1
3402222,168,2020-06-14 04:00:00,2,Jackson Heights,108.0,13.0,2020,6,14,4,0,1
3402686,168,2020-06-14 08:00:00,2,Jackson Heights,458.0,94.0,2020,6,14,8,0,1
3403151,168,2020-06-14 12:00:00,2,Jackson Heights,710.0,233.0,2020,6,14,12,0,1
3403618,168,2020-06-14 16:00:00,2,Jackson Heights,548.0,317.0,2020,6,14,16,0,1
3404081,168,2020-06-14 20:00:00,2,Jackson Heights,254.0,426.0,2020,6,14,20,0,1
3404539,168,2020-06-15 00:00:00,2,Jackson Heights,16.0,120.0,2020,6,15,0,0,1
3405000,168,2020-06-15 04:00:00,2,Jackson Heights,862.0,46.0,2020,6,15,4,0,1
3405469,168,2020-06-15 08:00:00,2,Jackson Heights,1527.0,269.0,2020,6,15,8,0,1
3405938,168,2020-06-15 12:00:00,2,Jackson Heights,899.0,504.0,2020,6,15,12,0,1
3406407,168,2020-06-15 16:00:00,2,Jackson Heights,728.0,1025.0,2020,6,15,16,0,1
3406876,168,2020-06-15 20:00:00,2,Jackson Heights,436.0,933.0,2020,6,15,20,0,1
3407335,168,2020-06-16 00:00:00,2,Jackson Heights,1.0,70.0,2020,6,16,0,0,1
3407797,168,2020-06-16 04:00:00,2,Jackson Heights,1018.0,35.0,2020,6,16,4,0,1
3408266,168,2020-06-16 08:00:00,2,Jackson Heights,1841.0,354.0,2020,6,16,8,0,1
3408735,168,2020-06-16 12:00:00,2,Jackson Heights,1051.0,703.0,2020,6,16,12,0,1
3409204,168,2020-06-16 16:00:00,2,Jackson Heights,807.0,1117.0,2020,6,16,16,0,1
3409673,168,2020-06-16 20:00:00,2,Jackson Heights,476.0,934.0,2020,6,16,20,0,1
3410593,168,2020-06-17 04:00:00,2,Jackson Heights,1022.0,58.0,2020,6,17,4,0,1
3411062,168,2020-06-17 08:00:00,2,Jackson Heights,1838.0,301.0,2020,6,17,8,0,1
3411531,168,2020-06-17 12:00:00,2,Jackson Heights,1078.0,730.0,2020,6,17,12,0,1
3411999,168,2020-06-17 16:00:00,2,Jackson Heights,821.0,1146.0,2020,6,17,16,0,1
3412468,168,2020-06-17 20:00:00,2,Jackson Heights,430.0,810.0,2020,6,17,20,0,1
3412923,168,2020-06-18 00:00:00,2,Jackson Heights,2.0,78.0,2020,6,18,0,0,1
3413385,168,2020-06-18 04:00:00,2,Jackson Heights,1003.0,43.0,2020,6,18,4,0,1
3413854,168,2020-06-18 08:00:00,2,Jackson Heights,1975.0,290.0,2020,6,18,8,0,1
3414323,168,2020-06-18 12:00:00,2,Jackson Heights,1086.0,502.0,2020,6,18,12,0,1
3414792,168,2020-06-18 16:00:00,2,Jackson Heights,807.0,1056.0,2020,6,18,16,0,1
3415261,168,2020-06-18 20:00:00,2,Jackson Heights,468.0,1052.0,2020,6,18,20,0,1
3416185,168,2020-06-19 04:00:00,2,Jackson Heights,848.0,59.0,2020,6,19,4,0,1
3416654,168,2020-06-19 08:00:00,2,Jackson Heights,1829.0,310.0,2020,6,19,8,0,1
3417121,168,2020-06-19 12:00:00,2,Jackson Heights,998.0,595.0,2020,6,19,12,0,1
3417590,168,2020-06-19 16:00:00,2,Jackson Heights,769.0,1060.0,2020,6,19,16,0,1
3418058,168,2020-06-19 20:00:00,2,Jackson Heights,444.0,1002.0,2020,6,19,20,0,1
3418527,168,2020-06-20 00:00:00,2,Jackson Heights,26.0,246.0,2020,6,20,0,0,1
3418991,168,2020-06-20 04:00:00,2,Jackson Heights,284.0,45.0,2020,6,20,4,0,1
3419457,168,2020-06-20 08:00:00,2,Jackson Heights,984.0,240.0,2020,6,20,8,0,1
3419922,168,2020-06-20 12:00:00,2,Jackson Heights,1068.0,561.0,2020,6,20,12,0,1
3420390,168,2020-06-20 16:00:00,2,Jackson Heights,837.0,797.0,2020,6,20,16,0,1
3420853,168,2020-06-20 20:00:00,2,Jackson Heights,425.0,749.0,2020,6,20,20,0,1
3421321,168,2020-06-21 00:00:00,2,Jackson Heights,56.0,264.0,2020,6,21,0,0,1
3421787,168,2020-06-21 04:00:00,2,Jackson Heights,190.0,23.0,2020,6,21,4,0,1
3422250,168,2020-06-21 08:00:00,2,Jackson Heights,660.0,178.0,2020,6,21,8,0,1
3422716,168,2020-06-21 12:00:00,2,Jackson Heights,874.0,361.0,2020,6,21,12,0,1
3423184,168,2020-06-21 16:00:00,2,Jackson Heights,638.0,547.0,2020,6,21,16,0,1
3423646,168,2020-06-21 20:00:00,2,Jackson Heights,317.0,666.0,2020,6,21,20,0,1
3424105,168,2020-06-22 00:00:00,2,Jackson Heights,3.0,73.0,2020,6,22,0,0,1
3424562,168,2020-06-22 04:00:00,2,Jackson Heights,1074.0,60.0,2020,6,22,4,0,1
3425031,168,2020-06-22 08:00:00,2,Jackson Heights,1987.0,323.0,2020,6,22,8,0,1
3425498,168,2020-06-22 12:00:00,2,Jackson Heights,1119.0,396.0,2020,6,22,12,0,1
3425967,168,2020-06-22 16:00:00,2,Jackson Heights,864.0,995.0,2020,6,22,16,0,1
3426436,168,2020-06-22 20:00:00,2,Jackson Heights,514.0,1103.0,2020,6,22,20,0,1
3427359,168,2020-06-23 04:00:00,2,Jackson Heights,1148.0,76.0,2020,6,23,4,0,1
3427828,168,2020-06-23 08:00:00,2,Jackson Heights,2066.0,329.0,2020,6,23,8,0,1
3428297,168,2020-06-23 12:00:00,2,Jackson Heights,1151.0,424.0,2020,6,23,12,0,1
3428766,168,2020-06-23 16:00:00,2,Jackson Heights,873.0,1037.0,2020,6,23,16,0,1
3429235,168,2020-06-23 20:00:00,2,Jackson Heights,547.0,1149.0,2020,6,23,20,0,1
3429697,168,2020-06-24 00:00:00,2,Jackson Heights,24.0,137.0,2020,6,24,0,0,1
3430164,168,2020-06-24 04:00:00,2,Jackson Heights,1045.0,59.0,2020,6,24,4,0,1
3430633,168,2020-06-24 08:00:00,2,Jackson Heights,1888.0,324.0,2020,6,24,8,0,1
3431102,168,2020-06-24 12:00:00,2,Jackson Heights,1081.0,433.0,2020,6,24,12,0,1
3431571,168,2020-06-24 16:00:00,2,Jackson Heights,854.0,1038.0,2020,6,24,16,0,1
3432040,168,2020-06-24 20:00:00,2,Jackson Heights,498.0,1136.0,2020,6,24,20,0,1
3432501,168,2020-06-25 00:00:00,2,Jackson Heights,0.0,78.0,2020,6,25,0,0,1
3432966,168,2020-06-25 04:00:00,2,Jackson Heights,1107.0,105.0,2020,6,25,4,0,1
3433435,168,2020-06-25 08:00:00,2,Jackson Heights,2024.0,303.0,2020,6,25,8,0,1
3433904,168,2020-06-25 12:00:00,2,Jackson Heights,1119.0,463.0,2020,6,25,12,0,1
3434373,168,2020-06-25 16:00:00,2,Jackson Heights,843.0,1024.0,2020,6,25,16,0,1
3434842,168,2020-06-25 20:00:00,2,Jackson Heights,516.0,1117.0,2020,6,25,20,0,1
3435299,168,2020-06-26 00:00:00,2,Jackson Heights,2.0,85.0,2020,6,26,0,0,1
3435763,168,2020-06-26 04:00:00,2,Jackson Heights,970.0,54.0,2020,6,26,4,0,1
3436231,168,2020-06-26 08:00:00,2,Jackson Heights,1832.0,294.0,2020,6,26,8,0,1
3436700,168,2020-06-26 12:00:00,2,Jackson Heights,1164.0,485.0,2020,6,26,12,0,1
3437169,168,2020-06-26 16:00:00,2,Jackson Heights,958.0,923.0,2020,6,26,16,0,1
3437638,168,2020-06-26 20:00:00,2,Jackson Heights,562.0,1041.0,2020,6,26,20,0,1
3438107,168,2020-06-27 00:00:00,2,Jackson Heights,30.0,296.0,2020,6,27,0,0,1
3438573,168,2020-06-27 04:00:00,2,Jackson Heights,391.0,77.0,2020,6,27,4,0,1
3439038,168,2020-06-27 08:00:00,2,Jackson Heights,998.0,242.0,2020,6,27,8,0,1
3439506,168,2020-06-27 12:00:00,2,Jackson Heights,1000.0,519.0,2020,6,27,12,0,1
3439971,168,2020-06-27 16:00:00,2,Jackson Heights,731.0,753.0,2020,6,27,16,0,1
3440435,168,2020-06-27 20:00:00,2,Jackson Heights,349.0,780.0,2020,6,27,20,0,1
3440902,168,2020-06-28 00:00:00,2,Jackson Heights,58.0,332.0,2020,6,28,0,0,1
3441368,168,2020-06-28 04:00:00,2,Jackson Heights,186.0,28.0,2020,6,28,4,0,1
3441834,168,2020-06-28 08:00:00,2,Jackson Heights,610.0,161.0,2020,6,28,8,0,1
3442300,168,2020-06-28 12:00:00,2,Jackson Heights,863.0,390.0,2020,6,28,12,0,1
3442766,168,2020-06-28 16:00:00,2,Jackson Heights,637.0,637.0,2020,6,28,16,0,1
3443229,168,2020-06-28 20:00:00,2,Jackson Heights,316.0,678.0,2020,6,28,20,0,1
3444146,168,2020-06-29 04:00:00,2,Jackson Heights,919.0,59.0,2020,6,29,4,0,1
3444614,168,2020-06-29 08:00:00,2,Jackson Heights,2057.0,340.0,2020,6,29,8,0,1
3445083,168,2020-06-29 12:00:00,2,Jackson Heights,1255.0,556.0,2020,6,29,12,0,1
3445552,168,2020-06-29 16:00:00,2,Jackson Heights,1005.0,1165.0,2020,6,29,16,0,1
3446021,168,2020-06-29 20:00:00,2,Jackson Heights,576.0,1192.0,2020,6,29,20,0,1
3446937,168,2020-06-30 04:00:00,2,Jackson Heights,1206.0,81.0,2020,6,30,4,0,1
3447406,168,2020-06-30 08:00:00,2,Jackson Heights,2173.0,340.0,2020,6,30,8,0,1
3447875,168,2020-06-30 12:00:00,2,Jackson Heights,1240.0,662.0,2020,6,30,12,0,1
3448344,168,2020-06-30 16:00:00,2,Jackson Heights,924.0,1248.0,2020,6,30,16,0,1
3448813,168,2020-06-30 20:00:00,2,Jackson Heights,555.0,1145.0,2020,6,30,20,0,1
3449270,168,2020-07-01 00:00:00,2,Jackson Heights,0.0,89.0,2020,7,1,0,0,1
3449733,168,2020-07-01 04:00:00,2,Jackson Heights,1190.0,50.0,2020,7,1,4,0,1
3450202,168,2020-07-01 08:00:00,2,Jackson Heights,2133.0,356.0,2020,7,1,8,0,1
3450671,168,2020-07-01 12:00:00,2,Jackson Heights,1221.0,674.0,2020,7,1,12,0,1
3451140,168,2020-07-01 16:00:00,2,Jackson Heights,946.0,1219.0,2020,7,1,16,0,1
3451609,168,2020-07-01 20:00:00,2,Jackson Heights,543.0,1183.0,2020,7,1,20,0,1
3452534,168,2020-07-02 04:00:00,2,Jackson Heights,969.0,56.0,2020,7,2,4,0,1
3453002,168,2020-07-02 08:00:00,2,Jackson Heights,2236.0,354.0,2020,7,2,8,0,1
3453471,168,2020-07-02 12:00:00,2,Jackson Heights,1354.0,575.0,2020,7,2,12,0,1
3453940,168,2020-07-02 16:00:00,2,Jackson Heights,1008.0,1143.0,2020,7,2,16,0,1
3454409,168,2020-07-02 20:00:00,2,Jackson Heights,578.0,1212.0,2020,7,2,20,0,1
3454874,168,2020-07-03 00:00:00,2,Jackson Heights,8.0,264.0,2020,7,3,0,1,1
3455342,168,2020-07-03 04:00:00,2,Jackson Heights,306.0,68.0,2020,7,3,4,1,1
3455811,168,2020-07-03 08:00:00,2,Jackson Heights,1623.0,326.0,2020,7,3,8,1,1
3456279,168,2020-07-03 12:00:00,2,Jackson Heights,1320.0,689.0,2020,7,3,12,1,1
3456747,168,2020-07-03 16:00:00,2,Jackson Heights,1031.0,1052.0,2020,7,3,16,1,1
3457215,168,2020-07-03 20:00:00,2,Jackson Heights,592.0,1032.0,2020,7,3,20,1,1
3457682,168,2020-07-04 00:00:00,2,Jackson Heights,64.0,338.0,2020,7,4,0,1,1
3458146,168,2020-07-04 04:00:00,2,Jackson Heights,219.0,28.0,2020,7,4,4,1,1
3458609,168,2020-07-04 08:00:00,2,Jackson Heights,731.0,188.0,2020,7,4,8,1,1
3459075,168,2020-07-04 12:00:00,2,Jackson Heights,903.0,422.0,2020,7,4,12,1,1
3459543,168,2020-07-04 16:00:00,2,Jackson Heights,737.0,613.0,2020,7,4,16,1,1
3460009,168,2020-07-04 20:00:00,2,Jackson Heights,416.0,775.0,2020,7,4,20,1,1
3460476,168,2020-07-05 00:00:00,2,Jackson Heights,89.0,408.0,2020,7,5,0,0,1
3460938,168,2020-07-05 04:00:00,2,Jackson Heights,165.0,24.0,2020,7,5,4,0,1
3461402,168,2020-07-05 08:00:00,2,Jackson Heights,625.0,175.0,2020,7,5,8,0,1
3461866,168,2020-07-05 12:00:00,2,Jackson Heights,824.0,367.0,2020,7,5,12,0,1
3462333,168,2020-07-05 16:00:00,2,Jackson Heights,609.0,591.0,2020,7,5,16,0,1
3462796,168,2020-07-05 20:00:00,2,Jackson Heights,353.0,740.0,2020,7,5,20,0,1
3463715,168,2020-07-06 04:00:00,2,Jackson Heights,659.0,64.0,2020,7,6,4,0,1
3464184,168,2020-07-06 08:00:00,2,Jackson Heights,2065.0,374.0,2020,7,6,8,0,1
3464653,168,2020-07-06 12:00:00,2,Jackson Heights,1300.0,610.0,2020,7,6,12,0,1
3465122,168,2020-07-06 16:00:00,2,Jackson Heights,961.0,1244.0,2020,7,6,16,0,1
3465591,168,2020-07-06 20:00:00,2,Jackson Heights,544.0,1264.0,2020,7,6,20,0,1
3466050,168,2020-07-07 00:00:00,2,Jackson Heights,3.0,94.0,2020,7,7,0,0,1
3466512,168,2020-07-07 04:00:00,2,Jackson Heights,1202.0,59.0,2020,7,7,4,0,1
3466981,168,2020-07-07 08:00:00,2,Jackson Heights,2204.0,382.0,2020,7,7,8,0,1
3467450,168,2020-07-07 12:00:00,2,Jackson Heights,1281.0,620.0,2020,7,7,12,0,1
3467919,168,2020-07-07 16:00:00,2,Jackson Heights,1005.0,1178.0,2020,7,7,16,0,1
3468388,168,2020-07-07 20:00:00,2,Jackson Heights,588.0,1260.0,2020,7,7,20,0,1
3469309,168,2020-07-08 04:00:00,2,Jackson Heights,907.0,51.0,2020,7,8,4,0,1
3469778,168,2020-07-08 08:00:00,2,Jackson Heights,2093.0,336.0,2020,7,8,8,0,1
3470247,168,2020-07-08 12:00:00,2,Jackson Heights,1349.0,616.0,2020,7,8,12,0,1
3470716,168,2020-07-08 16:00:00,2,Jackson Heights,982.0,1204.0,2020,7,8,16,0,1
3471185,168,2020-07-08 20:00:00,2,Jackson Heights,604.0,1253.0,2020,7,8,20,0,1
3472102,168,2020-07-09 04:00:00,2,Jackson Heights,1228.0,68.0,2020,7,9,4,0,1
3472571,168,2020-07-09 08:00:00,2,Jackson Heights,2309.0,333.0,2020,7,9,8,0,1
3473040,168,2020-07-09 12:00:00,2,Jackson Heights,1303.0,490.0,2020,7,9,12,0,1
3473509,168,2020-07-09 16:00:00,2,Jackson Heights,955.0,1078.0,2020,7,9,16,0,1
3473978,168,2020-07-09 20:00:00,2,Jackson Heights,602.0,1302.0,2020,7,9,20,0,1
3474440,168,2020-07-10 00:00:00,2,Jackson Heights,4.0,178.0,2020,7,10,0,0,1
3474905,168,2020-07-10 04:00:00,2,Jackson Heights,585.0,75.0,2020,7,10,4,0,1
3475374,168,2020-07-10 08:00:00,2,Jackson Heights,2163.0,388.0,2020,7,10,8,0,1
3475843,168,2020-07-10 12:00:00,2,Jackson Heights,1249.0,715.0,2020,7,10,12,0,1
3476312,168,2020-07-10 16:00:00,2,Jackson Heights,885.0,1162.0,2020,7,10,16,0,1
3476781,168,2020-07-10 20:00:00,2,Jackson Heights,535.0,1164.0,2020,7,10,20,0,1
3477250,168,2020-07-11 00:00:00,2,Jackson Heights,34.0,207.0,2020,7,11,0,0,1
3477716,168,2020-07-11 04:00:00,2,Jackson Heights,378.0,40.0,2020,7,11,4,0,1
3478179,168,2020-07-11 08:00:00,2,Jackson Heights,1061.0,205.0,2020,7,11,8,0,1
3478644,168,2020-07-11 12:00:00,2,Jackson Heights,1124.0,347.0,2020,7,11,12,0,1
3479106,168,2020-07-11 16:00:00,2,Jackson Heights,823.0,457.0,2020,7,11,16,0,1
3479569,168,2020-07-11 20:00:00,2,Jackson Heights,412.0,558.0,2020,7,11,20,0,1
3480035,168,2020-07-12 00:00:00,2,Jackson Heights,75.0,309.0,2020,7,12,0,0,1
3480501,168,2020-07-12 04:00:00,2,Jackson Heights,122.0,48.0,2020,7,12,4,0,1
3480964,168,2020-07-12 08:00:00,2,Jackson Heights,635.0,121.0,2020,7,12,8,0,1
3481424,168,2020-07-12 12:00:00,2,Jackson Heights,958.0,257.0,2020,7,12,12,0,1
3481889,168,2020-07-12 16:00:00,2,Jackson Heights,717.0,365.0,2020,7,12,16,0,1
3482347,168,2020-07-12 20:00:00,2,Jackson Heights,381.0,683.0,2020,7,12,20,0,1
3482806,168,2020-07-13 00:00:00,2,Jackson Heights,12.0,161.0,2020,7,13,0,0,1
3483266,168,2020-07-13 04:00:00,2,Jackson Heights,836.0,63.0,2020,7,13,4,0,1
3483735,168,2020-07-13 08:00:00,2,Jackson Heights,2198.0,412.0,2020,7,13,8,0,1
3484204,168,2020-07-13 12:00:00,2,Jackson Heights,1363.0,649.0,2020,7,13,12,0,1
3484673,168,2020-07-13 16:00:00,2,Jackson Heights,1039.0,1235.0,2020,7,13,16,0,1
3485142,168,2020-07-13 20:00:00,2,Jackson Heights,640.0,1283.0,2020,7,13,20,0,1
3485600,168,2020-07-14 00:00:00,2,Jackson Heights,0.0,89.0,2020,7,14,0,0,1
3486063,168,2020-07-14 04:00:00,2,Jackson Heights,648.0,74.0,2020,7,14,4,0,1
3486532,168,2020-07-14 08:00:00,2,Jackson Heights,2281.0,364.0,2020,7,14,8,0,1
3487001,168,2020-07-14 12:00:00,2,Jackson Heights,1354.0,535.0,2020,7,14,12,0,1
3487470,168,2020-07-14 16:00:00,2,Jackson Heights,1001.0,1090.0,2020,7,14,16,0,1
3487939,168,2020-07-14 20:00:00,2,Jackson Heights,621.0,1269.0,2020,7,14,20,0,1
3488396,168,2020-07-15 00:00:00,2,Jackson Heights,1.0,102.0,2020,7,15,0,0,1
3488859,168,2020-07-15 04:00:00,2,Jackson Heights,869.0,47.0,2020,7,15,4,0,1
3489328,168,2020-07-15 08:00:00,2,Jackson Heights,2293.0,374.0,2020,7,15,8,0,1
3489797,168,2020-07-15 12:00:00,2,Jackson Heights,1306.0,572.0,2020,7,15,12,0,1
3490266,168,2020-07-15 16:00:00,2,Jackson Heights,1022.0,1130.0,2020,7,15,16,0,1
3490735,168,2020-07-15 20:00:00,2,Jackson Heights,630.0,1234.0,2020,7,15,20,0,1
3491193,168,2020-07-16 00:00:00,2,Jackson Heights,3.0,82.0,2020,7,16,0,0,1
3491656,168,2020-07-16 04:00:00,2,Jackson Heights,1000.0,84.0,2020,7,16,4,0,1
3492124,168,2020-07-16 08:00:00,2,Jackson Heights,2316.0,335.0,2020,7,16,8,0,1
3492593,168,2020-07-16 12:00:00,2,Jackson Heights,1252.0,516.0,2020,7,16,12,0,1
3493062,168,2020-07-16 16:00:00,2,Jackson Heights,963.0,1093.0,2020,7,16,16,0,1
3493531,168,2020-07-16 20:00:00,2,Jackson Heights,618.0,1268.0,2020,7,16,20,0,1
3493990,168,2020-07-17 00:00:00,2,Jackson Heights,2.0,115.0,2020,7,17,0,0,1
3494454,168,2020-07-17 04:00:00,2,Jackson Heights,808.0,71.0,2020,7,17,4,0,1
3494923,168,2020-07-17 08:00:00,2,Jackson Heights,2197.0,352.0,2020,7,17,8,0,1
3495392,168,2020-07-17 12:00:00,2,Jackson Heights,1256.0,680.0,2020,7,17,12,0,1
3495861,168,2020-07-17 16:00:00,2,Jackson Heights,1071.0,1250.0,2020,7,17,16,0,1
3496330,168,2020-07-17 20:00:00,2,Jackson Heights,702.0,1323.0,2020,7,17,20,0,1
3496799,168,2020-07-18 00:00:00,2,Jackson Heights,61.0,450.0,2020,7,18,0,0,1
3497265,168,2020-07-18 04:00:00,2,Jackson Heights,368.0,45.0,2020,7,18,4,0,1
3497727,168,2020-07-18 08:00:00,2,Jackson Heights,1108.0,263.0,2020,7,18,8,0,1
3498193,168,2020-07-18 12:00:00,2,Jackson Heights,1150.0,543.0,2020,7,18,12,0,1
3498657,168,2020-07-18 16:00:00,2,Jackson Heights,879.0,872.0,2020,7,18,16,0,1
3499121,168,2020-07-18 20:00:00,2,Jackson Heights,472.0,1039.0,2020,7,18,20,0,1
3499587,168,2020-07-19 00:00:00,2,Jackson Heights,85.0,450.0,2020,7,19,0,0,1
3500051,168,2020-07-19 04:00:00,2,Jackson Heights,137.0,20.0,2020,7,19,4,0,1
3500513,168,2020-07-19 08:00:00,2,Jackson Heights,768.0,176.0,2020,7,19,8,0,1
3500972,168,2020-07-19 12:00:00,2,Jackson Heights,987.0,372.0,2020,7,19,12,0,1
3501439,168,2020-07-19 16:00:00,2,Jackson Heights,722.0,594.0,2020,7,19,16,0,1
3501896,168,2020-07-19 20:00:00,2,Jackson Heights,416.0,750.0,2020,7,19,20,0,1
3502813,168,2020-07-20 04:00:00,2,Jackson Heights,799.0,58.0,2020,7,20,4,0,1
3503282,168,2020-07-20 08:00:00,2,Jackson Heights,2220.0,369.0,2020,7,20,8,0,1
3503751,168,2020-07-20 12:00:00,2,Jackson Heights,1300.0,674.0,2020,7,20,12,0,1
3504220,168,2020-07-20 16:00:00,2,Jackson Heights,976.0,1225.0,2020,7,20,16,0,1
3504689,168,2020-07-20 20:00:00,2,Jackson Heights,631.0,1231.0,2020,7,20,20,0,1
3505144,168,2020-07-21 00:00:00,2,Jackson Heights,8.0,16.0,2020,7,21,0,0,1
3505606,168,2020-07-21 04:00:00,2,Jackson Heights,944.0,54.0,2020,7,21,4,0,1
3506075,168,2020-07-21 08:00:00,2,Jackson Heights,2207.0,372.0,2020,7,21,8,0,1
3506544,168,2020-07-21 12:00:00,2,Jackson Heights,1359.0,534.0,2020,7,21,12,0,1
3507013,168,2020-07-21 16:00:00,2,Jackson Heights,1033.0,1132.0,2020,7,21,16,0,1
3507482,168,2020-07-21 20:00:00,2,Jackson Heights,628.0,1360.0,2020,7,21,20,0,1
3507937,168,2020-07-22 00:00:00,2,Jackson Heights,1.0,25.0,2020,7,22,0,0,1
3508395,168,2020-07-22 04:00:00,2,Jackson Heights,1196.0,56.0,2020,7,22,4,0,1
3508863,168,2020-07-22 08:00:00,2,Jackson Heights,2297.0,393.0,2020,7,22,8,0,1
3509331,168,2020-07-22 12:00:00,2,Jackson Heights,1323.0,540.0,2020,7,22,12,0,1
3509800,168,2020-07-22 16:00:00,2,Jackson Heights,975.0,1195.0,2020,7,22,16,0,1
3510269,168,2020-07-22 20:00:00,2,Jackson Heights,623.0,1360.0,2020,7,22,20,0,1
3511180,168,2020-07-23 04:00:00,2,Jackson Heights,1010.0,46.0,2020,7,23,4,0,1
3511649,168,2020-07-23 08:00:00,2,Jackson Heights,2339.0,351.0,2020,7,23,8,0,1
3512118,168,2020-07-23 12:00:00,2,Jackson Heights,1266.0,649.0,2020,7,23,12,0,1
3512587,168,2020-07-23 16:00:00,2,Jackson Heights,953.0,1257.0,2020,7,23,16,0,1
3513056,168,2020-07-23 20:00:00,2,Jackson Heights,659.0,1293.0,2020,7,23,20,0,1
3513516,168,2020-07-24 00:00:00,2,Jackson Heights,1.0,152.0,2020,7,24,0,0,1
3513979,168,2020-07-24 04:00:00,2,Jackson Heights,709.0,45.0,2020,7,24,4,0,1
3514448,168,2020-07-24 08:00:00,2,Jackson Heights,2279.0,328.0,2020,7,24,8,0,1
3514917,168,2020-07-24 12:00:00,2,Jackson Heights,1321.0,571.0,2020,7,24,12,0,1
3515386,168,2020-07-24 16:00:00,2,Jackson Heights,1098.0,1123.0,2020,7,24,16,0,1
3515855,168,2020-07-24 20:00:00,2,Jackson Heights,730.0,1283.0,2020,7,24,20,0,1
3516324,168,2020-07-25 00:00:00,2,Jackson Heights,60.0,262.0,2020,7,25,0,0,1
3516790,168,2020-07-25 04:00:00,2,Jackson Heights,289.0,68.0,2020,7,25,4,0,1
3517253,168,2020-07-25 08:00:00,2,Jackson Heights,1121.0,179.0,2020,7,25,8,0,1
3517719,168,2020-07-25 12:00:00,2,Jackson Heights,1193.0,384.0,2020,7,25,12,0,1
3518180,168,2020-07-25 16:00:00,2,Jackson Heights,883.0,521.0,2020,7,25,16,0,1
3518642,168,2020-07-25 20:00:00,2,Jackson Heights,452.0,578.0,2020,7,25,20,0,1
3519104,168,2020-07-26 00:00:00,2,Jackson Heights,89.0,337.0,2020,7,26,0,0,1
3519568,168,2020-07-26 04:00:00,2,Jackson Heights,103.0,56.0,2020,7,26,4,0,1
3520030,168,2020-07-26 08:00:00,2,Jackson Heights,619.0,119.0,2020,7,26,8,0,1
3520491,168,2020-07-26 12:00:00,2,Jackson Heights,913.0,237.0,2020,7,26,12,0,1
3520958,168,2020-07-26 16:00:00,2,Jackson Heights,700.0,343.0,2020,7,26,16,0,1
3521417,168,2020-07-26 20:00:00,2,Jackson Heights,382.0,489.0,2020,7,26,20,0,1
3521875,168,2020-07-27 00:00:00,2,Jackson Heights,16.0,184.0,2020,7,27,0,0,1
3522334,168,2020-07-27 04:00:00,2,Jackson Heights,1171.0,84.0,2020,7,27,4,0,1
3522803,168,2020-07-27 08:00:00,2,Jackson Heights,2226.0,383.0,2020,7,27,8,0,1
3523272,168,2020-07-27 12:00:00,2,Jackson Heights,1362.0,704.0,2020,7,27,12,0,1
3523741,168,2020-07-27 16:00:00,2,Jackson Heights,1072.0,1212.0,2020,7,27,16,0,1
3524210,168,2020-07-27 20:00:00,2,Jackson Heights,664.0,1243.0,2020,7,27,20,0,1
3524667,168,2020-07-28 00:00:00,2,Jackson Heights,8.0,109.0,2020,7,28,0,0,1
3525130,168,2020-07-28 04:00:00,2,Jackson Heights,848.0,72.0,2020,7,28,4,0,1
3525599,168,2020-07-28 08:00:00,2,Jackson Heights,2228.0,359.0,2020,7,28,8,0,1
3526067,168,2020-07-28 12:00:00,2,Jackson Heights,1319.0,650.0,2020,7,28,12,0,1
3526536,168,2020-07-28 16:00:00,2,Jackson Heights,1071.0,1253.0,2020,7,28,16,0,1
3527005,168,2020-07-28 20:00:00,2,Jackson Heights,645.0,1315.0,2020,7,28,20,0,1
3527460,168,2020-07-29 00:00:00,2,Jackson Heights,1.0,102.0,2020,7,29,0,0,1
3527922,168,2020-07-29 04:00:00,2,Jackson Heights,1270.0,59.0,2020,7,29,4,0,1
3528391,168,2020-07-29 08:00:00,2,Jackson Heights,2329.0,365.0,2020,7,29,8,0,1
3528860,168,2020-07-29 12:00:00,2,Jackson Heights,1356.0,515.0,2020,7,29,12,0,1
3529329,168,2020-07-29 16:00:00,2,Jackson Heights,1070.0,1210.0,2020,7,29,16,0,1
3529798,168,2020-07-29 20:00:00,2,Jackson Heights,631.0,1414.0,2020,7,29,20,0,1
3530719,168,2020-07-30 04:00:00,2,Jackson Heights,973.0,61.0,2020,7,30,4,0,1
3531188,168,2020-07-30 08:00:00,2,Jackson Heights,2306.0,348.0,2020,7,30,8,0,1
3531657,168,2020-07-30 12:00:00,2,Jackson Heights,1351.0,508.0,2020,7,30,12,0,1
3532126,168,2020-07-30 16:00:00,2,Jackson Heights,1032.0,1165.0,2020,7,30,16,0,1
3532595,168,2020-07-30 20:00:00,2,Jackson Heights,631.0,1353.0,2020,7,30,20,0,1
3533055,168,2020-07-31 00:00:00,2,Jackson Heights,4.0,163.0,2020,7,31,0,0,1
3533518,168,2020-07-31 04:00:00,2,Jackson Heights,877.0,63.0,2020,7,31,4,0,1
3533987,168,2020-07-31 08:00:00,2,Jackson Heights,2166.0,356.0,2020,7,31,8,0,1
3534456,168,2020-07-31 12:00:00,2,Jackson Heights,1371.0,539.0,2020,7,31,12,0,1
3534925,168,2020-07-31 16:00:00,2,Jackson Heights,1115.0,1125.0,2020,7,31,16,0,1
3535394,168,2020-07-31 20:00:00,2,Jackson Heights,769.0,1315.0,2020,7,31,20,0,1
3535863,168,2020-08-01 00:00:00,2,Jackson Heights,76.0,458.0,2020,8,1,0,0,1
3536329,168,2020-08-01 04:00:00,2,Jackson Heights,393.0,55.0,2020,8,1,4,0,1
3536794,168,2020-08-01 08:00:00,2,Jackson Heights,1120.0,295.0,2020,8,1,8,0,1
3537261,168,2020-08-01 12:00:00,2,Jackson Heights,1251.0,625.0,2020,8,1,12,0,1
3537730,168,2020-08-01 16:00:00,2,Jackson Heights,945.0,1067.0,2020,8,1,16,0,1
3538198,168,2020-08-01 20:00:00,2,Jackson Heights,443.0,1125.0,2020,8,1,20,0,1
3538665,168,2020-08-02 00:00:00,2,Jackson Heights,68.0,479.0,2020,8,2,0,0,1
3539131,168,2020-08-02 04:00:00,2,Jackson Heights,201.0,37.0,2020,8,2,4,0,1
3539594,168,2020-08-02 08:00:00,2,Jackson Heights,628.0,182.0,2020,8,2,8,0,1
3540060,168,2020-08-02 12:00:00,2,Jackson Heights,856.0,393.0,2020,8,2,12,0,1
3540528,168,2020-08-02 16:00:00,2,Jackson Heights,745.0,731.0,2020,8,2,16,0,1
3540992,168,2020-08-02 20:00:00,2,Jackson Heights,415.0,942.0,2020,8,2,20,0,1
3541452,168,2020-08-03 00:00:00,2,Jackson Heights,3.0,192.0,2020,8,3,0,0,1
3541911,168,2020-08-03 04:00:00,2,Jackson Heights,905.0,54.0,2020,8,3,4,0,1
3542379,168,2020-08-03 08:00:00,2,Jackson Heights,2129.0,420.0,2020,8,3,8,0,1
3542848,168,2020-08-03 12:00:00,2,Jackson Heights,1365.0,667.0,2020,8,3,12,0,1
3543317,168,2020-08-03 16:00:00,2,Jackson Heights,1118.0,1267.0,2020,8,3,16,0,1
3543786,168,2020-08-03 20:00:00,2,Jackson Heights,694.0,1418.0,2020,8,3,20,0,1
3544245,168,2020-08-04 00:00:00,2,Jackson Heights,4.0,183.0,2020,8,4,0,0,1
3544706,168,2020-08-04 04:00:00,2,Jackson Heights,1060.0,58.0,2020,8,4,4,0,1
3545175,168,2020-08-04 08:00:00,2,Jackson Heights,2068.0,371.0,2020,8,4,8,0,1
3545644,168,2020-08-04 12:00:00,2,Jackson Heights,1124.0,736.0,2020,8,4,12,0,1
3546113,168,2020-08-04 16:00:00,2,Jackson Heights,678.0,723.0,2020,8,4,16,0,1
3546579,168,2020-08-04 20:00:00,2,Jackson Heights,513.0,681.0,2020,8,4,20,0,1
3547037,168,2020-08-05 00:00:00,2,Jackson Heights,3.0,123.0,2020,8,5,0,0,1
3547491,168,2020-08-05 04:00:00,2,Jackson Heights,1272.0,79.0,2020,8,5,4,0,1
3547960,168,2020-08-05 08:00:00,2,Jackson Heights,2419.0,424.0,2020,8,5,8,0,1
3548429,168,2020-08-05 12:00:00,2,Jackson Heights,1406.0,617.0,2020,8,5,12,0,1
3548898,168,2020-08-05 16:00:00,2,Jackson Heights,1101.0,1089.0,2020,8,5,16,0,1
3549367,168,2020-08-05 20:00:00,2,Jackson Heights,718.0,1282.0,2020,8,5,20,0,1
3549822,168,2020-08-06 00:00:00,2,Jackson Heights,0.0,115.0,2020,8,6,0,0,1
3550285,168,2020-08-06 04:00:00,2,Jackson Heights,876.0,75.0,2020,8,6,4,0,1
3550754,168,2020-08-06 08:00:00,2,Jackson Heights,2348.0,382.0,2020,8,6,8,0,1
3551223,168,2020-08-06 12:00:00,2,Jackson Heights,1372.0,507.0,2020,8,6,12,0,1
3551692,168,2020-08-06 16:00:00,2,Jackson Heights,1013.0,1070.0,2020,8,6,16,0,1
3552161,168,2020-08-06 20:00:00,2,Jackson Heights,637.0,1337.0,2020,8,6,20,0,1
3552622,168,2020-08-07 00:00:00,2,Jackson Heights,3.0,131.0,2020,8,7,0,0,1
3553086,168,2020-08-07 04:00:00,2,Jackson Heights,751.0,63.0,2020,8,7,4,0,1
3553555,168,2020-08-07 08:00:00,2,Jackson Heights,2319.0,387.0,2020,8,7,8,0,1
3554024,168,2020-08-07 12:00:00,2,Jackson Heights,1415.0,710.0,2020,8,7,12,0,1
3554493,168,2020-08-07 16:00:00,2,Jackson Heights,1130.0,1204.0,2020,8,7,16,0,1
3554962,168,2020-08-07 20:00:00,2,Jackson Heights,691.0,1342.0,2020,8,7,20,0,1
3555429,168,2020-08-08 00:00:00,2,Jackson Heights,62.0,448.0,2020,8,8,0,0,1
3555897,168,2020-08-08 04:00:00,2,Jackson Heights,229.0,67.0,2020,8,8,4,0,1
3556364,168,2020-08-08 08:00:00,2,Jackson Heights,1086.0,193.0,2020,8,8,8,0,1
3556829,168,2020-08-08 12:00:00,2,Jackson Heights,1121.0,336.0,2020,8,8,12,0,1
3557297,168,2020-08-08 16:00:00,2,Jackson Heights,913.0,484.0,2020,8,8,16,0,1
3557763,168,2020-08-08 20:00:00,2,Jackson Heights,527.0,587.0,2020,8,8,20,0,1
3558231,168,2020-08-09 00:00:00,2,Jackson Heights,87.0,342.0,2020,8,9,0,0,1
3558697,168,2020-08-09 04:00:00,2,Jackson Heights,121.0,54.0,2020,8,9,4,0,1
3559158,168,2020-08-09 08:00:00,2,Jackson Heights,587.0,113.0,2020,8,9,8,0,1
3559622,168,2020-08-09 12:00:00,2,Jackson Heights,935.0,261.0,2020,8,9,12,0,1
3560090,168,2020-08-09 16:00:00,2,Jackson Heights,755.0,379.0,2020,8,9,16,0,1
3560551,168,2020-08-09 20:00:00,2,Jackson Heights,410.0,486.0,2020,8,9,20,0,1
3561011,168,2020-08-10 00:00:00,2,Jackson Heights,15.0,161.0,2020,8,10,0,0,1
3561461,168,2020-08-10 04:00:00,2,Jackson Heights,1216.0,71.0,2020,8,10,4,0,1
3561929,168,2020-08-10 08:00:00,2,Jackson Heights,2317.0,415.0,2020,8,10,8,0,1
3562398,168,2020-08-10 12:00:00,2,Jackson Heights,1369.0,726.0,2020,8,10,12,0,1
3562867,168,2020-08-10 16:00:00,2,Jackson Heights,1065.0,1256.0,2020,8,10,16,0,1
3563336,168,2020-08-10 20:00:00,2,Jackson Heights,696.0,1330.0,2020,8,10,20,0,1
3563792,168,2020-08-11 00:00:00,2,Jackson Heights,0.0,109.0,2020,8,11,0,0,1
3564254,168,2020-08-11 04:00:00,2,Jackson Heights,870.0,45.0,2020,8,11,4,0,1
3564723,168,2020-08-11 08:00:00,2,Jackson Heights,2268.0,377.0,2020,8,11,8,0,1
3565192,168,2020-08-11 12:00:00,2,Jackson Heights,1292.0,670.0,2020,8,11,12,0,1
3565661,168,2020-08-11 16:00:00,2,Jackson Heights,1094.0,1266.0,2020,8,11,16,0,1
3566130,168,2020-08-11 20:00:00,2,Jackson Heights,720.0,1308.0,2020,8,11,20,0,1
3566586,168,2020-08-12 00:00:00,2,Jackson Heights,3.0,57.0,2020,8,12,0,0,1
3567049,168,2020-08-12 04:00:00,2,Jackson Heights,1281.0,81.0,2020,8,12,4,0,1
3567518,168,2020-08-12 08:00:00,2,Jackson Heights,2417.0,381.0,2020,8,12,8,0,1
3567987,168,2020-08-12 12:00:00,2,Jackson Heights,1391.0,538.0,2020,8,12,12,0,1
3568456,168,2020-08-12 16:00:00,2,Jackson Heights,979.0,1135.0,2020,8,12,16,0,1
3568925,168,2020-08-12 20:00:00,2,Jackson Heights,599.0,1258.0,2020,8,12,20,0,1
3569381,168,2020-08-13 00:00:00,2,Jackson Heights,1.0,37.0,2020,8,13,0,0,1
3569846,168,2020-08-13 04:00:00,2,Jackson Heights,952.0,83.0,2020,8,13,4,0,1
3570315,168,2020-08-13 08:00:00,2,Jackson Heights,2394.0,396.0,2020,8,13,8,0,1
3570784,168,2020-08-13 12:00:00,2,Jackson Heights,1318.0,548.0,2020,8,13,12,0,1
3571253,168,2020-08-13 16:00:00,2,Jackson Heights,988.0,1101.0,2020,8,13,16,0,1
3571722,168,2020-08-13 20:00:00,2,Jackson Heights,678.0,1334.0,2020,8,13,20,0,1
3572180,168,2020-08-14 00:00:00,2,Jackson Heights,6.0,130.0,2020,8,14,0,0,1
3572641,168,2020-08-14 04:00:00,2,Jackson Heights,1009.0,79.0,2020,8,14,4,0,1
3573110,168,2020-08-14 08:00:00,2,Jackson Heights,2308.0,375.0,2020,8,14,8,0,1
3573579,168,2020-08-14 12:00:00,2,Jackson Heights,1368.0,527.0,2020,8,14,12,0,1
3574048,168,2020-08-14 16:00:00,2,Jackson Heights,1169.0,1133.0,2020,8,14,16,0,1
3574517,168,2020-08-14 20:00:00,2,Jackson Heights,760.0,1308.0,2020,8,14,20,0,1
3574986,168,2020-08-15 00:00:00,2,Jackson Heights,58.0,379.0,2020,8,15,0,0,1
3575452,168,2020-08-15 04:00:00,2,Jackson Heights,428.0,76.0,2020,8,15,4,0,1
3575920,168,2020-08-15 08:00:00,2,Jackson Heights,1181.0,296.0,2020,8,15,8,0,1
3576387,168,2020-08-15 12:00:00,2,Jackson Heights,1340.0,601.0,2020,8,15,12,0,1
3576855,168,2020-08-15 16:00:00,2,Jackson Heights,1137.0,845.0,2020,8,15,16,0,1
3577320,168,2020-08-15 20:00:00,2,Jackson Heights,592.0,949.0,2020,8,15,20,0,1
3577789,168,2020-08-16 00:00:00,2,Jackson Heights,88.0,457.0,2020,8,16,0,0,1
3578254,168,2020-08-16 04:00:00,2,Jackson Heights,184.0,54.0,2020,8,16,4,0,1
3578720,168,2020-08-16 08:00:00,2,Jackson Heights,778.0,230.0,2020,8,16,8,0,1
3579186,168,2020-08-16 12:00:00,2,Jackson Heights,993.0,456.0,2020,8,16,12,0,1
3579655,168,2020-08-16 16:00:00,2,Jackson Heights,777.0,657.0,2020,8,16,16,0,1
3580120,168,2020-08-16 20:00:00,2,Jackson Heights,470.0,726.0,2020,8,16,20,0,1
3580579,168,2020-08-17 00:00:00,2,Jackson Heights,0.0,130.0,2020,8,17,0,0,1
3581032,168,2020-08-17 04:00:00,2,Jackson Heights,1261.0,64.0,2020,8,17,4,0,1
3581501,168,2020-08-17 08:00:00,2,Jackson Heights,2335.0,428.0,2020,8,17,8,0,1
3581970,168,2020-08-17 12:00:00,2,Jackson Heights,1435.0,721.0,2020,8,17,12,0,1
3582439,168,2020-08-17 16:00:00,2,Jackson Heights,1192.0,1357.0,2020,8,17,16,0,1
3582908,168,2020-08-17 20:00:00,2,Jackson Heights,726.0,1422.0,2020,8,17,20,0,1
3583819,168,2020-08-18 04:00:00,2,Jackson Heights,1098.0,62.0,2020,8,18,4,0,1
3584288,168,2020-08-18 08:00:00,2,Jackson Heights,2392.0,402.0,2020,8,18,8,0,1
3584757,168,2020-08-18 12:00:00,2,Jackson Heights,1496.0,731.0,2020,8,18,12,0,1
3585226,168,2020-08-18 16:00:00,2,Jackson Heights,1163.0,1351.0,2020,8,18,16,0,1
3585695,168,2020-08-18 20:00:00,2,Jackson Heights,704.0,1349.0,2020,8,18,20,0,1
3586159,168,2020-08-19 00:00:00,2,Jackson Heights,32.0,305.0,2020,8,19,0,0,1
3586619,168,2020-08-19 04:00:00,2,Jackson Heights,719.0,72.0,2020,8,19,4,0,1
3587088,168,2020-08-19 08:00:00,2,Jackson Heights,1822.0,410.0,2020,8,19,8,0,1
3587557,168,2020-08-19 12:00:00,2,Jackson Heights,1459.0,568.0,2020,8,19,12,0,1
3588026,168,2020-08-19 16:00:00,2,Jackson Heights,1060.0,1160.0,2020,8,19,16,0,1
3588495,168,2020-08-19 20:00:00,2,Jackson Heights,689.0,1385.0,2020,8,19,20,0,1
3588953,168,2020-08-20 00:00:00,2,Jackson Heights,4.0,111.0,2020,8,20,0,0,1
3589412,168,2020-08-20 04:00:00,2,Jackson Heights,1064.0,66.0,2020,8,20,4,0,1
3589881,168,2020-08-20 08:00:00,2,Jackson Heights,2405.0,419.0,2020,8,20,8,0,1
3590349,168,2020-08-20 12:00:00,2,Jackson Heights,1397.0,653.0,2020,8,20,12,0,1
3590818,168,2020-08-20 16:00:00,2,Jackson Heights,1202.0,1268.0,2020,8,20,16,0,1
3591287,168,2020-08-20 20:00:00,2,Jackson Heights,767.0,1394.0,2020,8,20,20,0,1
3591746,168,2020-08-21 00:00:00,2,Jackson Heights,2.0,44.0,2020,8,21,0,0,1
3592207,168,2020-08-21 04:00:00,2,Jackson Heights,1221.0,77.0,2020,8,21,4,0,1
3592676,168,2020-08-21 08:00:00,2,Jackson Heights,2350.0,415.0,2020,8,21,8,0,1
3593145,168,2020-08-21 12:00:00,2,Jackson Heights,1468.0,721.0,2020,8,21,12,0,1
3593614,168,2020-08-21 16:00:00,2,Jackson Heights,1244.0,1256.0,2020,8,21,16,0,1
3594083,168,2020-08-21 20:00:00,2,Jackson Heights,803.0,1347.0,2020,8,21,20,0,1
3594551,168,2020-08-22 00:00:00,2,Jackson Heights,70.0,441.0,2020,8,22,0,0,1
3595017,168,2020-08-22 04:00:00,2,Jackson Heights,266.0,78.0,2020,8,22,4,0,1
3595480,168,2020-08-22 08:00:00,2,Jackson Heights,1084.0,207.0,2020,8,22,8,0,1
3595947,168,2020-08-22 12:00:00,2,Jackson Heights,1206.0,375.0,2020,8,22,12,0,1
3596414,168,2020-08-22 16:00:00,2,Jackson Heights,940.0,510.0,2020,8,22,16,0,1
3596881,168,2020-08-22 20:00:00,2,Jackson Heights,514.0,620.0,2020,8,22,20,0,1
3597349,168,2020-08-23 00:00:00,2,Jackson Heights,116.0,337.0,2020,8,23,0,0,1
3597813,168,2020-08-23 04:00:00,2,Jackson Heights,127.0,62.0,2020,8,23,4,0,1
3598278,168,2020-08-23 08:00:00,2,Jackson Heights,590.0,144.0,2020,8,23,8,0,1
3598745,168,2020-08-23 12:00:00,2,Jackson Heights,958.0,261.0,2020,8,23,12,0,1
3599214,168,2020-08-23 16:00:00,2,Jackson Heights,719.0,384.0,2020,8,23,16,0,1
3599679,168,2020-08-23 20:00:00,2,Jackson Heights,424.0,506.0,2020,8,23,20,0,1
3600140,168,2020-08-24 00:00:00,2,Jackson Heights,20.0,170.0,2020,8,24,0,0,1
3600592,168,2020-08-24 04:00:00,2,Jackson Heights,1200.0,84.0,2020,8,24,4,0,1
3601061,168,2020-08-24 08:00:00,2,Jackson Heights,2336.0,433.0,2020,8,24,8,0,1
3601530,168,2020-08-24 12:00:00,2,Jackson Heights,1508.0,722.0,2020,8,24,12,0,1
3601999,168,2020-08-24 16:00:00,2,Jackson Heights,1248.0,1250.0,2020,8,24,16,0,1
3602468,168,2020-08-24 20:00:00,2,Jackson Heights,803.0,1316.0,2020,8,24,20,0,1
3602926,168,2020-08-25 00:00:00,2,Jackson Heights,2.0,111.0,2020,8,25,0,0,1
3603383,168,2020-08-25 04:00:00,2,Jackson Heights,784.0,65.0,2020,8,25,4,0,1
3603852,168,2020-08-25 08:00:00,2,Jackson Heights,2426.0,413.0,2020,8,25,8,0,1
3604321,168,2020-08-25 12:00:00,2,Jackson Heights,1416.0,768.0,2020,8,25,12,0,1
3604790,168,2020-08-25 16:00:00,2,Jackson Heights,1126.0,1420.0,2020,8,25,16,0,1
3605259,168,2020-08-25 20:00:00,2,Jackson Heights,743.0,1319.0,2020,8,25,20,0,1
3605715,168,2020-08-26 00:00:00,2,Jackson Heights,3.0,99.0,2020,8,26,0,0,1
3606169,168,2020-08-26 04:00:00,2,Jackson Heights,1110.0,90.0,2020,8,26,4,0,1
3606638,168,2020-08-26 08:00:00,2,Jackson Heights,2442.0,405.0,2020,8,26,8,0,1
3607107,168,2020-08-26 12:00:00,2,Jackson Heights,1437.0,756.0,2020,8,26,12,0,1
3607576,168,2020-08-26 16:00:00,2,Jackson Heights,1142.0,1183.0,2020,8,26,16,0,1
3608044,168,2020-08-26 20:00:00,2,Jackson Heights,719.0,1364.0,2020,8,26,20,0,1
3608955,168,2020-08-27 04:00:00,2,Jackson Heights,1030.0,83.0,2020,8,27,4,0,1
3609423,168,2020-08-27 08:00:00,2,Jackson Heights,2499.0,346.0,2020,8,27,8,0,1
3609892,168,2020-08-27 12:00:00,2,Jackson Heights,1427.0,711.0,2020,8,27,12,0,1
3610361,168,2020-08-27 16:00:00,2,Jackson Heights,1060.0,1444.0,2020,8,27,16,0,1
3610830,168,2020-08-27 20:00:00,2,Jackson Heights,718.0,1449.0,2020,8,27,20,0,1
3611290,168,2020-08-28 00:00:00,2,Jackson Heights,1.0,119.0,2020,8,28,0,0,1
3611745,168,2020-08-28 04:00:00,2,Jackson Heights,872.0,75.0,2020,8,28,4,0,1
3612214,168,2020-08-28 08:00:00,2,Jackson Heights,2380.0,372.0,2020,8,28,8,0,1
3612683,168,2020-08-28 12:00:00,2,Jackson Heights,1468.0,756.0,2020,8,28,12,0,1
3613152,168,2020-08-28 16:00:00,2,Jackson Heights,1194.0,1314.0,2020,8,28,16,0,1
3613621,168,2020-08-28 20:00:00,2,Jackson Heights,786.0,1356.0,2020,8,28,20,0,1
3614090,168,2020-08-29 00:00:00,2,Jackson Heights,75.0,442.0,2020,8,29,0,0,1
3614556,168,2020-08-29 04:00:00,2,Jackson Heights,276.0,64.0,2020,8,29,4,0,1
3615021,168,2020-08-29 08:00:00,2,Jackson Heights,1164.0,327.0,2020,8,29,8,0,1
3615489,168,2020-08-29 12:00:00,2,Jackson Heights,1293.0,626.0,2020,8,29,12,0,1
3615956,168,2020-08-29 16:00:00,2,Jackson Heights,1080.0,877.0,2020,8,29,16,0,1
3616422,168,2020-08-29 20:00:00,2,Jackson Heights,613.0,954.0,2020,8,29,20,0,1
3616889,168,2020-08-30 00:00:00,2,Jackson Heights,99.0,451.0,2020,8,30,0,0,1
3617355,168,2020-08-30 04:00:00,2,Jackson Heights,199.0,68.0,2020,8,30,4,0,1
3617818,168,2020-08-30 08:00:00,2,Jackson Heights,867.0,174.0,2020,8,30,8,0,1
3618282,168,2020-08-30 12:00:00,2,Jackson Heights,1180.0,448.0,2020,8,30,12,0,1
3618749,168,2020-08-30 16:00:00,2,Jackson Heights,971.0,770.0,2020,8,30,16,0,1
3619213,168,2020-08-30 20:00:00,2,Jackson Heights,531.0,888.0,2020,8,30,20,0,1
3619669,168,2020-08-31 00:00:00,2,Jackson Heights,10.0,148.0,2020,8,31,0,0,1
3620127,168,2020-08-31 04:00:00,2,Jackson Heights,919.0,89.0,2020,8,31,4,0,1
3620596,168,2020-08-31 08:00:00,2,Jackson Heights,2386.0,450.0,2020,8,31,8,0,1
3621065,168,2020-08-31 12:00:00,2,Jackson Heights,1546.0,754.0,2020,8,31,12,0,1
3621534,168,2020-08-31 16:00:00,2,Jackson Heights,1280.0,1412.0,2020,8,31,16,0,1
3622003,168,2020-08-31 20:00:00,2,Jackson Heights,823.0,1444.0,2020,8,31,20,0,1
3622916,168,2020-09-01 04:00:00,2,Jackson Heights,901.0,86.0,2020,9,1,4,0,1
3623385,168,2020-09-01 08:00:00,2,Jackson Heights,2551.0,463.0,2020,9,1,8,0,1
3623854,168,2020-09-01 12:00:00,2,Jackson Heights,1591.0,800.0,2020,9,1,12,0,1
3624323,168,2020-09-01 16:00:00,2,Jackson Heights,1225.0,1352.0,2020,9,1,16,0,1
3624792,168,2020-09-01 20:00:00,2,Jackson Heights,767.0,1421.0,2020,9,1,20,0,1
3625709,168,2020-09-02 04:00:00,2,Jackson Heights,1329.0,67.0,2020,9,2,4,0,1
3626178,168,2020-09-02 08:00:00,2,Jackson Heights,2593.0,468.0,2020,9,2,8,0,1
3626647,168,2020-09-02 12:00:00,2,Jackson Heights,1637.0,901.0,2020,9,2,12,0,1
3627116,168,2020-09-02 16:00:00,2,Jackson Heights,1257.0,1475.0,2020,9,2,16,0,1
3627585,168,2020-09-02 20:00:00,2,Jackson Heights,747.0,1452.0,2020,9,2,20,0,1
3628043,168,2020-09-03 00:00:00,2,Jackson Heights,1.0,195.0,2020,9,3,0,0,1
3628504,168,2020-09-03 04:00:00,2,Jackson Heights,1355.0,96.0,2020,9,3,4,0,1
3628973,168,2020-09-03 08:00:00,2,Jackson Heights,2648.0,446.0,2020,9,3,8,0,1
3629442,168,2020-09-03 12:00:00,2,Jackson Heights,1622.0,719.0,2020,9,3,12,0,1
3629911,168,2020-09-03 16:00:00,2,Jackson Heights,1239.0,1420.0,2020,9,3,16,0,1
3630380,168,2020-09-03 20:00:00,2,Jackson Heights,747.0,1538.0,2020,9,3,20,0,1
3630837,168,2020-09-04 00:00:00,2,Jackson Heights,4.0,123.0,2020,9,4,0,0,1
3631298,168,2020-09-04 04:00:00,2,Jackson Heights,1008.0,38.0,2020,9,4,4,0,1
3631767,168,2020-09-04 08:00:00,2,Jackson Heights,2498.0,444.0,2020,9,4,8,0,1
3632236,168,2020-09-04 12:00:00,2,Jackson Heights,1708.0,787.0,2020,9,4,12,0,1
3632705,168,2020-09-04 16:00:00,2,Jackson Heights,1458.0,1373.0,2020,9,4,16,0,1
3633174,168,2020-09-04 20:00:00,2,Jackson Heights,891.0,1459.0,2020,9,4,20,0,1
3633643,168,2020-09-05 00:00:00,2,Jackson Heights,62.0,457.0,2020,9,5,0,0,1
3634108,168,2020-09-05 04:00:00,2,Jackson Heights,330.0,88.0,2020,9,5,4,0,1
3634571,168,2020-09-05 08:00:00,2,Jackson Heights,1369.0,332.0,2020,9,5,8,0,1
3635038,168,2020-09-05 12:00:00,2,Jackson Heights,1543.0,681.0,2020,9,5,12,0,1
3635503,168,2020-09-05 16:00:00,2,Jackson Heights,1256.0,1014.0,2020,9,5,16,0,1
3635967,168,2020-09-05 20:00:00,2,Jackson Heights,700.0,1139.0,2020,9,5,20,0,1
3636433,168,2020-09-06 00:00:00,2,Jackson Heights,118.0,560.0,2020,9,6,0,0,1
3636893,168,2020-09-06 04:00:00,2,Jackson Heights,222.0,73.0,2020,9,6,4,0,1
3637356,168,2020-09-06 08:00:00,2,Jackson Heights,1006.0,236.0,2020,9,6,8,0,1
3637821,168,2020-09-06 12:00:00,2,Jackson Heights,1401.0,497.0,2020,9,6,12,0,1
3638289,168,2020-09-06 16:00:00,2,Jackson Heights,1114.0,834.0,2020,9,6,16,0,1
3638753,168,2020-09-06 20:00:00,2,Jackson Heights,551.0,1005.0,2020,9,6,20,0,1
3639222,168,2020-09-07 00:00:00,2,Jackson Heights,41.0,440.0,2020,9,7,0,1,1
3639682,168,2020-09-07 04:00:00,2,Jackson Heights,392.0,56.0,2020,9,7,4,1,1
3640151,168,2020-09-07 08:00:00,2,Jackson Heights,1287.0,261.0,2020,9,7,8,1,1
3640617,168,2020-09-07 12:00:00,2,Jackson Heights,1405.0,541.0,2020,9,7,12,1,1
3641086,168,2020-09-07 16:00:00,2,Jackson Heights,1093.0,937.0,2020,9,7,16,1,1
3641547,168,2020-09-07 20:00:00,2,Jackson Heights,644.0,1016.0,2020,9,7,20,1,1
3642004,168,2020-09-08 00:00:00,2,Jackson Heights,7.0,196.0,2020,9,8,0,0,1
3642459,168,2020-09-08 04:00:00,2,Jackson Heights,1279.0,103.0,2020,9,8,4,0,1
3642928,168,2020-09-08 08:00:00,2,Jackson Heights,2559.0,465.0,2020,9,8,8,0,1
3643397,168,2020-09-08 12:00:00,2,Jackson Heights,1697.0,776.0,2020,9,8,12,0,1
3643866,168,2020-09-08 16:00:00,2,Jackson Heights,1340.0,1478.0,2020,9,8,16,0,1
3644335,168,2020-09-08 20:00:00,2,Jackson Heights,844.0,1529.0,2020,9,8,20,0,1
3644788,168,2020-09-09 00:00:00,2,Jackson Heights,5.0,59.0,2020,9,9,0,0,1
3645248,168,2020-09-09 04:00:00,2,Jackson Heights,936.0,70.0,2020,9,9,4,0,1
3645716,168,2020-09-09 08:00:00,2,Jackson Heights,2657.0,473.0,2020,9,9,8,0,1
3646185,168,2020-09-09 12:00:00,2,Jackson Heights,1716.0,751.0,2020,9,9,12,0,1
3646654,168,2020-09-09 16:00:00,2,Jackson Heights,1328.0,1352.0,2020,9,9,16,0,1
3647123,168,2020-09-09 20:00:00,2,Jackson Heights,787.0,1445.0,2020,9,9,20,0,1
3647576,168,2020-09-10 00:00:00,2,Jackson Heights,2.0,130.0,2020,9,10,0,0,1
3648035,168,2020-09-10 04:00:00,2,Jackson Heights,1307.0,94.0,2020,9,10,4,0,1
3648504,168,2020-09-10 08:00:00,2,Jackson Heights,2609.0,496.0,2020,9,10,8,0,1
3648973,168,2020-09-10 12:00:00,2,Jackson Heights,1708.0,813.0,2020,9,10,12,0,1
3649442,168,2020-09-10 16:00:00,2,Jackson Heights,1279.0,1306.0,2020,9,10,16,0,1
3649911,168,2020-09-10 20:00:00,2,Jackson Heights,758.0,1356.0,2020,9,10,20,0,1
3650367,168,2020-09-11 00:00:00,2,Jackson Heights,1.0,60.0,2020,9,11,0,0,1
3650827,168,2020-09-11 04:00:00,2,Jackson Heights,1357.0,82.0,2020,9,11,4,0,1
3651296,168,2020-09-11 08:00:00,2,Jackson Heights,2686.0,466.0,2020,9,11,8,0,1
3651765,168,2020-09-11 12:00:00,2,Jackson Heights,1819.0,804.0,2020,9,11,12,0,1
3652234,168,2020-09-11 16:00:00,2,Jackson Heights,1521.0,1461.0,2020,9,11,16,0,1
3652703,168,2020-09-11 20:00:00,2,Jackson Heights,896.0,1513.0,2020,9,11,20,0,1
3653171,168,2020-09-12 00:00:00,2,Jackson Heights,44.0,379.0,2020,9,12,0,0,1
3653637,168,2020-09-12 04:00:00,2,Jackson Heights,504.0,72.0,2020,9,12,4,0,1
3654095,168,2020-09-12 08:00:00,2,Jackson Heights,1572.0,377.0,2020,9,12,8,0,1
3654562,168,2020-09-12 12:00:00,2,Jackson Heights,1747.0,711.0,2020,9,12,12,0,1
3655024,168,2020-09-12 16:00:00,2,Jackson Heights,1362.0,1124.0,2020,9,12,16,0,1
3655490,168,2020-09-12 20:00:00,2,Jackson Heights,686.0,1189.0,2020,9,12,20,0,1
3655952,168,2020-09-13 00:00:00,2,Jackson Heights,100.0,501.0,2020,9,13,0,0,1
3656415,168,2020-09-13 04:00:00,2,Jackson Heights,245.0,78.0,2020,9,13,4,0,1
3656878,168,2020-09-13 08:00:00,2,Jackson Heights,1074.0,247.0,2020,9,13,8,0,1
3657338,168,2020-09-13 12:00:00,2,Jackson Heights,1453.0,577.0,2020,9,13,12,0,1
3657806,168,2020-09-13 16:00:00,2,Jackson Heights,1162.0,884.0,2020,9,13,16,0,1
3658262,168,2020-09-13 20:00:00,2,Jackson Heights,605.0,965.0,2020,9,13,20,0,1
3659166,168,2020-09-14 04:00:00,2,Jackson Heights,1376.0,77.0,2020,9,14,4,0,1
3659635,168,2020-09-14 08:00:00,2,Jackson Heights,2642.0,450.0,2020,9,14,8,0,1
3660104,168,2020-09-14 12:00:00,2,Jackson Heights,1711.0,883.0,2020,9,14,12,0,1
3660573,168,2020-09-14 16:00:00,2,Jackson Heights,1453.0,1587.0,2020,9,14,16,0,1
3661042,168,2020-09-14 20:00:00,2,Jackson Heights,913.0,1512.0,2020,9,14,20,0,1
3661491,168,2020-09-15 00:00:00,2,Jackson Heights,0.0,112.0,2020,9,15,0,0,1
3661947,168,2020-09-15 04:00:00,2,Jackson Heights,1349.0,83.0,2020,9,15,4,0,1
3662416,168,2020-09-15 08:00:00,2,Jackson Heights,2719.0,503.0,2020,9,15,8,0,1
3662885,168,2020-09-15 12:00:00,2,Jackson Heights,1808.0,845.0,2020,9,15,12,0,1
3663354,168,2020-09-15 16:00:00,2,Jackson Heights,1410.0,1516.0,2020,9,15,16,0,1
3663823,168,2020-09-15 20:00:00,2,Jackson Heights,885.0,1585.0,2020,9,15,20,0,1
3664280,168,2020-09-16 00:00:00,2,Jackson Heights,3.0,187.0,2020,9,16,0,0,1
3664737,168,2020-09-16 04:00:00,2,Jackson Heights,1449.0,97.0,2020,9,16,4,0,1
3665206,168,2020-09-16 08:00:00,2,Jackson Heights,2729.0,480.0,2020,9,16,8,0,1
3665675,168,2020-09-16 12:00:00,2,Jackson Heights,1677.0,775.0,2020,9,16,12,0,1
3666144,168,2020-09-16 16:00:00,2,Jackson Heights,1405.0,1507.0,2020,9,16,16,0,1
3666613,168,2020-09-16 20:00:00,2,Jackson Heights,864.0,1532.0,2020,9,16,20,0,1
3667520,168,2020-09-17 04:00:00,2,Jackson Heights,1161.0,116.0,2020,9,17,4,0,1
3667989,168,2020-09-17 08:00:00,2,Jackson Heights,2784.0,498.0,2020,9,17,8,0,1
3668458,168,2020-09-17 12:00:00,2,Jackson Heights,1768.0,786.0,2020,9,17,12,0,1
3668927,168,2020-09-17 16:00:00,2,Jackson Heights,1374.0,1476.0,2020,9,17,16,0,1
3669396,168,2020-09-17 20:00:00,2,Jackson Heights,803.0,1562.0,2020,9,17,20,0,1
3670308,168,2020-09-18 04:00:00,2,Jackson Heights,1403.0,93.0,2020,9,18,4,0,1
3670776,168,2020-09-18 08:00:00,2,Jackson Heights,2758.0,479.0,2020,9,18,8,0,1
3671244,168,2020-09-18 12:00:00,2,Jackson Heights,1820.0,834.0,2020,9,18,12,0,1
3671713,168,2020-09-18 16:00:00,2,Jackson Heights,1541.0,1495.0,2020,9,18,16,0,1
3672182,168,2020-09-18 20:00:00,2,Jackson Heights,973.0,1547.0,2020,9,18,20,0,1
3672651,168,2020-09-19 00:00:00,2,Jackson Heights,78.0,457.0,2020,9,19,0,0,1
3673118,168,2020-09-19 04:00:00,2,Jackson Heights,521.0,77.0,2020,9,19,4,0,1
3673583,168,2020-09-19 08:00:00,2,Jackson Heights,1551.0,355.0,2020,9,19,8,0,1
3674051,168,2020-09-19 12:00:00,2,Jackson Heights,1774.0,746.0,2020,9,19,12,0,1
3674516,168,2020-09-19 16:00:00,2,Jackson Heights,1437.0,1005.0,2020,9,19,16,0,1
3674982,168,2020-09-19 20:00:00,2,Jackson Heights,735.0,1091.0,2020,9,19,20,0,1
3675446,168,2020-09-20 00:00:00,2,Jackson Heights,95.0,472.0,2020,9,20,0,0,1
3675910,168,2020-09-20 04:00:00,2,Jackson Heights,241.0,65.0,2020,9,20,4,0,1
3676373,168,2020-09-20 08:00:00,2,Jackson Heights,1039.0,270.0,2020,9,20,8,0,1
3676837,168,2020-09-20 12:00:00,2,Jackson Heights,1466.0,573.0,2020,9,20,12,0,1
3677303,168,2020-09-20 16:00:00,2,Jackson Heights,1188.0,814.0,2020,9,20,16,0,1
3677765,168,2020-09-20 20:00:00,2,Jackson Heights,635.0,882.0,2020,9,20,20,0,1
3678224,168,2020-09-21 00:00:00,2,Jackson Heights,1.0,167.0,2020,9,21,0,0,1
3678679,168,2020-09-21 04:00:00,2,Jackson Heights,1345.0,74.0,2020,9,21,4,0,1
3679148,168,2020-09-21 08:00:00,2,Jackson Heights,2641.0,463.0,2020,9,21,8,0,1
3679617,168,2020-09-21 12:00:00,2,Jackson Heights,1742.0,776.0,2020,9,21,12,0,1
3680086,168,2020-09-21 16:00:00,2,Jackson Heights,1424.0,1499.0,2020,9,21,16,0,1
3680555,168,2020-09-21 20:00:00,2,Jackson Heights,892.0,1523.0,2020,9,21,20,0,1
3681010,168,2020-09-22 00:00:00,2,Jackson Heights,2.0,99.0,2020,9,22,0,0,1
3681467,168,2020-09-22 04:00:00,2,Jackson Heights,1332.0,104.0,2020,9,22,4,0,1
3681935,168,2020-09-22 08:00:00,2,Jackson Heights,2592.0,473.0,2020,9,22,8,0,1
3682404,168,2020-09-22 12:00:00,2,Jackson Heights,1695.0,722.0,2020,9,22,12,0,1
3682873,168,2020-09-22 16:00:00,2,Jackson Heights,1383.0,1472.0,2020,9,22,16,0,1
3683342,168,2020-09-22 20:00:00,2,Jackson Heights,879.0,1554.0,2020,9,22,20,0,1
3683795,168,2020-09-23 00:00:00,2,Jackson Heights,7.0,115.0,2020,9,23,0,0,1
3684252,168,2020-09-23 04:00:00,2,Jackson Heights,1442.0,154.0,2020,9,23,4,0,1
3684721,168,2020-09-23 08:00:00,2,Jackson Heights,2805.0,555.0,2020,9,23,8,0,1
3685190,168,2020-09-23 12:00:00,2,Jackson Heights,1777.0,773.0,2020,9,23,12,0,1
3685659,168,2020-09-23 16:00:00,2,Jackson Heights,1425.0,1534.0,2020,9,23,16,0,1
3686128,168,2020-09-23 20:00:00,2,Jackson Heights,855.0,1565.0,2020,9,23,20,0,1
3686580,168,2020-09-24 00:00:00,2,Jackson Heights,1.0,129.0,2020,9,24,0,0,1
3687035,168,2020-09-24 04:00:00,2,Jackson Heights,1435.0,99.0,2020,9,24,4,0,1
3687503,168,2020-09-24 08:00:00,2,Jackson Heights,2792.0,457.0,2020,9,24,8,0,1
3687972,168,2020-09-24 12:00:00,2,Jackson Heights,1770.0,746.0,2020,9,24,12,0,1
3688441,168,2020-09-24 16:00:00,2,Jackson Heights,1373.0,1393.0,2020,9,24,16,0,1
3688910,168,2020-09-24 20:00:00,2,Jackson Heights,820.0,1469.0,2020,9,24,20,0,1
3689363,168,2020-09-25 00:00:00,2,Jackson Heights,4.0,119.0,2020,9,25,0,0,1
3689821,168,2020-09-25 04:00:00,2,Jackson Heights,1408.0,139.0,2020,9,25,4,0,1
3690289,168,2020-09-25 08:00:00,2,Jackson Heights,2721.0,514.0,2020,9,25,8,0,1
3690758,168,2020-09-25 12:00:00,2,Jackson Heights,1771.0,806.0,2020,9,25,12,0,1
3691227,168,2020-09-25 16:00:00,2,Jackson Heights,1572.0,1492.0,2020,9,25,16,0,1
3691696,168,2020-09-25 20:00:00,2,Jackson Heights,975.0,1557.0,2020,9,25,20,0,1
3692164,168,2020-09-26 00:00:00,2,Jackson Heights,59.0,392.0,2020,9,26,0,0,1
3692627,168,2020-09-26 04:00:00,2,Jackson Heights,503.0,77.0,2020,9,26,4,0,1
3693092,168,2020-09-26 08:00:00,2,Jackson Heights,1542.0,387.0,2020,9,26,8,0,1
3693558,168,2020-09-26 12:00:00,2,Jackson Heights,1729.0,732.0,2020,9,26,12,0,1
3694023,168,2020-09-26 16:00:00,2,Jackson Heights,1398.0,1089.0,2020,9,26,16,0,1
3694487,168,2020-09-26 20:00:00,2,Jackson Heights,772.0,1098.0,2020,9,26,20,0,1
3694952,168,2020-09-27 00:00:00,2,Jackson Heights,127.0,389.0,2020,9,27,0,0,1
3695413,168,2020-09-27 04:00:00,2,Jackson Heights,256.0,75.0,2020,9,27,4,0,1
3695876,168,2020-09-27 08:00:00,2,Jackson Heights,1063.0,223.0,2020,9,27,8,0,1
3696341,168,2020-09-27 12:00:00,2,Jackson Heights,1541.0,576.0,2020,9,27,12,0,1
3696807,168,2020-09-27 16:00:00,2,Jackson Heights,1207.0,897.0,2020,9,27,16,0,1
3697270,168,2020-09-27 20:00:00,2,Jackson Heights,599.0,909.0,2020,9,27,20,0,1
3697733,168,2020-09-28 00:00:00,2,Jackson Heights,8.0,109.0,2020,9,28,0,0,1
3698191,168,2020-09-28 04:00:00,2,Jackson Heights,1137.0,61.0,2020,9,28,4,0,1
3698660,168,2020-09-28 08:00:00,2,Jackson Heights,2438.0,496.0,2020,9,28,8,0,1
3699129,168,2020-09-28 12:00:00,2,Jackson Heights,1860.0,875.0,2020,9,28,12,0,1
3699598,168,2020-09-28 16:00:00,2,Jackson Heights,1521.0,1529.0,2020,9,28,16,0,1
3700067,168,2020-09-28 20:00:00,2,Jackson Heights,885.0,1537.0,2020,9,28,20,0,1
3700977,168,2020-09-29 04:00:00,2,Jackson Heights,1307.0,107.0,2020,9,29,4,0,1
3701446,168,2020-09-29 08:00:00,2,Jackson Heights,2641.0,515.0,2020,9,29,8,0,1
3701915,168,2020-09-29 12:00:00,2,Jackson Heights,1749.0,798.0,2020,9,29,12,0,1
3702384,168,2020-09-29 16:00:00,2,Jackson Heights,1350.0,1533.0,2020,9,29,16,0,1
3702853,168,2020-09-29 20:00:00,2,Jackson Heights,848.0,1556.0,2020,9,29,20,0,1
3703756,168,2020-09-30 04:00:00,2,Jackson Heights,1409.0,95.0,2020,9,30,4,0,1
3704225,168,2020-09-30 08:00:00,2,Jackson Heights,2824.0,474.0,2020,9,30,8,0,1
3704694,168,2020-09-30 12:00:00,2,Jackson Heights,1790.0,793.0,2020,9,30,12,0,1
3705163,168,2020-09-30 16:00:00,2,Jackson Heights,1411.0,1535.0,2020,9,30,16,0,1
3705632,168,2020-09-30 20:00:00,2,Jackson Heights,882.0,1553.0,2020,9,30,20,0,1
3706542,168,2020-10-01 04:00:00,2,Jackson Heights,1469.0,94.0,2020,10,1,4,0,1
3707011,168,2020-10-01 08:00:00,2,Jackson Heights,2850.0,494.0,2020,10,1,8,0,1
3707480,168,2020-10-01 12:00:00,2,Jackson Heights,1848.0,784.0,2020,10,1,12,0,1
3707949,168,2020-10-01 16:00:00,2,Jackson Heights,1468.0,1441.0,2020,10,1,16,0,1
3708418,168,2020-10-01 20:00:00,2,Jackson Heights,857.0,1553.0,2020,10,1,20,0,1
3708876,168,2020-10-02 00:00:00,2,Jackson Heights,32.0,201.0,2020,10,2,0,0,1
3709332,168,2020-10-02 04:00:00,2,Jackson Heights,1406.0,102.0,2020,10,2,4,0,1
3709800,168,2020-10-02 08:00:00,2,Jackson Heights,2781.0,466.0,2020,10,2,8,0,1
3710269,168,2020-10-02 12:00:00,2,Jackson Heights,1856.0,784.0,2020,10,2,12,0,1
3710738,168,2020-10-02 16:00:00,2,Jackson Heights,1567.0,1419.0,2020,10,2,16,0,1
3711207,168,2020-10-02 20:00:00,2,Jackson Heights,955.0,1456.0,2020,10,2,20,0,1
3711674,168,2020-10-03 00:00:00,2,Jackson Heights,39.0,500.0,2020,10,3,0,0,1
3712139,168,2020-10-03 04:00:00,2,Jackson Heights,544.0,114.0,2020,10,3,4,0,1
3712604,168,2020-10-03 08:00:00,2,Jackson Heights,1640.0,356.0,2020,10,3,8,0,1
3713070,168,2020-10-03 12:00:00,2,Jackson Heights,1810.0,739.0,2020,10,3,12,0,1
3713532,168,2020-10-03 16:00:00,2,Jackson Heights,1484.0,1038.0,2020,10,3,16,0,1
3713998,168,2020-10-03 20:00:00,2,Jackson Heights,780.0,1068.0,2020,10,3,20,0,1
3714464,168,2020-10-04 00:00:00,2,Jackson Heights,93.0,421.0,2020,10,4,0,0,1
3714930,168,2020-10-04 04:00:00,2,Jackson Heights,256.0,79.0,2020,10,4,4,0,1
3715392,168,2020-10-04 08:00:00,2,Jackson Heights,1029.0,231.0,2020,10,4,8,0,1
3715856,168,2020-10-04 12:00:00,2,Jackson Heights,1496.0,547.0,2020,10,4,12,0,1
3716321,168,2020-10-04 16:00:00,2,Jackson Heights,1157.0,892.0,2020,10,4,16,0,1
3716785,168,2020-10-04 20:00:00,2,Jackson Heights,579.0,886.0,2020,10,4,20,0,1
3717241,168,2020-10-05 00:00:00,2,Jackson Heights,10.0,173.0,2020,10,5,0,0,1
3717694,168,2020-10-05 04:00:00,2,Jackson Heights,1410.0,109.0,2020,10,5,4,0,1
3718162,168,2020-10-05 08:00:00,2,Jackson Heights,2761.0,460.0,2020,10,5,8,0,1
3718630,168,2020-10-05 12:00:00,2,Jackson Heights,1814.0,879.0,2020,10,5,12,0,1
3719099,168,2020-10-05 16:00:00,2,Jackson Heights,1471.0,1592.0,2020,10,5,16,0,1
3719568,168,2020-10-05 20:00:00,2,Jackson Heights,923.0,1491.0,2020,10,5,20,0,1
3720021,168,2020-10-06 00:00:00,2,Jackson Heights,11.0,178.0,2020,10,6,0,0,1
3720478,168,2020-10-06 04:00:00,2,Jackson Heights,1191.0,84.0,2020,10,6,4,0,1
3720946,168,2020-10-06 08:00:00,2,Jackson Heights,2789.0,474.0,2020,10,6,8,0,1
3721415,168,2020-10-06 12:00:00,2,Jackson Heights,1849.0,825.0,2020,10,6,12,0,1
3721884,168,2020-10-06 16:00:00,2,Jackson Heights,1471.0,1562.0,2020,10,6,16,0,1
3722353,168,2020-10-06 20:00:00,2,Jackson Heights,894.0,1585.0,2020,10,6,20,0,1
3723265,168,2020-10-07 04:00:00,2,Jackson Heights,1207.0,78.0,2020,10,7,4,0,1
3723734,168,2020-10-07 08:00:00,2,Jackson Heights,2838.0,476.0,2020,10,7,8,0,1
3724203,168,2020-10-07 12:00:00,2,Jackson Heights,1854.0,840.0,2020,10,7,12,0,1
3724672,168,2020-10-07 16:00:00,2,Jackson Heights,1477.0,1559.0,2020,10,7,16,0,1
3725141,168,2020-10-07 20:00:00,2,Jackson Heights,858.0,1546.0,2020,10,7,20,0,1
3726057,168,2020-10-08 04:00:00,2,Jackson Heights,1450.0,123.0,2020,10,8,4,0,1
3726526,168,2020-10-08 08:00:00,2,Jackson Heights,2834.0,448.0,2020,10,8,8,0,1
3726995,168,2020-10-08 12:00:00,2,Jackson Heights,1886.0,770.0,2020,10,8,12,0,1
3727464,168,2020-10-08 16:00:00,2,Jackson Heights,1484.0,1500.0,2020,10,8,16,0,1
3727933,168,2020-10-08 20:00:00,2,Jackson Heights,872.0,1571.0,2020,10,8,20,0,1
3728392,168,2020-10-09 00:00:00,2,Jackson Heights,4.0,207.0,2020,10,9,0,0,1
3728852,168,2020-10-09 04:00:00,2,Jackson Heights,1351.0,108.0,2020,10,9,4,0,1
3729319,168,2020-10-09 08:00:00,2,Jackson Heights,2765.0,496.0,2020,10,9,8,0,1
3729788,168,2020-10-09 12:00:00,2,Jackson Heights,1943.0,839.0,2020,10,9,12,0,1
3730257,168,2020-10-09 16:00:00,2,Jackson Heights,1608.0,1496.0,2020,10,9,16,0,1
3730726,168,2020-10-09 20:00:00,2,Jackson Heights,974.0,1506.0,2020,10,9,20,0,1
3731194,168,2020-10-10 00:00:00,2,Jackson Heights,90.0,280.0,2020,10,10,0,0,1
3731659,168,2020-10-10 04:00:00,2,Jackson Heights,372.0,106.0,2020,10,10,4,0,1
3732127,168,2020-10-10 08:00:00,2,Jackson Heights,1451.0,243.0,2020,10,10,8,0,1
3732595,168,2020-10-10 12:00:00,2,Jackson Heights,1634.0,425.0,2020,10,10,12,0,1
3733063,168,2020-10-10 16:00:00,2,Jackson Heights,1215.0,606.0,2020,10,10,16,0,1
3733531,168,2020-10-10 20:00:00,2,Jackson Heights,649.0,700.0,2020,10,10,20,0,1
3734000,168,2020-10-11 00:00:00,2,Jackson Heights,95.0,371.0,2020,10,11,0,0,1
3734462,168,2020-10-11 04:00:00,2,Jackson Heights,132.0,83.0,2020,10,11,4,0,1
3734928,168,2020-10-11 08:00:00,2,Jackson Heights,801.0,159.0,2020,10,11,8,0,1
3735395,168,2020-10-11 12:00:00,2,Jackson Heights,1244.0,303.0,2020,10,11,12,0,1
3735862,168,2020-10-11 16:00:00,2,Jackson Heights,977.0,470.0,2020,10,11,16,0,1
3736328,168,2020-10-11 20:00:00,2,Jackson Heights,502.0,616.0,2020,10,11,20,0,1
3736784,168,2020-10-12 00:00:00,2,Jackson Heights,10.0,125.0,2020,10,12,0,1,1
3737246,168,2020-10-12 04:00:00,2,Jackson Heights,1098.0,105.0,2020,10,12,4,1,1
3737715,168,2020-10-12 08:00:00,2,Jackson Heights,2291.0,422.0,2020,10,12,8,1,1
3738184,168,2020-10-12 12:00:00,2,Jackson Heights,1595.0,721.0,2020,10,12,12,1,1
3738653,168,2020-10-12 16:00:00,2,Jackson Heights,1204.0,1358.0,2020,10,12,16,1,1
3739122,168,2020-10-12 20:00:00,2,Jackson Heights,759.0,1393.0,2020,10,12,20,1,1
3739576,168,2020-10-13 00:00:00,2,Jackson Heights,4.0,186.0,2020,10,13,0,0,1
3740030,168,2020-10-13 04:00:00,2,Jackson Heights,1361.0,98.0,2020,10,13,4,0,1
3740499,168,2020-10-13 08:00:00,2,Jackson Heights,2745.0,478.0,2020,10,13,8,0,1
3740968,168,2020-10-13 12:00:00,2,Jackson Heights,1781.0,848.0,2020,10,13,12,0,1
3741437,168,2020-10-13 16:00:00,2,Jackson Heights,1314.0,1570.0,2020,10,13,16,0,1
3741906,168,2020-10-13 20:00:00,2,Jackson Heights,842.0,1529.0,2020,10,13,20,0,1
3742361,168,2020-10-14 00:00:00,2,Jackson Heights,9.0,142.0,2020,10,14,0,0,1
3742820,168,2020-10-14 04:00:00,2,Jackson Heights,1453.0,90.0,2020,10,14,4,0,1
3743289,168,2020-10-14 08:00:00,2,Jackson Heights,2877.0,496.0,2020,10,14,8,0,1
3743756,168,2020-10-14 12:00:00,2,Jackson Heights,1896.0,808.0,2020,10,14,12,0,1
3744225,168,2020-10-14 16:00:00,2,Jackson Heights,1501.0,1571.0,2020,10,14,16,0,1
3744694,168,2020-10-14 20:00:00,2,Jackson Heights,902.0,1579.0,2020,10,14,20,0,1
3745151,168,2020-10-15 00:00:00,2,Jackson Heights,0.0,125.0,2020,10,15,0,0,1
3745612,168,2020-10-15 04:00:00,2,Jackson Heights,1483.0,144.0,2020,10,15,4,0,1
3746081,168,2020-10-15 08:00:00,2,Jackson Heights,2897.0,477.0,2020,10,15,8,0,1
3746550,168,2020-10-15 12:00:00,2,Jackson Heights,1871.0,788.0,2020,10,15,12,0,1
3747019,168,2020-10-15 16:00:00,2,Jackson Heights,1501.0,1633.0,2020,10,15,16,0,1
3747488,168,2020-10-15 20:00:00,2,Jackson Heights,906.0,1652.0,2020,10,15,20,0,1
3747945,168,2020-10-16 00:00:00,2,Jackson Heights,6.0,134.0,2020,10,16,0,0,1
3748404,168,2020-10-16 04:00:00,2,Jackson Heights,1327.0,113.0,2020,10,16,4,0,1
3748873,168,2020-10-16 08:00:00,2,Jackson Heights,2715.0,484.0,2020,10,16,8,0,1
3749342,168,2020-10-16 12:00:00,2,Jackson Heights,1804.0,870.0,2020,10,16,12,0,1
3749811,168,2020-10-16 16:00:00,2,Jackson Heights,1387.0,1525.0,2020,10,16,16,0,1
3750280,168,2020-10-16 20:00:00,2,Jackson Heights,845.0,1458.0,2020,10,16,20,0,1
3750747,168,2020-10-17 00:00:00,2,Jackson Heights,65.0,378.0,2020,10,17,0,0,1
3751214,168,2020-10-17 04:00:00,2,Jackson Heights,413.0,83.0,2020,10,17,4,0,1
3751683,168,2020-10-17 08:00:00,2,Jackson Heights,1361.0,193.0,2020,10,17,8,0,1
3752151,168,2020-10-17 12:00:00,2,Jackson Heights,1576.0,353.0,2020,10,17,12,0,1
3752620,168,2020-10-17 16:00:00,2,Jackson Heights,1178.0,515.0,2020,10,17,16,0,1
3753088,168,2020-10-17 20:00:00,2,Jackson Heights,595.0,615.0,2020,10,17,20,0,1
3753557,168,2020-10-18 00:00:00,2,Jackson Heights,108.0,373.0,2020,10,18,0,0,1
3754021,168,2020-10-18 04:00:00,2,Jackson Heights,118.0,90.0,2020,10,18,4,0,1
3754489,168,2020-10-18 08:00:00,2,Jackson Heights,783.0,135.0,2020,10,18,8,0,1
3754955,168,2020-10-18 12:00:00,2,Jackson Heights,1205.0,316.0,2020,10,18,12,0,1
3755423,168,2020-10-18 16:00:00,2,Jackson Heights,930.0,435.0,2020,10,18,16,0,1
3755889,168,2020-10-18 20:00:00,2,Jackson Heights,497.0,575.0,2020,10,18,20,0,1
3756341,168,2020-10-19 00:00:00,2,Jackson Heights,9.0,165.0,2020,10,19,0,0,1
3756796,168,2020-10-19 04:00:00,2,Jackson Heights,1269.0,77.0,2020,10,19,4,0,1
3757265,168,2020-10-19 08:00:00,2,Jackson Heights,2751.0,467.0,2020,10,19,8,0,1
3757734,168,2020-10-19 12:00:00,2,Jackson Heights,1799.0,869.0,2020,10,19,12,0,1
3758203,168,2020-10-19 16:00:00,2,Jackson Heights,1494.0,1548.0,2020,10,19,16,0,1
3758672,168,2020-10-19 20:00:00,2,Jackson Heights,943.0,1502.0,2020,10,19,20,0,1
3759125,168,2020-10-20 00:00:00,2,Jackson Heights,9.0,199.0,2020,10,20,0,0,1
3759584,168,2020-10-20 04:00:00,2,Jackson Heights,1438.0,81.0,2020,10,20,4,0,1
3760053,168,2020-10-20 08:00:00,2,Jackson Heights,2828.0,480.0,2020,10,20,8,0,1
3760522,168,2020-10-20 12:00:00,2,Jackson Heights,1791.0,754.0,2020,10,20,12,0,1
3760991,168,2020-10-20 16:00:00,2,Jackson Heights,1441.0,1544.0,2020,10,20,16,0,1
3761460,168,2020-10-20 20:00:00,2,Jackson Heights,922.0,1558.0,2020,10,20,20,0,1
3761913,168,2020-10-21 00:00:00,2,Jackson Heights,2.0,171.0,2020,10,21,0,0,1
3762373,168,2020-10-21 04:00:00,2,Jackson Heights,1437.0,101.0,2020,10,21,4,0,1
3762842,168,2020-10-21 08:00:00,2,Jackson Heights,2858.0,486.0,2020,10,21,8,0,1
3763311,168,2020-10-21 12:00:00,2,Jackson Heights,1850.0,828.0,2020,10,21,12,0,1
3763780,168,2020-10-21 16:00:00,2,Jackson Heights,1489.0,1550.0,2020,10,21,16,0,1
3764249,168,2020-10-21 20:00:00,2,Jackson Heights,914.0,1531.0,2020,10,21,20,0,1
3764703,168,2020-10-22 00:00:00,2,Jackson Heights,3.0,135.0,2020,10,22,0,0,1
3765162,168,2020-10-22 04:00:00,2,Jackson Heights,1438.0,92.0,2020,10,22,4,0,1
3765631,168,2020-10-22 08:00:00,2,Jackson Heights,2839.0,494.0,2020,10,22,8,0,1
3766100,168,2020-10-22 12:00:00,2,Jackson Heights,1848.0,811.0,2020,10,22,12,0,1
3766569,168,2020-10-22 16:00:00,2,Jackson Heights,1436.0,1511.0,2020,10,22,16,0,1
3767038,168,2020-10-22 20:00:00,2,Jackson Heights,851.0,1597.0,2020,10,22,20,0,1
3767494,168,2020-10-23 00:00:00,2,Jackson Heights,7.0,130.0,2020,10,23,0,0,1
3767956,168,2020-10-23 04:00:00,2,Jackson Heights,1394.0,108.0,2020,10,23,4,0,1
3768425,168,2020-10-23 08:00:00,2,Jackson Heights,2800.0,455.0,2020,10,23,8,0,1
3768894,168,2020-10-23 12:00:00,2,Jackson Heights,1913.0,773.0,2020,10,23,12,0,1
3769363,168,2020-10-23 16:00:00,2,Jackson Heights,1635.0,1554.0,2020,10,23,16,0,1
3769832,168,2020-10-23 20:00:00,2,Jackson Heights,1010.0,1581.0,2020,10,23,20,0,1
3770301,168,2020-10-24 00:00:00,2,Jackson Heights,75.0,400.0,2020,10,24,0,0,1
3770769,168,2020-10-24 04:00:00,2,Jackson Heights,345.0,90.0,2020,10,24,4,0,1
3771237,168,2020-10-24 08:00:00,2,Jackson Heights,1531.0,379.0,2020,10,24,8,0,1
3771706,168,2020-10-24 12:00:00,2,Jackson Heights,1735.0,777.0,2020,10,24,12,0,1
3772175,168,2020-10-24 16:00:00,2,Jackson Heights,1419.0,1170.0,2020,10,24,16,0,1
3772643,168,2020-10-24 20:00:00,2,Jackson Heights,776.0,1176.0,2020,10,24,20,0,1
3773111,168,2020-10-25 00:00:00,2,Jackson Heights,135.0,478.0,2020,10,25,0,0,1
3773578,168,2020-10-25 04:00:00,2,Jackson Heights,170.0,81.0,2020,10,25,4,0,1
3774044,168,2020-10-25 08:00:00,2,Jackson Heights,1125.0,253.0,2020,10,25,8,0,1
3774513,168,2020-10-25 12:00:00,2,Jackson Heights,1567.0,606.0,2020,10,25,12,0,1
3774980,168,2020-10-25 16:00:00,2,Jackson Heights,1131.0,909.0,2020,10,25,16,0,1
3775448,168,2020-10-25 20:00:00,2,Jackson Heights,608.0,938.0,2020,10,25,20,0,1
3775902,168,2020-10-26 00:00:00,2,Jackson Heights,7.0,112.0,2020,10,26,0,0,1
3776360,168,2020-10-26 04:00:00,2,Jackson Heights,1369.0,93.0,2020,10,26,4,0,1
3776829,168,2020-10-26 08:00:00,2,Jackson Heights,2742.0,468.0,2020,10,26,8,0,1
3777298,168,2020-10-26 12:00:00,2,Jackson Heights,1857.0,861.0,2020,10,26,12,0,1
3777767,168,2020-10-26 16:00:00,2,Jackson Heights,1456.0,1602.0,2020,10,26,16,0,1
3778236,168,2020-10-26 20:00:00,2,Jackson Heights,900.0,1517.0,2020,10,26,20,0,1
3778694,168,2020-10-27 00:00:00,2,Jackson Heights,18.0,147.0,2020,10,27,0,0,1
3779146,168,2020-10-27 04:00:00,2,Jackson Heights,1433.0,109.0,2020,10,27,4,0,1
3779615,168,2020-10-27 08:00:00,2,Jackson Heights,2824.0,491.0,2020,10,27,8,0,1
3780084,168,2020-10-27 12:00:00,2,Jackson Heights,1795.0,764.0,2020,10,27,12,0,1
3780553,168,2020-10-27 16:00:00,2,Jackson Heights,1436.0,1581.0,2020,10,27,16,0,1
3781022,168,2020-10-27 20:00:00,2,Jackson Heights,935.0,1612.0,2020,10,27,20,0,1
3781479,168,2020-10-28 00:00:00,2,Jackson Heights,9.0,161.0,2020,10,28,0,0,1
3781937,168,2020-10-28 04:00:00,2,Jackson Heights,1385.0,97.0,2020,10,28,4,0,1
3782406,168,2020-10-28 08:00:00,2,Jackson Heights,2814.0,501.0,2020,10,28,8,0,1
3782875,168,2020-10-28 12:00:00,2,Jackson Heights,1926.0,842.0,2020,10,28,12,0,1
3783344,168,2020-10-28 16:00:00,2,Jackson Heights,1513.0,1533.0,2020,10,28,16,0,1
3783813,168,2020-10-28 20:00:00,2,Jackson Heights,879.0,1526.0,2020,10,28,20,0,1
3784268,168,2020-10-29 00:00:00,2,Jackson Heights,2.0,194.0,2020,10,29,0,0,1
3784729,168,2020-10-29 04:00:00,2,Jackson Heights,1320.0,96.0,2020,10,29,4,0,1
3785198,168,2020-10-29 08:00:00,2,Jackson Heights,2762.0,447.0,2020,10,29,8,0,1
3785667,168,2020-10-29 12:00:00,2,Jackson Heights,1836.0,798.0,2020,10,29,12,0,1
3786136,168,2020-10-29 16:00:00,2,Jackson Heights,1243.0,1503.0,2020,10,29,16,0,1
3786605,168,2020-10-29 20:00:00,2,Jackson Heights,740.0,1477.0,2020,10,29,20,0,1
3787059,168,2020-10-30 00:00:00,2,Jackson Heights,1.0,99.0,2020,10,30,0,0,1
3787517,168,2020-10-30 04:00:00,2,Jackson Heights,1241.0,95.0,2020,10,30,4,0,1
3787986,168,2020-10-30 08:00:00,2,Jackson Heights,2608.0,451.0,2020,10,30,8,0,1
3788455,168,2020-10-30 12:00:00,2,Jackson Heights,1904.0,841.0,2020,10,30,12,0,1
3788924,168,2020-10-30 16:00:00,2,Jackson Heights,1591.0,1455.0,2020,10,30,16,0,1
3789393,168,2020-10-30 20:00:00,2,Jackson Heights,949.0,1442.0,2020,10,30,20,0,1
3789862,168,2020-10-31 00:00:00,2,Jackson Heights,45.0,517.0,2020,10,31,0,0,1
3790329,168,2020-10-31 04:00:00,2,Jackson Heights,483.0,73.0,2020,10,31,4,0,1
3790794,168,2020-10-31 08:00:00,2,Jackson Heights,1584.0,364.0,2020,10,31,8,0,1
3791260,168,2020-10-31 12:00:00,2,Jackson Heights,1726.0,752.0,2020,10,31,12,0,1
3791723,168,2020-10-31 16:00:00,2,Jackson Heights,1392.0,1053.0,2020,10,31,16,0,1
3792187,168,2020-10-31 20:00:00,2,Jackson Heights,796.0,1056.0,2020,10,31,20,0,1
3792648,168,2020-11-01 00:00:00,2,Jackson Heights,150.0,412.0,2020,11,1,0,0,1
3793112,168,2020-11-01 04:00:00,2,Jackson Heights,182.0,46.0,2020,11,1,4,0,1
3793576,168,2020-11-01 08:00:00,2,Jackson Heights,1176.0,328.0,2020,11,1,8,0,1
3794039,168,2020-11-01 12:00:00,2,Jackson Heights,1370.0,605.0,2020,11,1,12,0,1
3794504,168,2020-11-01 16:00:00,2,Jackson Heights,985.0,783.0,2020,11,1,16,0,1
3794964,168,2020-11-01 20:00:00,2,Jackson Heights,503.0,620.0,2020,11,1,20,0,1
3795422,168,2020-11-02 00:00:00,2,Jackson Heights,12.0,101.0,2020,11,2,0,0,1
3795858,168,2020-11-02 04:00:00,2,Jackson Heights,1300.0,73.0,2020,11,2,4,0,1
3796327,168,2020-11-02 08:00:00,2,Jackson Heights,2878.0,588.0,2020,11,2,8,0,1
3796796,168,2020-11-02 12:00:00,2,Jackson Heights,1795.0,719.0,2020,11,2,12,0,1
3797265,168,2020-11-02 16:00:00,2,Jackson Heights,1478.0,1811.0,2020,11,2,16,0,1
3797734,168,2020-11-02 20:00:00,2,Jackson Heights,853.0,1254.0,2020,11,2,20,0,1
3798193,168,2020-11-03 00:00:00,2,Jackson Heights,18.0,319.0,2020,11,3,0,0,1
3798639,168,2020-11-03 04:00:00,2,Jackson Heights,1113.0,70.0,2020,11,3,4,0,1
3799108,168,2020-11-03 08:00:00,2,Jackson Heights,2633.0,496.0,2020,11,3,8,0,1
3799577,168,2020-11-03 12:00:00,2,Jackson Heights,1685.0,644.0,2020,11,3,12,0,1
3800046,168,2020-11-03 16:00:00,2,Jackson Heights,1456.0,1759.0,2020,11,3,16,0,1
3800515,168,2020-11-03 20:00:00,2,Jackson Heights,770.0,1266.0,2020,11,3,20,0,1
3800972,168,2020-11-04 00:00:00,2,Jackson Heights,10.0,169.0,2020,11,4,0,0,1
3801415,168,2020-11-04 04:00:00,2,Jackson Heights,1013.0,70.0,2020,11,4,4,0,1
3801884,168,2020-11-04 08:00:00,2,Jackson Heights,2815.0,511.0,2020,11,4,8,0,1
3802353,168,2020-11-04 12:00:00,2,Jackson Heights,1807.0,715.0,2020,11,4,12,0,1
3802822,168,2020-11-04 16:00:00,2,Jackson Heights,1562.0,1790.0,2020,11,4,16,0,1
3803291,168,2020-11-04 20:00:00,2,Jackson Heights,775.0,1292.0,2020,11,4,20,0,1
3803750,168,2020-11-05 00:00:00,2,Jackson Heights,8.0,304.0,2020,11,5,0,0,1
3804191,168,2020-11-05 04:00:00,2,Jackson Heights,1281.0,76.0,2020,11,5,4,0,1
3804659,168,2020-11-05 08:00:00,2,Jackson Heights,2883.0,536.0,2020,11,5,8,0,1
3805128,168,2020-11-05 12:00:00,2,Jackson Heights,1817.0,720.0,2020,11,5,12,0,1
3805597,168,2020-11-05 16:00:00,2,Jackson Heights,1512.0,1731.0,2020,11,5,16,0,1
3806066,168,2020-11-05 20:00:00,2,Jackson Heights,800.0,1316.0,2020,11,5,20,0,1
3806526,168,2020-11-06 00:00:00,2,Jackson Heights,26.0,403.0,2020,11,6,0,0,1
3806972,168,2020-11-06 04:00:00,2,Jackson Heights,1269.0,102.0,2020,11,6,4,0,1
3807441,168,2020-11-06 08:00:00,2,Jackson Heights,2871.0,564.0,2020,11,6,8,0,1
3807910,168,2020-11-06 12:00:00,2,Jackson Heights,1922.0,751.0,2020,11,6,12,0,1
3808379,168,2020-11-06 16:00:00,2,Jackson Heights,1727.0,1720.0,2020,11,6,16,0,1
3808848,168,2020-11-06 20:00:00,2,Jackson Heights,895.0,1393.0,2020,11,6,20,0,1
3809317,168,2020-11-07 00:00:00,2,Jackson Heights,107.0,565.0,2020,11,7,0,0,1
3809784,168,2020-11-07 04:00:00,2,Jackson Heights,395.0,86.0,2020,11,7,4,0,1
3810250,168,2020-11-07 08:00:00,2,Jackson Heights,1717.0,400.0,2020,11,7,8,0,1
3810715,168,2020-11-07 12:00:00,2,Jackson Heights,1837.0,734.0,2020,11,7,12,0,1
3811177,168,2020-11-07 16:00:00,2,Jackson Heights,1507.0,1174.0,2020,11,7,16,0,1
3811643,168,2020-11-07 20:00:00,2,Jackson Heights,776.0,1066.0,2020,11,7,20,0,1
3812106,168,2020-11-08 00:00:00,2,Jackson Heights,151.0,483.0,2020,11,8,0,0,1
3812571,168,2020-11-08 04:00:00,2,Jackson Heights,220.0,75.0,2020,11,8,4,0,1
3813035,168,2020-11-08 08:00:00,2,Jackson Heights,1108.0,264.0,2020,11,8,8,0,1
3813495,168,2020-11-08 12:00:00,2,Jackson Heights,1461.0,533.0,2020,11,8,12,0,1
3813962,168,2020-11-08 16:00:00,2,Jackson Heights,1237.0,1064.0,2020,11,8,16,0,1
3814422,168,2020-11-08 20:00:00,2,Jackson Heights,618.0,789.0,2020,11,8,20,0,1
3814881,168,2020-11-09 00:00:00,2,Jackson Heights,10.0,191.0,2020,11,9,0,0,1
3815324,168,2020-11-09 04:00:00,2,Jackson Heights,1284.0,71.0,2020,11,9,4,0,1
3815793,168,2020-11-09 08:00:00,2,Jackson Heights,2883.0,605.0,2020,11,9,8,0,1
3816262,168,2020-11-09 12:00:00,2,Jackson Heights,1798.0,677.0,2020,11,9,12,0,1
3816731,168,2020-11-09 16:00:00,2,Jackson Heights,1514.0,1775.0,2020,11,9,16,0,1
3817200,168,2020-11-09 20:00:00,2,Jackson Heights,879.0,1390.0,2020,11,9,20,0,1
3817657,168,2020-11-10 00:00:00,2,Jackson Heights,23.0,395.0,2020,11,10,0,0,1
3818100,168,2020-11-10 04:00:00,2,Jackson Heights,1118.0,78.0,2020,11,10,4,0,1
3818566,168,2020-11-10 08:00:00,2,Jackson Heights,2903.0,514.0,2020,11,10,8,0,1
3819034,168,2020-11-10 12:00:00,2,Jackson Heights,1803.0,809.0,2020,11,10,12,0,1
3819502,168,2020-11-10 16:00:00,2,Jackson Heights,1544.0,1883.0,2020,11,10,16,0,1
3819970,168,2020-11-10 20:00:00,2,Jackson Heights,850.0,1353.0,2020,11,10,20,0,1
3820432,168,2020-11-11 00:00:00,2,Jackson Heights,12.0,311.0,2020,11,11,0,1,1
3820885,168,2020-11-11 04:00:00,2,Jackson Heights,957.0,104.0,2020,11,11,4,1,1
3821354,168,2020-11-11 08:00:00,2,Jackson Heights,2760.0,561.0,2020,11,11,8,1,1
3821823,168,2020-11-11 12:00:00,2,Jackson Heights,1840.0,751.0,2020,11,11,12,1,1
3822292,168,2020-11-11 16:00:00,2,Jackson Heights,1485.0,1815.0,2020,11,11,16,1,1
3822761,168,2020-11-11 20:00:00,2,Jackson Heights,722.0,1349.0,2020,11,11,20,1,1
3823220,168,2020-11-12 00:00:00,2,Jackson Heights,20.0,213.0,2020,11,12,0,0,1
3823665,168,2020-11-12 04:00:00,2,Jackson Heights,1084.0,88.0,2020,11,12,4,0,1
3824133,168,2020-11-12 08:00:00,2,Jackson Heights,2865.0,546.0,2020,11,12,8,0,1
3824602,168,2020-11-12 12:00:00,2,Jackson Heights,1876.0,711.0,2020,11,12,12,0,1
3825071,168,2020-11-12 16:00:00,2,Jackson Heights,1443.0,1760.0,2020,11,12,16,0,1
3825540,168,2020-11-12 20:00:00,2,Jackson Heights,762.0,1332.0,2020,11,12,20,0,1
3826002,168,2020-11-13 00:00:00,2,Jackson Heights,19.0,265.0,2020,11,13,0,0,1
3826452,168,2020-11-13 04:00:00,2,Jackson Heights,1055.0,78.0,2020,11,13,4,0,1
3826921,168,2020-11-13 08:00:00,2,Jackson Heights,2813.0,568.0,2020,11,13,8,0,1
3827390,168,2020-11-13 12:00:00,2,Jackson Heights,1881.0,806.0,2020,11,13,12,0,1
3827859,168,2020-11-13 16:00:00,2,Jackson Heights,1639.0,1791.0,2020,11,13,16,0,1
3828328,168,2020-11-13 20:00:00,2,Jackson Heights,871.0,1288.0,2020,11,13,20,0,1
3828796,168,2020-11-14 00:00:00,2,Jackson Heights,99.0,635.0,2020,11,14,0,0,1
3829263,168,2020-11-14 04:00:00,2,Jackson Heights,404.0,95.0,2020,11,14,4,0,1
3829726,168,2020-11-14 08:00:00,2,Jackson Heights,1836.0,482.0,2020,11,14,8,0,1
3830191,168,2020-11-14 12:00:00,2,Jackson Heights,1826.0,713.0,2020,11,14,12,0,1
3830646,168,2020-11-14 16:00:00,2,Jackson Heights,1497.0,1323.0,2020,11,14,16,0,1
3831109,168,2020-11-14 20:00:00,2,Jackson Heights,755.0,1101.0,2020,11,14,20,0,1
3831567,168,2020-11-15 00:00:00,2,Jackson Heights,126.0,498.0,2020,11,15,0,0,1
3832029,168,2020-11-15 04:00:00,2,Jackson Heights,209.0,71.0,2020,11,15,4,0,1
3832495,168,2020-11-15 08:00:00,2,Jackson Heights,1157.0,285.0,2020,11,15,8,0,1
3832947,168,2020-11-15 12:00:00,2,Jackson Heights,1375.0,526.0,2020,11,15,12,0,1
3833415,168,2020-11-15 16:00:00,2,Jackson Heights,1072.0,953.0,2020,11,15,16,0,1
3833864,168,2020-11-15 20:00:00,2,Jackson Heights,591.0,922.0,2020,11,15,20,0,1
3834321,168,2020-11-16 00:00:00,2,Jackson Heights,11.0,211.0,2020,11,16,0,0,1
3834754,168,2020-11-16 04:00:00,2,Jackson Heights,929.0,48.0,2020,11,16,4,0,1
3835221,168,2020-11-16 08:00:00,2,Jackson Heights,2839.0,603.0,2020,11,16,8,0,1
3835690,168,2020-11-16 12:00:00,2,Jackson Heights,1807.0,782.0,2020,11,16,12,0,1
3836159,168,2020-11-16 16:00:00,2,Jackson Heights,1591.0,1854.0,2020,11,16,16,0,1
3836628,168,2020-11-16 20:00:00,2,Jackson Heights,906.0,1407.0,2020,11,16,20,0,1
3837087,168,2020-11-17 00:00:00,2,Jackson Heights,23.0,294.0,2020,11,17,0,0,1
3837530,168,2020-11-17 04:00:00,2,Jackson Heights,1285.0,75.0,2020,11,17,4,0,1
3837999,168,2020-11-17 08:00:00,2,Jackson Heights,2852.0,545.0,2020,11,17,8,0,1
3838468,168,2020-11-17 12:00:00,2,Jackson Heights,1788.0,621.0,2020,11,17,12,0,1
3838937,168,2020-11-17 16:00:00,2,Jackson Heights,1510.0,1859.0,2020,11,17,16,0,1
3839406,168,2020-11-17 20:00:00,2,Jackson Heights,859.0,1413.0,2020,11,17,20,0,1
3839866,168,2020-11-18 00:00:00,2,Jackson Heights,14.0,247.0,2020,11,18,0,0,1
3840310,168,2020-11-18 04:00:00,2,Jackson Heights,1274.0,79.0,2020,11,18,4,0,1
3840779,168,2020-11-18 08:00:00,2,Jackson Heights,2935.0,532.0,2020,11,18,8,0,1
3841248,168,2020-11-18 12:00:00,2,Jackson Heights,1776.0,763.0,2020,11,18,12,0,1
3841717,168,2020-11-18 16:00:00,2,Jackson Heights,1555.0,1884.0,2020,11,18,16,0,1
3842186,168,2020-11-18 20:00:00,2,Jackson Heights,800.0,1303.0,2020,11,18,20,0,1
3842647,168,2020-11-19 00:00:00,2,Jackson Heights,15.0,204.0,2020,11,19,0,0,1
3843098,168,2020-11-19 04:00:00,2,Jackson Heights,1264.0,87.0,2020,11,19,4,0,1
3843566,168,2020-11-19 08:00:00,2,Jackson Heights,2884.0,524.0,2020,11,19,8,0,1
3844034,168,2020-11-19 12:00:00,2,Jackson Heights,1802.0,680.0,2020,11,19,12,0,1
3844503,168,2020-11-19 16:00:00,2,Jackson Heights,1504.0,1755.0,2020,11,19,16,0,1
3844972,168,2020-11-19 20:00:00,2,Jackson Heights,792.0,1393.0,2020,11,19,20,0,1
3845432,168,2020-11-20 00:00:00,2,Jackson Heights,13.0,235.0,2020,11,20,0,0,1
3845889,168,2020-11-20 04:00:00,2,Jackson Heights,1257.0,87.0,2020,11,20,4,0,1
3846358,168,2020-11-20 08:00:00,2,Jackson Heights,2763.0,493.0,2020,11,20,8,0,1
3846827,168,2020-11-20 12:00:00,2,Jackson Heights,1838.0,687.0,2020,11,20,12,0,1
3847296,168,2020-11-20 16:00:00,2,Jackson Heights,1689.0,1735.0,2020,11,20,16,0,1
3847765,168,2020-11-20 20:00:00,2,Jackson Heights,880.0,1509.0,2020,11,20,20,0,1
3848233,168,2020-11-21 00:00:00,2,Jackson Heights,95.0,608.0,2020,11,21,0,0,1
3848701,168,2020-11-21 04:00:00,2,Jackson Heights,426.0,78.0,2020,11,21,4,0,1
3849164,168,2020-11-21 08:00:00,2,Jackson Heights,1866.0,436.0,2020,11,21,8,0,1
3849628,168,2020-11-21 12:00:00,2,Jackson Heights,1768.0,674.0,2020,11,21,12,0,1
3850091,168,2020-11-21 16:00:00,2,Jackson Heights,1440.0,1290.0,2020,11,21,16,0,1
3850555,168,2020-11-21 20:00:00,2,Jackson Heights,751.0,1178.0,2020,11,21,20,0,1
3851017,168,2020-11-22 00:00:00,2,Jackson Heights,118.0,489.0,2020,11,22,0,0,1
3851484,168,2020-11-22 04:00:00,2,Jackson Heights,205.0,56.0,2020,11,22,4,0,1
3851948,168,2020-11-22 08:00:00,2,Jackson Heights,1122.0,277.0,2020,11,22,8,0,1
3852411,168,2020-11-22 12:00:00,2,Jackson Heights,1475.0,555.0,2020,11,22,12,0,1
3852876,168,2020-11-22 16:00:00,2,Jackson Heights,1198.0,994.0,2020,11,22,16,0,1
3853337,168,2020-11-22 20:00:00,2,Jackson Heights,577.0,840.0,2020,11,22,20,0,1
3853795,168,2020-11-23 00:00:00,2,Jackson Heights,17.0,175.0,2020,11,23,0,0,1
3854242,168,2020-11-23 04:00:00,2,Jackson Heights,1159.0,58.0,2020,11,23,4,0,1
3854710,168,2020-11-23 08:00:00,2,Jackson Heights,2663.0,515.0,2020,11,23,8,0,1
3855179,168,2020-11-23 12:00:00,2,Jackson Heights,1723.0,660.0,2020,11,23,12,0,1
3855647,168,2020-11-23 16:00:00,2,Jackson Heights,1530.0,1745.0,2020,11,23,16,0,1
3856116,168,2020-11-23 20:00:00,2,Jackson Heights,864.0,1415.0,2020,11,23,20,0,1
3856576,168,2020-11-24 00:00:00,2,Jackson Heights,10.0,284.0,2020,11,24,0,0,1
3857018,168,2020-11-24 04:00:00,2,Jackson Heights,1149.0,72.0,2020,11,24,4,0,1
3857486,168,2020-11-24 08:00:00,2,Jackson Heights,2759.0,537.0,2020,11,24,8,0,1
3857955,168,2020-11-24 12:00:00,2,Jackson Heights,1708.0,684.0,2020,11,24,12,0,1
3858424,168,2020-11-24 16:00:00,2,Jackson Heights,1525.0,1857.0,2020,11,24,16,0,1
3858893,168,2020-11-24 20:00:00,2,Jackson Heights,888.0,1355.0,2020,11,24,20,0,1
3859355,168,2020-11-25 00:00:00,2,Jackson Heights,8.0,235.0,2020,11,25,0,0,1
3859808,168,2020-11-25 04:00:00,2,Jackson Heights,1236.0,78.0,2020,11,25,4,0,1
3860277,168,2020-11-25 08:00:00,2,Jackson Heights,2744.0,546.0,2020,11,25,8,0,1
3860746,168,2020-11-25 12:00:00,2,Jackson Heights,1802.0,701.0,2020,11,25,12,0,1
3861215,168,2020-11-25 16:00:00,2,Jackson Heights,1500.0,1627.0,2020,11,25,16,0,1
3861684,168,2020-11-25 20:00:00,2,Jackson Heights,888.0,1453.0,2020,11,25,20,0,1
3862153,168,2020-11-26 00:00:00,2,Jackson Heights,114.0,524.0,2020,11,26,0,1,1
3862622,168,2020-11-26 04:00:00,2,Jackson Heights,294.0,71.0,2020,11,26,4,1,1
3863090,168,2020-11-26 08:00:00,2,Jackson Heights,1012.0,306.0,2020,11,26,8,1,1
3863559,168,2020-11-26 12:00:00,2,Jackson Heights,1099.0,531.0,2020,11,26,12,1,1
3864028,168,2020-11-26 16:00:00,2,Jackson Heights,1031.0,919.0,2020,11,26,16,1,1
3864497,168,2020-11-26 20:00:00,2,Jackson Heights,599.0,765.0,2020,11,26,20,1,1
3864965,168,2020-11-27 00:00:00,2,Jackson Heights,55.0,272.0,2020,11,27,0,0,1
3865432,168,2020-11-27 04:00:00,2,Jackson Heights,681.0,54.0,2020,11,27,4,0,1
3865900,168,2020-11-27 08:00:00,2,Jackson Heights,1938.0,354.0,2020,11,27,8,0,1
3866369,168,2020-11-27 12:00:00,2,Jackson Heights,1623.0,644.0,2020,11,27,12,0,1
3866838,168,2020-11-27 16:00:00,2,Jackson Heights,1367.0,1310.0,2020,11,27,16,0,1
3867307,168,2020-11-27 20:00:00,2,Jackson Heights,701.0,1281.0,2020,11,27,20,0,1
3867776,168,2020-11-28 00:00:00,2,Jackson Heights,86.0,501.0,2020,11,28,0,0,1
3868245,168,2020-11-28 04:00:00,2,Jackson Heights,355.0,62.0,2020,11,28,4,0,1
3868714,168,2020-11-28 08:00:00,2,Jackson Heights,1619.0,380.0,2020,11,28,8,0,1
3869183,168,2020-11-28 12:00:00,2,Jackson Heights,1673.0,655.0,2020,11,28,12,0,1
3869651,168,2020-11-28 16:00:00,2,Jackson Heights,1378.0,1192.0,2020,11,28,16,0,1
3870119,168,2020-11-28 20:00:00,2,Jackson Heights,717.0,1135.0,2020,11,28,20,0,1
3870587,168,2020-11-29 00:00:00,2,Jackson Heights,98.0,497.0,2020,11,29,0,0,1
3871053,168,2020-11-29 04:00:00,2,Jackson Heights,196.0,73.0,2020,11,29,4,0,1
3871522,168,2020-11-29 08:00:00,2,Jackson Heights,1159.0,291.0,2020,11,29,8,0,1
3871990,168,2020-11-29 12:00:00,2,Jackson Heights,1531.0,521.0,2020,11,29,12,0,1
3872458,168,2020-11-29 16:00:00,2,Jackson Heights,1275.0,928.0,2020,11,29,16,0,1
3872926,168,2020-11-29 20:00:00,2,Jackson Heights,595.0,914.0,2020,11,29,20,0,1
3873387,168,2020-11-30 00:00:00,2,Jackson Heights,13.0,178.0,2020,11,30,0,0,1
3873838,168,2020-11-30 04:00:00,2,Jackson Heights,1109.0,71.0,2020,11,30,4,0,1
3874306,168,2020-11-30 08:00:00,2,Jackson Heights,2611.0,555.0,2020,11,30,8,0,1
3874775,168,2020-11-30 12:00:00,2,Jackson Heights,1401.0,675.0,2020,11,30,12,0,1
3875244,168,2020-11-30 16:00:00,2,Jackson Heights,1118.0,1398.0,2020,11,30,16,0,1
3875713,168,2020-11-30 20:00:00,2,Jackson Heights,679.0,1232.0,2020,11,30,20,0,1
3876171,168,2020-12-01 00:00:00,2,Jackson Heights,6.0,126.0,2020,12,1,0,0,1
3876617,168,2020-12-01 04:00:00,2,Jackson Heights,854.0,65.0,2020,12,1,4,0,1
3877084,168,2020-12-01 08:00:00,2,Jackson Heights,2753.0,543.0,2020,12,1,8,0,1
3877553,168,2020-12-01 12:00:00,2,Jackson Heights,1750.0,671.0,2020,12,1,12,0,1
3878021,168,2020-12-01 16:00:00,2,Jackson Heights,1503.0,1835.0,2020,12,1,16,0,1
3878490,168,2020-12-01 20:00:00,2,Jackson Heights,765.0,1337.0,2020,12,1,20,0,1
3878951,168,2020-12-02 00:00:00,2,Jackson Heights,8.0,297.0,2020,12,2,0,0,1
3879402,168,2020-12-02 04:00:00,2,Jackson Heights,1229.0,69.0,2020,12,2,4,0,1
3879869,168,2020-12-02 08:00:00,2,Jackson Heights,2821.0,607.0,2020,12,2,8,0,1
3880338,168,2020-12-02 12:00:00,2,Jackson Heights,1012.0,474.0,2020,12,2,12,0,1
3880807,168,2020-12-02 16:00:00,2,Jackson Heights,1437.0,1706.0,2020,12,2,16,0,1
3881276,168,2020-12-02 20:00:00,2,Jackson Heights,756.0,1363.0,2020,12,2,20,0,1
3881738,168,2020-12-03 00:00:00,2,Jackson Heights,13.0,206.0,2020,12,3,0,0,1
3882188,168,2020-12-03 04:00:00,2,Jackson Heights,1189.0,76.0,2020,12,3,4,0,1
3882655,168,2020-12-03 08:00:00,2,Jackson Heights,2748.0,552.0,2020,12,3,8,0,1
3883124,168,2020-12-03 12:00:00,2,Jackson Heights,1226.0,416.0,2020,12,3,12,0,1
3883593,168,2020-12-03 16:00:00,2,Jackson Heights,1431.0,1656.0,2020,12,3,16,0,1
3884062,168,2020-12-03 20:00:00,2,Jackson Heights,816.0,1361.0,2020,12,3,20,0,1
3884523,168,2020-12-04 00:00:00,2,Jackson Heights,17.0,265.0,2020,12,4,0,0,1
3884978,168,2020-12-04 04:00:00,2,Jackson Heights,1209.0,88.0,2020,12,4,4,0,1
3885447,168,2020-12-04 08:00:00,2,Jackson Heights,2765.0,548.0,2020,12,4,8,0,1
3885916,168,2020-12-04 12:00:00,2,Jackson Heights,1256.0,466.0,2020,12,4,12,0,1
3886385,168,2020-12-04 16:00:00,2,Jackson Heights,1499.0,1596.0,2020,12,4,16,0,1
3886854,168,2020-12-04 20:00:00,2,Jackson Heights,822.0,1342.0,2020,12,4,20,0,1
3887323,168,2020-12-05 00:00:00,2,Jackson Heights,96.0,532.0,2020,12,5,0,0,1
3887789,168,2020-12-05 04:00:00,2,Jackson Heights,248.0,77.0,2020,12,5,4,0,1
3888253,168,2020-12-05 08:00:00,2,Jackson Heights,1528.0,468.0,2020,12,5,8,0,1
3888721,168,2020-12-05 12:00:00,2,Jackson Heights,1359.0,735.0,2020,12,5,12,0,1
3889187,168,2020-12-05 16:00:00,2,Jackson Heights,1173.0,1360.0,2020,12,5,16,0,1
3889651,168,2020-12-05 20:00:00,2,Jackson Heights,604.0,1255.0,2020,12,5,20,0,1
3890117,168,2020-12-06 00:00:00,2,Jackson Heights,88.0,474.0,2020,12,6,0,0,1
3890583,168,2020-12-06 04:00:00,2,Jackson Heights,149.0,40.0,2020,12,6,4,0,1
3891049,168,2020-12-06 08:00:00,2,Jackson Heights,1023.0,299.0,2020,12,6,8,0,1
3891513,168,2020-12-06 12:00:00,2,Jackson Heights,1234.0,529.0,2020,12,6,12,0,1
3891980,168,2020-12-06 16:00:00,2,Jackson Heights,1036.0,1204.0,2020,12,6,16,0,1
3892444,168,2020-12-06 20:00:00,2,Jackson Heights,567.0,939.0,2020,12,6,20,0,1
3892898,168,2020-12-07 00:00:00,2,Jackson Heights,7.0,107.0,2020,12,7,0,0,1
3893345,168,2020-12-07 04:00:00,2,Jackson Heights,1128.0,54.0,2020,12,7,4,0,1
3893811,168,2020-12-07 08:00:00,2,Jackson Heights,2693.0,587.0,2020,12,7,8,0,1
3894279,168,2020-12-07 12:00:00,2,Jackson Heights,1683.0,647.0,2020,12,7,12,0,1
3894747,168,2020-12-07 16:00:00,2,Jackson Heights,1501.0,1709.0,2020,12,7,16,0,1
3895215,168,2020-12-07 20:00:00,2,Jackson Heights,860.0,1436.0,2020,12,7,20,0,1
3895676,168,2020-12-08 00:00:00,2,Jackson Heights,9.0,233.0,2020,12,8,0,0,1
3896125,168,2020-12-08 04:00:00,2,Jackson Heights,1191.0,96.0,2020,12,8,4,0,1
3896592,168,2020-12-08 08:00:00,2,Jackson Heights,2731.0,550.0,2020,12,8,8,0,1
3897060,168,2020-12-08 12:00:00,2,Jackson Heights,1690.0,622.0,2020,12,8,12,0,1
3897528,168,2020-12-08 16:00:00,2,Jackson Heights,1461.0,1688.0,2020,12,8,16,0,1
3897996,168,2020-12-08 20:00:00,2,Jackson Heights,778.0,1379.0,2020,12,8,20,0,1
3898458,168,2020-12-09 00:00:00,2,Jackson Heights,9.0,218.0,2020,12,9,0,0,1
3898907,168,2020-12-09 04:00:00,2,Jackson Heights,1216.0,94.0,2020,12,9,4,0,1
3899374,168,2020-12-09 08:00:00,2,Jackson Heights,2747.0,527.0,2020,12,9,8,0,1
3899842,168,2020-12-09 12:00:00,2,Jackson Heights,1802.0,773.0,2020,12,9,12,0,1
3900310,168,2020-12-09 16:00:00,2,Jackson Heights,1241.0,1336.0,2020,12,9,16,0,1
3900778,168,2020-12-09 20:00:00,2,Jackson Heights,938.0,1568.0,2020,12,9,20,0,1
3901237,168,2020-12-10 00:00:00,2,Jackson Heights,19.0,460.0,2020,12,10,0,0,1
3901683,168,2020-12-10 04:00:00,2,Jackson Heights,818.0,63.0,2020,12,10,4,0,1
3902151,168,2020-12-10 08:00:00,2,Jackson Heights,2813.0,615.0,2020,12,10,8,0,1
3902619,168,2020-12-10 12:00:00,2,Jackson Heights,1803.0,641.0,2020,12,10,12,0,1
3903087,168,2020-12-10 16:00:00,2,Jackson Heights,1470.0,1744.0,2020,12,10,16,0,1
3903555,168,2020-12-10 20:00:00,2,Jackson Heights,815.0,1337.0,2020,12,10,20,0,1
3904016,168,2020-12-11 00:00:00,2,Jackson Heights,15.0,211.0,2020,12,11,0,0,1
3904465,168,2020-12-11 04:00:00,2,Jackson Heights,1218.0,99.0,2020,12,11,4,0,1
3904933,168,2020-12-11 08:00:00,2,Jackson Heights,2749.0,545.0,2020,12,11,8,0,1
3905401,168,2020-12-11 12:00:00,2,Jackson Heights,1790.0,760.0,2020,12,11,12,0,1
3905869,168,2020-12-11 16:00:00,2,Jackson Heights,1688.0,1632.0,2020,12,11,16,0,1
3906337,168,2020-12-11 20:00:00,2,Jackson Heights,876.0,1296.0,2020,12,11,20,0,1
3906805,168,2020-12-12 00:00:00,2,Jackson Heights,102.0,524.0,2020,12,12,0,0,1
3907272,168,2020-12-12 04:00:00,2,Jackson Heights,401.0,44.0,2020,12,12,4,0,1
3907736,168,2020-12-12 08:00:00,2,Jackson Heights,1516.0,443.0,2020,12,12,8,0,1
3908202,168,2020-12-12 12:00:00,2,Jackson Heights,1440.0,763.0,2020,12,12,12,0,1
3908668,168,2020-12-12 16:00:00,2,Jackson Heights,1196.0,1360.0,2020,12,12,16,0,1
3909134,168,2020-12-12 20:00:00,2,Jackson Heights,640.0,1273.0,2020,12,12,20,0,1
3909598,168,2020-12-13 00:00:00,2,Jackson Heights,103.0,530.0,2020,12,13,0,0,1
3910063,168,2020-12-13 04:00:00,2,Jackson Heights,191.0,65.0,2020,12,13,4,0,1
3910528,168,2020-12-13 08:00:00,2,Jackson Heights,1007.0,315.0,2020,12,13,8,0,1
3910991,168,2020-12-13 12:00:00,2,Jackson Heights,1309.0,526.0,2020,12,13,12,0,1
3911454,168,2020-12-13 16:00:00,2,Jackson Heights,1128.0,1164.0,2020,12,13,16,0,1
3911917,168,2020-12-13 20:00:00,2,Jackson Heights,604.0,958.0,2020,12,13,20,0,1
3912374,168,2020-12-14 00:00:00,2,Jackson Heights,15.0,254.0,2020,12,14,0,0,1
3912820,168,2020-12-14 04:00:00,2,Jackson Heights,1092.0,65.0,2020,12,14,4,0,1
3913287,168,2020-12-14 08:00:00,2,Jackson Heights,2584.0,530.0,2020,12,14,8,0,1
3913755,168,2020-12-14 12:00:00,2,Jackson Heights,1661.0,768.0,2020,12,14,12,0,1
3914223,168,2020-12-14 16:00:00,2,Jackson Heights,1339.0,1735.0,2020,12,14,16,0,1
3914691,168,2020-12-14 20:00:00,2,Jackson Heights,786.0,1351.0,2020,12,14,20,0,1
3915150,168,2020-12-15 00:00:00,2,Jackson Heights,29.0,248.0,2020,12,15,0,0,1
3915597,168,2020-12-15 04:00:00,2,Jackson Heights,1191.0,66.0,2020,12,15,4,0,1
3916064,168,2020-12-15 08:00:00,2,Jackson Heights,2737.0,532.0,2020,12,15,8,0,1
3916532,168,2020-12-15 12:00:00,2,Jackson Heights,1770.0,721.0,2020,12,15,12,0,1
3917000,168,2020-12-15 16:00:00,2,Jackson Heights,1503.0,1843.0,2020,12,15,16,0,1
3917468,168,2020-12-15 20:00:00,2,Jackson Heights,847.0,1361.0,2020,12,15,20,0,1
3917930,168,2020-12-16 00:00:00,2,Jackson Heights,16.0,279.0,2020,12,16,0,0,1
3918375,168,2020-12-16 04:00:00,2,Jackson Heights,967.0,71.0,2020,12,16,4,0,1
3918842,168,2020-12-16 08:00:00,2,Jackson Heights,2756.0,569.0,2020,12,16,8,0,1
3919310,168,2020-12-16 12:00:00,2,Jackson Heights,1748.0,774.0,2020,12,16,12,0,1
3919778,168,2020-12-16 16:00:00,2,Jackson Heights,1236.0,1687.0,2020,12,16,16,0,1
3920246,168,2020-12-16 20:00:00,2,Jackson Heights,547.0,1119.0,2020,12,16,20,0,1
3920707,168,2020-12-17 00:00:00,2,Jackson Heights,12.0,193.0,2020,12,17,0,0,1
3921160,168,2020-12-17 04:00:00,2,Jackson Heights,603.0,34.0,2020,12,17,4,0,1
3921627,168,2020-12-17 08:00:00,2,Jackson Heights,1864.0,433.0,2020,12,17,8,0,1
3922095,168,2020-12-17 12:00:00,2,Jackson Heights,1287.0,448.0,2020,12,17,12,0,1
3922563,168,2020-12-17 16:00:00,2,Jackson Heights,1020.0,1180.0,2020,12,17,16,0,1
3923031,168,2020-12-17 20:00:00,2,Jackson Heights,632.0,999.0,2020,12,17,20,0,1
3923489,168,2020-12-18 00:00:00,2,Jackson Heights,10.0,75.0,2020,12,18,0,0,1
3923946,168,2020-12-18 04:00:00,2,Jackson Heights,1156.0,56.0,2020,12,18,4,0,1
3924413,168,2020-12-18 08:00:00,2,Jackson Heights,2729.0,557.0,2020,12,18,8,0,1
3924881,168,2020-12-18 12:00:00,2,Jackson Heights,1714.0,713.0,2020,12,18,12,0,1
3925349,168,2020-12-18 16:00:00,2,Jackson Heights,1633.0,1651.0,2020,12,18,16,0,1
3925817,168,2020-12-18 20:00:00,2,Jackson Heights,864.0,1285.0,2020,12,18,20,0,1
3926285,168,2020-12-19 00:00:00,2,Jackson Heights,82.0,421.0,2020,12,19,0,0,1
3926751,168,2020-12-19 04:00:00,2,Jackson Heights,363.0,41.0,2020,12,19,4,0,1
3927210,168,2020-12-19 08:00:00,2,Jackson Heights,1721.0,444.0,2020,12,19,8,0,1
3927676,168,2020-12-19 12:00:00,2,Jackson Heights,1763.0,758.0,2020,12,19,12,0,1
3928139,168,2020-12-19 16:00:00,2,Jackson Heights,1424.0,1327.0,2020,12,19,16,0,1
3928603,168,2020-12-19 20:00:00,2,Jackson Heights,740.0,1098.0,2020,12,19,20,0,1
3929063,168,2020-12-20 00:00:00,2,Jackson Heights,109.0,423.0,2020,12,20,0,0,1
3929527,168,2020-12-20 04:00:00,2,Jackson Heights,212.0,60.0,2020,12,20,4,0,1
3929992,168,2020-12-20 08:00:00,2,Jackson Heights,1141.0,258.0,2020,12,20,8,0,1
3930450,168,2020-12-20 12:00:00,2,Jackson Heights,1412.0,589.0,2020,12,20,12,0,1
3930916,168,2020-12-20 16:00:00,2,Jackson Heights,1176.0,1049.0,2020,12,20,16,0,1
3931373,168,2020-12-20 20:00:00,2,Jackson Heights,633.0,919.0,2020,12,20,20,0,1
3931829,168,2020-12-21 00:00:00,2,Jackson Heights,8.0,164.0,2020,12,21,0,0,1
3932274,168,2020-12-21 04:00:00,2,Jackson Heights,1227.0,54.0,2020,12,21,4,0,1
3932741,168,2020-12-21 08:00:00,2,Jackson Heights,2691.0,502.0,2020,12,21,8,0,1
3933209,168,2020-12-21 12:00:00,2,Jackson Heights,1719.0,737.0,2020,12,21,12,0,1
3933677,168,2020-12-21 16:00:00,2,Jackson Heights,1570.0,1847.0,2020,12,21,16,0,1
3934145,168,2020-12-21 20:00:00,2,Jackson Heights,917.0,1361.0,2020,12,21,20,0,1
3934605,168,2020-12-22 00:00:00,2,Jackson Heights,17.0,198.0,2020,12,22,0,0,1
3935056,168,2020-12-22 04:00:00,2,Jackson Heights,1027.0,84.0,2020,12,22,4,0,1
3935523,168,2020-12-22 08:00:00,2,Jackson Heights,2682.0,578.0,2020,12,22,8,0,1
3935991,168,2020-12-22 12:00:00,2,Jackson Heights,1784.0,728.0,2020,12,22,12,0,1
3936459,168,2020-12-22 16:00:00,2,Jackson Heights,1629.0,1757.0,2020,12,22,16,0,1
3936927,168,2020-12-22 20:00:00,2,Jackson Heights,896.0,1455.0,2020,12,22,20,0,1
3937388,168,2020-12-23 00:00:00,2,Jackson Heights,18.0,233.0,2020,12,23,0,0,1
3937843,168,2020-12-23 04:00:00,2,Jackson Heights,1152.0,66.0,2020,12,23,4,0,1
3938310,168,2020-12-23 08:00:00,2,Jackson Heights,2682.0,500.0,2020,12,23,8,0,1
3938778,168,2020-12-23 12:00:00,2,Jackson Heights,1908.0,823.0,2020,12,23,12,0,1
3939246,168,2020-12-23 16:00:00,2,Jackson Heights,1645.0,1635.0,2020,12,23,16,0,1
3939714,168,2020-12-23 20:00:00,2,Jackson Heights,975.0,1389.0,2020,12,23,20,0,1
3940177,168,2020-12-24 00:00:00,2,Jackson Heights,67.0,460.0,2020,12,24,0,0,1
3940636,168,2020-12-24 04:00:00,2,Jackson Heights,825.0,64.0,2020,12,24,4,0,1
3941104,168,2020-12-24 08:00:00,2,Jackson Heights,2148.0,405.0,2020,12,24,8,0,1
3941572,168,2020-12-24 12:00:00,2,Jackson Heights,1687.0,891.0,2020,12,24,12,0,1
3942040,168,2020-12-24 16:00:00,2,Jackson Heights,1284.0,1481.0,2020,12,24,16,0,1
3942508,168,2020-12-24 20:00:00,2,Jackson Heights,668.0,1104.0,2020,12,24,20,0,1
3942976,168,2020-12-25 00:00:00,2,Jackson Heights,109.0,328.0,2020,12,25,0,1,1
3943444,168,2020-12-25 04:00:00,2,Jackson Heights,134.0,35.0,2020,12,25,4,1,1
3943912,168,2020-12-25 08:00:00,2,Jackson Heights,544.0,171.0,2020,12,25,8,1,1
3944380,168,2020-12-25 12:00:00,2,Jackson Heights,720.0,378.0,2020,12,25,12,1,1
3944848,168,2020-12-25 16:00:00,2,Jackson Heights,805.0,665.0,2020,12,25,16,1,1
3945316,168,2020-12-25 20:00:00,2,Jackson Heights,480.0,629.0,2020,12,25,20,1,1
3945784,168,2020-12-26 00:00:00,2,Jackson Heights,81.0,232.0,2020,12,26,0,0,1
3946252,168,2020-12-26 04:00:00,2,Jackson Heights,218.0,20.0,2020,12,26,4,0,1
3946720,168,2020-12-26 08:00:00,2,Jackson Heights,1347.0,326.0,2020,12,26,8,0,1
3947187,168,2020-12-26 12:00:00,2,Jackson Heights,1485.0,704.0,2020,12,26,12,0,1
3947655,168,2020-12-26 16:00:00,2,Jackson Heights,1254.0,1114.0,2020,12,26,16,0,1
3948123,168,2020-12-26 20:00:00,2,Jackson Heights,592.0,975.0,2020,12,26,20,0,1
3948591,168,2020-12-27 00:00:00,2,Jackson Heights,77.0,364.0,2020,12,27,0,0,1
3949059,168,2020-12-27 04:00:00,2,Jackson Heights,187.0,47.0,2020,12,27,4,0,1
3949527,168,2020-12-27 08:00:00,2,Jackson Heights,994.0,259.0,2020,12,27,8,0,1
3949994,168,2020-12-27 12:00:00,2,Jackson Heights,1257.0,492.0,2020,12,27,12,0,1
3950461,168,2020-12-27 16:00:00,2,Jackson Heights,1128.0,990.0,2020,12,27,16,0,1
3950928,168,2020-12-27 20:00:00,2,Jackson Heights,560.0,894.0,2020,12,27,20,0,1
3951386,168,2020-12-28 00:00:00,2,Jackson Heights,8.0,250.0,2020,12,28,0,0,1
3951838,168,2020-12-28 04:00:00,2,Jackson Heights,1065.0,64.0,2020,12,28,4,0,1
3952306,168,2020-12-28 08:00:00,2,Jackson Heights,2491.0,467.0,2020,12,28,8,0,1
3952774,168,2020-12-28 12:00:00,2,Jackson Heights,1621.0,650.0,2020,12,28,12,0,1
3953242,168,2020-12-28 16:00:00,2,Jackson Heights,1440.0,1767.0,2020,12,28,16,0,1
3953710,168,2020-12-28 20:00:00,2,Jackson Heights,840.0,1340.0,2020,12,28,20,0,1
3954172,168,2020-12-29 00:00:00,2,Jackson Heights,28.0,267.0,2020,12,29,0,0,1
3954627,168,2020-12-29 04:00:00,2,Jackson Heights,942.0,79.0,2020,12,29,4,0,1
3955095,168,2020-12-29 08:00:00,2,Jackson Heights,2456.0,476.0,2020,12,29,8,0,1
3955563,168,2020-12-29 12:00:00,2,Jackson Heights,1689.0,676.0,2020,12,29,12,0,1
3956031,168,2020-12-29 16:00:00,2,Jackson Heights,1436.0,1837.0,2020,12,29,16,0,1
3956499,168,2020-12-29 20:00:00,2,Jackson Heights,786.0,1399.0,2020,12,29,20,0,1
3956963,168,2020-12-30 00:00:00,2,Jackson Heights,19.0,339.0,2020,12,30,0,0,1
3957420,168,2020-12-30 04:00:00,2,Jackson Heights,1100.0,75.0,2020,12,30,4,0,1
3957888,168,2020-12-30 08:00:00,2,Jackson Heights,2506.0,509.0,2020,12,30,8,0,1
3958356,168,2020-12-30 12:00:00,2,Jackson Heights,1737.0,781.0,2020,12,30,12,0,1
3958824,168,2020-12-30 16:00:00,2,Jackson Heights,1468.0,1622.0,2020,12,30,16,0,1
3959292,168,2020-12-30 20:00:00,2,Jackson Heights,835.0,1454.0,2020,12,30,20,0,1
3959757,168,2020-12-31 00:00:00,2,Jackson Heights,66.0,422.0,2020,12,31,0,0,1
3960219,168,2020-12-31 04:00:00,2,Jackson Heights,656.0,63.0,2020,12,31,4,0,1
3960687,168,2020-12-31 08:00:00,2,Jackson Heights,2054.0,418.0,2020,12,31,8,0,1
3961155,168,2020-12-31 12:00:00,2,Jackson Heights,1592.0,720.0,2020,12,31,12,0,1
3961623,168,2020-12-31 16:00:00,2,Jackson Heights,1187.0,1360.0,2020,12,31,16,0,1
3962091,168,2020-12-31 20:00:00,2,Jackson Heights,725.0,1094.0,2020,12,31,20,0,1
3962559,168,2021-01-01 00:00:00,2,Jackson Heights,131.0,378.0,2021,1,1,0,1,1
3963027,168,2021-01-01 04:00:00,2,Jackson Heights,149.0,45.0,2021,1,1,4,1,1
3963495,168,2021-01-01 08:00:00,2,Jackson Heights,700.0,191.0,2021,1,1,8,1,1
3963963,168,2021-01-01 12:00:00,2,Jackson Heights,849.0,382.0,2021,1,1,12,1,1
3964431,168,2021-01-01 16:00:00,2,Jackson Heights,791.0,757.0,2021,1,1,16,1,1
3964899,168,2021-01-01 20:00:00,2,Jackson Heights,425.0,759.0,2021,1,1,20,1,1
3965367,168,2021-01-02 00:00:00,2,Jackson Heights,60.0,293.0,2021,1,2,0,0,1
3965834,168,2021-01-02 04:00:00,2,Jackson Heights,205.0,21.0,2021,1,2,4,0,1
3966300,168,2021-01-02 08:00:00,2,Jackson Heights,1277.0,319.0,2021,1,2,8,0,1
3966768,168,2021-01-02 12:00:00,2,Jackson Heights,1501.0,694.0,2021,1,2,12,0,1
3967235,168,2021-01-02 16:00:00,2,Jackson Heights,1323.0,1129.0,2021,1,2,16,0,1
3967703,168,2021-01-02 20:00:00,2,Jackson Heights,620.0,1019.0,2021,1,2,20,0,1
3968168,168,2021-01-03 00:00:00,2,Jackson Heights,96.0,413.0,2021,1,3,0,0,1
3968635,168,2021-01-03 04:00:00,2,Jackson Heights,171.0,50.0,2021,1,3,4,0,1
3969103,168,2021-01-03 08:00:00,2,Jackson Heights,983.0,248.0,2021,1,3,8,0,1
3969568,168,2021-01-03 12:00:00,2,Jackson Heights,1097.0,437.0,2021,1,3,12,0,1
3970033,168,2021-01-03 16:00:00,2,Jackson Heights,910.0,835.0,2021,1,3,16,0,1
3970498,168,2021-01-03 20:00:00,2,Jackson Heights,497.0,830.0,2021,1,3,20,0,1
3970951,168,2021-01-04 00:00:00,2,Jackson Heights,6.0,191.0,2021,1,4,0,0,1
3971400,168,2021-01-04 04:00:00,2,Jackson Heights,884.0,61.0,2021,1,4,4,0,1
3971868,168,2021-01-04 08:00:00,2,Jackson Heights,2557.0,528.0,2021,1,4,8,0,1
3972336,168,2021-01-04 12:00:00,2,Jackson Heights,1654.0,667.0,2021,1,4,12,0,1
3972804,168,2021-01-04 16:00:00,2,Jackson Heights,1413.0,1730.0,2021,1,4,16,0,1
3973272,168,2021-01-04 20:00:00,2,Jackson Heights,776.0,1295.0,2021,1,4,20,0,1
3973733,168,2021-01-05 00:00:00,2,Jackson Heights,20.0,178.0,2021,1,5,0,0,1
3974180,168,2021-01-05 04:00:00,2,Jackson Heights,1018.0,57.0,2021,1,5,4,0,1
3974648,168,2021-01-05 08:00:00,2,Jackson Heights,2546.0,567.0,2021,1,5,8,0,1
3975116,168,2021-01-05 12:00:00,2,Jackson Heights,1575.0,728.0,2021,1,5,12,0,1
3975584,168,2021-01-05 16:00:00,2,Jackson Heights,1382.0,1723.0,2021,1,5,16,0,1
3976052,168,2021-01-05 20:00:00,2,Jackson Heights,781.0,1269.0,2021,1,5,20,0,1
3976511,168,2021-01-06 00:00:00,2,Jackson Heights,13.0,225.0,2021,1,6,0,0,1
3976962,168,2021-01-06 04:00:00,2,Jackson Heights,1028.0,77.0,2021,1,6,4,0,1
3977430,168,2021-01-06 08:00:00,2,Jackson Heights,2653.0,573.0,2021,1,6,8,0,1
3977898,168,2021-01-06 12:00:00,2,Jackson Heights,1632.0,752.0,2021,1,6,12,0,1
3978366,168,2021-01-06 16:00:00,2,Jackson Heights,1439.0,1758.0,2021,1,6,16,0,1
3978834,168,2021-01-06 20:00:00,2,Jackson Heights,755.0,1331.0,2021,1,6,20,0,1
3979294,168,2021-01-07 00:00:00,2,Jackson Heights,21.0,212.0,2021,1,7,0,0,1
3979743,168,2021-01-07 04:00:00,2,Jackson Heights,982.0,60.0,2021,1,7,4,0,1
3980210,168,2021-01-07 08:00:00,2,Jackson Heights,2680.0,561.0,2021,1,7,8,0,1
3980677,168,2021-01-07 12:00:00,2,Jackson Heights,1672.0,646.0,2021,1,7,12,0,1
3981145,168,2021-01-07 16:00:00,2,Jackson Heights,1304.0,1755.0,2021,1,7,16,0,1
3981613,168,2021-01-07 20:00:00,2,Jackson Heights,732.0,1378.0,2021,1,7,20,0,1
3982075,168,2021-01-08 00:00:00,2,Jackson Heights,12.0,253.0,2021,1,8,0,0,1
3982527,168,2021-01-08 04:00:00,2,Jackson Heights,1048.0,57.0,2021,1,8,4,0,1
3982995,168,2021-01-08 08:00:00,2,Jackson Heights,2575.0,497.0,2021,1,8,8,0,1
3983463,168,2021-01-08 12:00:00,2,Jackson Heights,1665.0,719.0,2021,1,8,12,0,1
3983931,168,2021-01-08 16:00:00,2,Jackson Heights,1466.0,1693.0,2021,1,8,16,0,1
3984399,168,2021-01-08 20:00:00,2,Jackson Heights,766.0,1358.0,2021,1,8,20,0,1
3984866,168,2021-01-09 00:00:00,2,Jackson Heights,89.0,483.0,2021,1,9,0,0,1
3985333,168,2021-01-09 04:00:00,2,Jackson Heights,289.0,48.0,2021,1,9,4,0,1
3985797,168,2021-01-09 08:00:00,2,Jackson Heights,1602.0,437.0,2021,1,9,8,0,1
3986263,168,2021-01-09 12:00:00,2,Jackson Heights,1583.0,650.0,2021,1,9,12,0,1
3986728,168,2021-01-09 16:00:00,2,Jackson Heights,1200.0,1022.0,2021,1,9,16,0,1
3987194,168,2021-01-09 20:00:00,2,Jackson Heights,610.0,967.0,2021,1,9,20,0,1
3987659,168,2021-01-10 00:00:00,2,Jackson Heights,102.0,405.0,2021,1,10,0,0,1
3988124,168,2021-01-10 04:00:00,2,Jackson Heights,176.0,53.0,2021,1,10,4,0,1
3988588,168,2021-01-10 08:00:00,2,Jackson Heights,1045.0,268.0,2021,1,10,8,0,1
3989052,168,2021-01-10 12:00:00,2,Jackson Heights,1235.0,594.0,2021,1,10,12,0,1
3989518,168,2021-01-10 16:00:00,2,Jackson Heights,1075.0,925.0,2021,1,10,16,0,1
3989979,168,2021-01-10 20:00:00,2,Jackson Heights,543.0,802.0,2021,1,10,20,0,1
3990435,168,2021-01-11 00:00:00,2,Jackson Heights,8.0,217.0,2021,1,11,0,0,1
3990877,168,2021-01-11 04:00:00,2,Jackson Heights,955.0,85.0,2021,1,11,4,0,1
3991345,168,2021-01-11 08:00:00,2,Jackson Heights,2543.0,556.0,2021,1,11,8,0,1
3991813,168,2021-01-11 12:00:00,2,Jackson Heights,1655.0,693.0,2021,1,11,12,0,1
3992281,168,2021-01-11 16:00:00,2,Jackson Heights,1246.0,1670.0,2021,1,11,16,0,1
3992749,168,2021-01-11 20:00:00,2,Jackson Heights,736.0,1332.0,2021,1,11,20,0,1
3993203,168,2021-01-12 00:00:00,2,Jackson Heights,21.0,221.0,2021,1,12,0,0,1
3993645,168,2021-01-12 04:00:00,2,Jackson Heights,1128.0,67.0,2021,1,12,4,0,1
3994112,168,2021-01-12 08:00:00,2,Jackson Heights,2534.0,652.0,2021,1,12,8,0,1
3994580,168,2021-01-12 12:00:00,2,Jackson Heights,1613.0,673.0,2021,1,12,12,0,1
3995048,168,2021-01-12 16:00:00,2,Jackson Heights,1373.0,1781.0,2021,1,12,16,0,1
3995516,168,2021-01-12 20:00:00,2,Jackson Heights,749.0,1368.0,2021,1,12,20,0,1
3995975,168,2021-01-13 00:00:00,2,Jackson Heights,12.0,195.0,2021,1,13,0,0,1
3996422,168,2021-01-13 04:00:00,2,Jackson Heights,1133.0,76.0,2021,1,13,4,0,1
3996890,168,2021-01-13 08:00:00,2,Jackson Heights,2634.0,571.0,2021,1,13,8,0,1
3997358,168,2021-01-13 12:00:00,2,Jackson Heights,1704.0,687.0,2021,1,13,12,0,1
3997826,168,2021-01-13 16:00:00,2,Jackson Heights,1368.0,1632.0,2021,1,13,16,0,1
3998294,168,2021-01-13 20:00:00,2,Jackson Heights,733.0,1289.0,2021,1,13,20,0,1
3998754,168,2021-01-14 00:00:00,2,Jackson Heights,14.0,281.0,2021,1,14,0,0,1
3999203,168,2021-01-14 04:00:00,2,Jackson Heights,1073.0,85.0,2021,1,14,4,0,1
3999671,168,2021-01-14 08:00:00,2,Jackson Heights,2619.0,520.0,2021,1,14,8,0,1
4000139,168,2021-01-14 12:00:00,2,Jackson Heights,1648.0,559.0,2021,1,14,12,0,1
4000607,168,2021-01-14 16:00:00,2,Jackson Heights,1359.0,1531.0,2021,1,14,16,0,1
4001075,168,2021-01-14 20:00:00,2,Jackson Heights,720.0,1388.0,2021,1,14,20,0,1
4001533,168,2021-01-15 00:00:00,2,Jackson Heights,9.0,231.0,2021,1,15,0,0,1
4001986,168,2021-01-15 04:00:00,2,Jackson Heights,1143.0,74.0,2021,1,15,4,0,1
4002454,168,2021-01-15 08:00:00,2,Jackson Heights,2613.0,536.0,2021,1,15,8,0,1
4002922,168,2021-01-15 12:00:00,2,Jackson Heights,1660.0,712.0,2021,1,15,12,0,1
4003390,168,2021-01-15 16:00:00,2,Jackson Heights,1400.0,1634.0,2021,1,15,16,0,1
4003858,168,2021-01-15 20:00:00,2,Jackson Heights,723.0,1253.0,2021,1,15,20,0,1
4004325,168,2021-01-16 00:00:00,2,Jackson Heights,84.0,450.0,2021,1,16,0,0,1
4004791,168,2021-01-16 04:00:00,2,Jackson Heights,356.0,71.0,2021,1,16,4,0,1
4005253,168,2021-01-16 08:00:00,2,Jackson Heights,1580.0,365.0,2021,1,16,8,0,1
4005720,168,2021-01-16 12:00:00,2,Jackson Heights,1552.0,659.0,2021,1,16,12,0,1
4006185,168,2021-01-16 16:00:00,2,Jackson Heights,1330.0,1029.0,2021,1,16,16,0,1
4006652,168,2021-01-16 20:00:00,2,Jackson Heights,678.0,915.0,2021,1,16,20,0,1
4007118,168,2021-01-17 00:00:00,2,Jackson Heights,109.0,417.0,2021,1,17,0,0,1
4007584,168,2021-01-17 04:00:00,2,Jackson Heights,193.0,59.0,2021,1,17,4,0,1
4008048,168,2021-01-17 08:00:00,2,Jackson Heights,1110.0,254.0,2021,1,17,8,0,1
4008511,168,2021-01-17 12:00:00,2,Jackson Heights,1304.0,536.0,2021,1,17,12,0,1
4008978,168,2021-01-17 16:00:00,2,Jackson Heights,1006.0,843.0,2021,1,17,16,0,1
4009441,168,2021-01-17 20:00:00,2,Jackson Heights,540.0,759.0,2021,1,17,20,0,1
4009900,168,2021-01-18 00:00:00,2,Jackson Heights,17.0,254.0,2021,1,18,0,1,1
4010353,168,2021-01-18 04:00:00,2,Jackson Heights,987.0,68.0,2021,1,18,4,1,1
4010820,168,2021-01-18 08:00:00,2,Jackson Heights,2135.0,485.0,2021,1,18,8,1,1
4011288,168,2021-01-18 12:00:00,2,Jackson Heights,1532.0,710.0,2021,1,18,12,1,1
4011756,168,2021-01-18 16:00:00,2,Jackson Heights,1355.0,1660.0,2021,1,18,16,1,1
4012224,168,2021-01-18 20:00:00,2,Jackson Heights,766.0,1313.0,2021,1,18,20,1,1
4012682,168,2021-01-19 00:00:00,2,Jackson Heights,14.0,325.0,2021,1,19,0,0,1
4013134,168,2021-01-19 04:00:00,2,Jackson Heights,1175.0,69.0,2021,1,19,4,0,1
4013602,168,2021-01-19 08:00:00,2,Jackson Heights,2653.0,540.0,2021,1,19,8,0,1
4014070,168,2021-01-19 12:00:00,2,Jackson Heights,1665.0,747.0,2021,1,19,12,0,1
4014538,168,2021-01-19 16:00:00,2,Jackson Heights,1348.0,1745.0,2021,1,19,16,0,1
4015006,168,2021-01-19 20:00:00,2,Jackson Heights,742.0,1388.0,2021,1,19,20,0,1
4015465,168,2021-01-20 00:00:00,2,Jackson Heights,13.0,165.0,2021,1,20,0,0,1
4015916,168,2021-01-20 04:00:00,2,Jackson Heights,1103.0,65.0,2021,1,20,4,0,1
4016384,168,2021-01-20 08:00:00,2,Jackson Heights,2613.0,511.0,2021,1,20,8,0,1
4016852,168,2021-01-20 12:00:00,2,Jackson Heights,1593.0,668.0,2021,1,20,12,0,1
4017320,168,2021-01-20 16:00:00,2,Jackson Heights,1348.0,1789.0,2021,1,20,16,0,1
4017788,168,2021-01-20 20:00:00,2,Jackson Heights,733.0,1333.0,2021,1,20,20,0,1
4018248,168,2021-01-21 00:00:00,2,Jackson Heights,7.0,303.0,2021,1,21,0,0,1
4018699,168,2021-01-21 04:00:00,2,Jackson Heights,1152.0,72.0,2021,1,21,4,0,1
4019167,168,2021-01-21 08:00:00,2,Jackson Heights,2730.0,500.0,2021,1,21,8,0,1
4019635,168,2021-01-21 12:00:00,2,Jackson Heights,1648.0,631.0,2021,1,21,12,0,1
4020103,168,2021-01-21 16:00:00,2,Jackson Heights,1343.0,1779.0,2021,1,21,16,0,1
4020571,168,2021-01-21 20:00:00,2,Jackson Heights,734.0,1358.0,2021,1,21,20,0,1
4021027,168,2021-01-22 00:00:00,2,Jackson Heights,15.0,256.0,2021,1,22,0,0,1
4021481,168,2021-01-22 04:00:00,2,Jackson Heights,1157.0,89.0,2021,1,22,4,0,1
4021948,168,2021-01-22 08:00:00,2,Jackson Heights,2717.0,502.0,2021,1,22,8,0,1
4022416,168,2021-01-22 12:00:00,2,Jackson Heights,1794.0,731.0,2021,1,22,12,0,1
4022884,168,2021-01-22 16:00:00,2,Jackson Heights,1498.0,1703.0,2021,1,22,16,0,1
4023352,168,2021-01-22 20:00:00,2,Jackson Heights,755.0,1309.0,2021,1,22,20,0,1
4023820,168,2021-01-23 00:00:00,2,Jackson Heights,94.0,479.0,2021,1,23,0,0,1
4024287,168,2021-01-23 04:00:00,2,Jackson Heights,312.0,61.0,2021,1,23,4,0,1
4024748,168,2021-01-23 08:00:00,2,Jackson Heights,1631.0,411.0,2021,1,23,8,0,1
4025214,168,2021-01-23 12:00:00,2,Jackson Heights,1529.0,716.0,2021,1,23,12,0,1
4025678,168,2021-01-23 16:00:00,2,Jackson Heights,1243.0,1083.0,2021,1,23,16,0,1
4026142,168,2021-01-23 20:00:00,2,Jackson Heights,577.0,940.0,2021,1,23,20,0,1
4026605,168,2021-01-24 00:00:00,2,Jackson Heights,76.0,377.0,2021,1,24,0,0,1
4027069,168,2021-01-24 04:00:00,2,Jackson Heights,157.0,47.0,2021,1,24,4,0,1
4027535,168,2021-01-24 08:00:00,2,Jackson Heights,1044.0,274.0,2021,1,24,8,0,1
4027996,168,2021-01-24 12:00:00,2,Jackson Heights,1215.0,498.0,2021,1,24,12,0,1
4028462,168,2021-01-24 16:00:00,2,Jackson Heights,984.0,819.0,2021,1,24,16,0,1
4028923,168,2021-01-24 20:00:00,2,Jackson Heights,552.0,778.0,2021,1,24,20,0,1
4029377,168,2021-01-25 00:00:00,2,Jackson Heights,15.0,174.0,2021,1,25,0,0,1
4029820,168,2021-01-25 04:00:00,2,Jackson Heights,1072.0,54.0,2021,1,25,4,0,1
4030287,168,2021-01-25 08:00:00,2,Jackson Heights,2639.0,540.0,2021,1,25,8,0,1
4030755,168,2021-01-25 12:00:00,2,Jackson Heights,1643.0,696.0,2021,1,25,12,0,1
4031223,168,2021-01-25 16:00:00,2,Jackson Heights,1361.0,1716.0,2021,1,25,16,0,1
4031691,168,2021-01-25 20:00:00,2,Jackson Heights,795.0,1325.0,2021,1,25,20,0,1
4032149,168,2021-01-26 00:00:00,2,Jackson Heights,13.0,338.0,2021,1,26,0,0,1
4032595,168,2021-01-26 04:00:00,2,Jackson Heights,922.0,63.0,2021,1,26,4,0,1
4033063,168,2021-01-26 08:00:00,2,Jackson Heights,2518.0,498.0,2021,1,26,8,0,1
4033531,168,2021-01-26 12:00:00,2,Jackson Heights,1618.0,800.0,2021,1,26,12,0,1
4033999,168,2021-01-26 16:00:00,2,Jackson Heights,1312.0,1628.0,2021,1,26,16,0,1
4034467,168,2021-01-26 20:00:00,2,Jackson Heights,714.0,1186.0,2021,1,26,20,0,1
4034926,168,2021-01-27 00:00:00,2,Jackson Heights,13.0,225.0,2021,1,27,0,0,1
4035376,168,2021-01-27 04:00:00,2,Jackson Heights,1086.0,69.0,2021,1,27,4,0,1
4035844,168,2021-01-27 08:00:00,2,Jackson Heights,2681.0,529.0,2021,1,27,8,0,1
4036312,168,2021-01-27 12:00:00,2,Jackson Heights,1639.0,719.0,2021,1,27,12,0,1
4036780,168,2021-01-27 16:00:00,2,Jackson Heights,1419.0,1741.0,2021,1,27,16,0,1
4037248,168,2021-01-27 20:00:00,2,Jackson Heights,734.0,1313.0,2021,1,27,20,0,1
4037707,168,2021-01-28 00:00:00,2,Jackson Heights,6.0,260.0,2021,1,28,0,0,1
4038154,168,2021-01-28 04:00:00,2,Jackson Heights,1144.0,77.0,2021,1,28,4,0,1
4038622,168,2021-01-28 08:00:00,2,Jackson Heights,2650.0,538.0,2021,1,28,8,0,1
4039090,168,2021-01-28 12:00:00,2,Jackson Heights,1677.0,659.0,2021,1,28,12,0,1
4039558,168,2021-01-28 16:00:00,2,Jackson Heights,1363.0,1687.0,2021,1,28,16,0,1
4040026,168,2021-01-28 20:00:00,2,Jackson Heights,746.0,1315.0,2021,1,28,20,0,1
4040483,168,2021-01-29 00:00:00,2,Jackson Heights,14.0,356.0,2021,1,29,0,0,1
4040934,168,2021-01-29 04:00:00,2,Jackson Heights,993.0,92.0,2021,1,29,4,0,1
4041402,168,2021-01-29 08:00:00,2,Jackson Heights,2501.0,518.0,2021,1,29,8,0,1
4041870,168,2021-01-29 12:00:00,2,Jackson Heights,1566.0,715.0,2021,1,29,12,0,1
4042338,168,2021-01-29 16:00:00,2,Jackson Heights,1328.0,1634.0,2021,1,29,16,0,1
4042806,168,2021-01-29 20:00:00,2,Jackson Heights,654.0,1232.0,2021,1,29,20,0,1
4043274,168,2021-01-30 00:00:00,2,Jackson Heights,63.0,417.0,2021,1,30,0,0,1
4043740,168,2021-01-30 04:00:00,2,Jackson Heights,235.0,64.0,2021,1,30,4,0,1
4044200,168,2021-01-30 08:00:00,2,Jackson Heights,1518.0,336.0,2021,1,30,8,0,1
4044665,168,2021-01-30 12:00:00,2,Jackson Heights,1438.0,693.0,2021,1,30,12,0,1
4045127,168,2021-01-30 16:00:00,2,Jackson Heights,1143.0,975.0,2021,1,30,16,0,1
4045592,168,2021-01-30 20:00:00,2,Jackson Heights,612.0,828.0,2021,1,30,20,0,1
4046052,168,2021-01-31 00:00:00,2,Jackson Heights,106.0,334.0,2021,1,31,0,0,1
4046517,168,2021-01-31 04:00:00,2,Jackson Heights,182.0,54.0,2021,1,31,4,0,1
4046978,168,2021-01-31 08:00:00,2,Jackson Heights,970.0,233.0,2021,1,31,8,0,1
4047436,168,2021-01-31 12:00:00,2,Jackson Heights,1168.0,559.0,2021,1,31,12,0,1
4047900,168,2021-01-31 16:00:00,2,Jackson Heights,961.0,812.0,2021,1,31,16,0,1
4048357,168,2021-01-31 20:00:00,2,Jackson Heights,501.0,703.0,2021,1,31,20,0,1
4048816,168,2021-02-01 00:00:00,2,Jackson Heights,19.0,229.0,2021,2,1,0,0,1
4049262,168,2021-02-01 04:00:00,2,Jackson Heights,640.0,71.0,2021,2,1,4,0,1
4049730,168,2021-02-01 08:00:00,2,Jackson Heights,1357.0,396.0,2021,2,1,8,0,1
4050198,168,2021-02-01 12:00:00,2,Jackson Heights,693.0,629.0,2021,2,1,12,0,1
4050666,168,2021-02-01 16:00:00,2,Jackson Heights,60.0,119.0,2021,2,1,16,0,1
4051119,168,2021-02-01 20:00:00,2,Jackson Heights,0.0,10.0,2021,2,1,20,0,1
4051948,168,2021-02-02 04:00:00,2,Jackson Heights,204.0,23.0,2021,2,2,4,0,1
4052414,168,2021-02-02 08:00:00,2,Jackson Heights,1748.0,377.0,2021,2,2,8,0,1
4052882,168,2021-02-02 12:00:00,2,Jackson Heights,1322.0,603.0,2021,2,2,12,0,1
4053350,168,2021-02-02 16:00:00,2,Jackson Heights,1034.0,1271.0,2021,2,2,16,0,1
4053818,168,2021-02-02 20:00:00,2,Jackson Heights,602.0,902.0,2021,2,2,20,0,1
4054276,168,2021-02-03 00:00:00,2,Jackson Heights,7.0,230.0,2021,2,3,0,0,1
4054722,168,2021-02-03 04:00:00,2,Jackson Heights,1094.0,68.0,2021,2,3,4,0,1
4055190,168,2021-02-03 08:00:00,2,Jackson Heights,2701.0,567.0,2021,2,3,8,0,1
4055658,168,2021-02-03 12:00:00,2,Jackson Heights,1770.0,721.0,2021,2,3,12,0,1
4056126,168,2021-02-03 16:00:00,2,Jackson Heights,1408.0,1774.0,2021,2,3,16,0,1
4056594,168,2021-02-03 20:00:00,2,Jackson Heights,777.0,1337.0,2021,2,3,20,0,1
4057054,168,2021-02-04 00:00:00,2,Jackson Heights,26.0,300.0,2021,2,4,0,0,1
4057498,168,2021-02-04 04:00:00,2,Jackson Heights,1111.0,66.0,2021,2,4,4,0,1
4057964,168,2021-02-04 08:00:00,2,Jackson Heights,2760.0,612.0,2021,2,4,8,0,1
4058432,168,2021-02-04 12:00:00,2,Jackson Heights,1729.0,701.0,2021,2,4,12,0,1
4058900,168,2021-02-04 16:00:00,2,Jackson Heights,1406.0,1710.0,2021,2,4,16,0,1
4059368,168,2021-02-04 20:00:00,2,Jackson Heights,755.0,1418.0,2021,2,4,20,0,1
4059831,168,2021-02-05 00:00:00,2,Jackson Heights,25.0,359.0,2021,2,5,0,0,1
4060281,168,2021-02-05 04:00:00,2,Jackson Heights,1092.0,77.0,2021,2,5,4,0,1
4060748,168,2021-02-05 08:00:00,2,Jackson Heights,2704.0,549.0,2021,2,5,8,0,1
4061216,168,2021-02-05 12:00:00,2,Jackson Heights,1738.0,691.0,2021,2,5,12,0,1
4061684,168,2021-02-05 16:00:00,2,Jackson Heights,1503.0,1639.0,2021,2,5,16,0,1
4062152,168,2021-02-05 20:00:00,2,Jackson Heights,800.0,1303.0,2021,2,5,20,0,1
4062620,168,2021-02-06 00:00:00,2,Jackson Heights,160.0,500.0,2021,2,6,0,0,1
4063087,168,2021-02-06 04:00:00,2,Jackson Heights,404.0,62.0,2021,2,6,4,0,1
4063554,168,2021-02-06 08:00:00,2,Jackson Heights,1625.0,467.0,2021,2,6,8,0,1
4064022,168,2021-02-06 12:00:00,2,Jackson Heights,1668.0,860.0,2021,2,6,12,0,1
4064489,168,2021-02-06 16:00:00,2,Jackson Heights,1302.0,1123.0,2021,2,6,16,0,1
4064955,168,2021-02-06 20:00:00,2,Jackson Heights,644.0,1022.0,2021,2,6,20,0,1
4065422,168,2021-02-07 00:00:00,2,Jackson Heights,196.0,476.0,2021,2,7,0,0,1
4065890,168,2021-02-07 04:00:00,2,Jackson Heights,220.0,59.0,2021,2,7,4,0,1
4066356,168,2021-02-07 08:00:00,2,Jackson Heights,1083.0,331.0,2021,2,7,8,0,1
4066823,168,2021-02-07 12:00:00,2,Jackson Heights,1094.0,579.0,2021,2,7,12,0,1
4067291,168,2021-02-07 16:00:00,2,Jackson Heights,774.0,832.0,2021,2,7,16,0,1
4067757,168,2021-02-07 20:00:00,2,Jackson Heights,462.0,829.0,2021,2,7,20,0,1
4068216,168,2021-02-08 00:00:00,2,Jackson Heights,5.0,166.0,2021,2,8,0,0,1
4068665,168,2021-02-08 04:00:00,2,Jackson Heights,926.0,63.0,2021,2,8,4,0,1
4069133,168,2021-02-08 08:00:00,2,Jackson Heights,2579.0,640.0,2021,2,8,8,0,1
4069601,168,2021-02-08 12:00:00,2,Jackson Heights,1722.0,688.0,2021,2,8,12,0,1
4070069,168,2021-02-08 16:00:00,2,Jackson Heights,1466.0,1805.0,2021,2,8,16,0,1
4070537,168,2021-02-08 20:00:00,2,Jackson Heights,905.0,1431.0,2021,2,8,20,0,1
4070993,168,2021-02-09 00:00:00,2,Jackson Heights,37.0,413.0,2021,2,9,0,0,1
4071447,168,2021-02-09 04:00:00,2,Jackson Heights,1022.0,66.0,2021,2,9,4,0,1
4071915,168,2021-02-09 08:00:00,2,Jackson Heights,2641.0,554.0,2021,2,9,8,0,1
4072383,168,2021-02-09 12:00:00,2,Jackson Heights,1693.0,728.0,2021,2,9,12,0,1
4072851,168,2021-02-09 16:00:00,2,Jackson Heights,1300.0,1680.0,2021,2,9,16,0,1
4073319,168,2021-02-09 20:00:00,2,Jackson Heights,766.0,1320.0,2021,2,9,20,0,1
4073779,168,2021-02-10 00:00:00,2,Jackson Heights,30.0,320.0,2021,2,10,0,0,1
4074229,168,2021-02-10 04:00:00,2,Jackson Heights,679.0,50.0,2021,2,10,4,0,1
4074696,168,2021-02-10 08:00:00,2,Jackson Heights,2741.0,605.0,2021,2,10,8,0,1
4075164,168,2021-02-10 12:00:00,2,Jackson Heights,1794.0,767.0,2021,2,10,12,0,1
4075632,168,2021-02-10 16:00:00,2,Jackson Heights,1446.0,1840.0,2021,2,10,16,0,1
4076100,168,2021-02-10 20:00:00,2,Jackson Heights,803.0,1399.0,2021,2,10,20,0,1
4076562,168,2021-02-11 00:00:00,2,Jackson Heights,31.0,364.0,2021,2,11,0,0,1
4077011,168,2021-02-11 04:00:00,2,Jackson Heights,1100.0,80.0,2021,2,11,4,0,1
4077479,168,2021-02-11 08:00:00,2,Jackson Heights,2732.0,535.0,2021,2,11,8,0,1
4077947,168,2021-02-11 12:00:00,2,Jackson Heights,1731.0,663.0,2021,2,11,12,0,1
4078415,168,2021-02-11 16:00:00,2,Jackson Heights,1381.0,1782.0,2021,2,11,16,0,1
4078883,168,2021-02-11 20:00:00,2,Jackson Heights,739.0,1356.0,2021,2,11,20,0,1
4079345,168,2021-02-12 00:00:00,2,Jackson Heights,21.0,390.0,2021,2,12,0,0,1
4079799,168,2021-02-12 04:00:00,2,Jackson Heights,871.0,66.0,2021,2,12,4,0,1
4080266,168,2021-02-12 08:00:00,2,Jackson Heights,2552.0,539.0,2021,2,12,8,0,1
4080734,168,2021-02-12 12:00:00,2,Jackson Heights,1746.0,726.0,2021,2,12,12,0,1
4081202,168,2021-02-12 16:00:00,2,Jackson Heights,1487.0,1579.0,2021,2,12,16,0,1
4081670,168,2021-02-12 20:00:00,2,Jackson Heights,759.0,1320.0,2021,2,12,20,0,1
4082138,168,2021-02-13 00:00:00,2,Jackson Heights,93.0,560.0,2021,2,13,0,0,1
4082604,168,2021-02-13 04:00:00,2,Jackson Heights,330.0,82.0,2021,2,13,4,0,1
4083066,168,2021-02-13 08:00:00,2,Jackson Heights,1612.0,441.0,2021,2,13,8,0,1
4083533,168,2021-02-13 12:00:00,2,Jackson Heights,1741.0,746.0,2021,2,13,12,0,1
4083997,168,2021-02-13 16:00:00,2,Jackson Heights,1326.0,1267.0,2021,2,13,16,0,1
4084464,168,2021-02-13 20:00:00,2,Jackson Heights,700.0,1047.0,2021,2,13,20,0,1
4084927,168,2021-02-14 00:00:00,2,Jackson Heights,116.0,493.0,2021,2,14,0,0,1
4085392,168,2021-02-14 04:00:00,2,Jackson Heights,177.0,84.0,2021,2,14,4,0,1
4085860,168,2021-02-14 08:00:00,2,Jackson Heights,1171.0,272.0,2021,2,14,8,0,1
4086323,168,2021-02-14 12:00:00,2,Jackson Heights,1361.0,525.0,2021,2,14,12,0,1
4086791,168,2021-02-14 16:00:00,2,Jackson Heights,1084.0,906.0,2021,2,14,16,0,1
4087253,168,2021-02-14 20:00:00,2,Jackson Heights,575.0,875.0,2021,2,14,20,0,1
4087717,168,2021-02-15 00:00:00,2,Jackson Heights,34.0,372.0,2021,2,15,0,1,1
4088176,168,2021-02-15 04:00:00,2,Jackson Heights,755.0,76.0,2021,2,15,4,1,1
4088642,168,2021-02-15 08:00:00,2,Jackson Heights,2139.0,479.0,2021,2,15,8,1,1
4089109,168,2021-02-15 12:00:00,2,Jackson Heights,1515.0,686.0,2021,2,15,12,1,1
4089576,168,2021-02-15 16:00:00,2,Jackson Heights,1283.0,1443.0,2021,2,15,16,1,1
4090042,168,2021-02-15 20:00:00,2,Jackson Heights,796.0,1231.0,2021,2,15,20,1,1
4090499,168,2021-02-16 00:00:00,2,Jackson Heights,38.0,339.0,2021,2,16,0,0,1
4090954,168,2021-02-16 04:00:00,2,Jackson Heights,810.0,77.0,2021,2,16,4,0,1
4091421,168,2021-02-16 08:00:00,2,Jackson Heights,2454.0,487.0,2021,2,16,8,0,1
4091889,168,2021-02-16 12:00:00,2,Jackson Heights,1746.0,735.0,2021,2,16,12,0,1
4092357,168,2021-02-16 16:00:00,2,Jackson Heights,1432.0,1786.0,2021,2,16,16,0,1
4092825,168,2021-02-16 20:00:00,2,Jackson Heights,812.0,1313.0,2021,2,16,20,0,1
4093288,168,2021-02-17 00:00:00,2,Jackson Heights,28.0,377.0,2021,2,17,0,0,1
4093737,168,2021-02-17 04:00:00,2,Jackson Heights,960.0,81.0,2021,2,17,4,0,1
4094204,168,2021-02-17 08:00:00,2,Jackson Heights,2638.0,531.0,2021,2,17,8,0,1
4094672,168,2021-02-17 12:00:00,2,Jackson Heights,1745.0,754.0,2021,2,17,12,0,1
4095140,168,2021-02-17 16:00:00,2,Jackson Heights,1412.0,1798.0,2021,2,17,16,0,1
4095608,168,2021-02-17 20:00:00,2,Jackson Heights,767.0,1421.0,2021,2,17,20,0,1
4096072,168,2021-02-18 00:00:00,2,Jackson Heights,17.0,399.0,2021,2,18,0,0,1
4096526,168,2021-02-18 04:00:00,2,Jackson Heights,819.0,87.0,2021,2,18,4,0,1
4096994,168,2021-02-18 08:00:00,2,Jackson Heights,2444.0,511.0,2021,2,18,8,0,1
4097462,168,2021-02-18 12:00:00,2,Jackson Heights,1531.0,652.0,2021,2,18,12,0,1
4097930,168,2021-02-18 16:00:00,2,Jackson Heights,1100.0,1375.0,2021,2,18,16,0,1
4098398,168,2021-02-18 20:00:00,2,Jackson Heights,575.0,1036.0,2021,2,18,20,0,1
4098858,168,2021-02-19 00:00:00,2,Jackson Heights,16.0,393.0,2021,2,19,0,0,1
4099308,168,2021-02-19 04:00:00,2,Jackson Heights,964.0,111.0,2021,2,19,4,0,1
4099776,168,2021-02-19 08:00:00,2,Jackson Heights,2629.0,529.0,2021,2,19,8,0,1
4100244,168,2021-02-19 12:00:00,2,Jackson Heights,1720.0,724.0,2021,2,19,12,0,1
4100712,168,2021-02-19 16:00:00,2,Jackson Heights,1448.0,1612.0,2021,2,19,16,0,1
4101180,168,2021-02-19 20:00:00,2,Jackson Heights,742.0,1221.0,2021,2,19,20,0,1
4101647,168,2021-02-20 00:00:00,2,Jackson Heights,89.0,516.0,2021,2,20,0,0,1
4102112,168,2021-02-20 04:00:00,2,Jackson Heights,356.0,78.0,2021,2,20,4,0,1
4102574,168,2021-02-20 08:00:00,2,Jackson Heights,1676.0,427.0,2021,2,20,8,0,1
4103039,168,2021-02-20 12:00:00,2,Jackson Heights,1701.0,768.0,2021,2,20,12,0,1
4103500,168,2021-02-20 16:00:00,2,Jackson Heights,1464.0,1060.0,2021,2,20,16,0,1
4103965,168,2021-02-20 20:00:00,2,Jackson Heights,710.0,1007.0,2021,2,20,20,0,1
4104426,168,2021-02-21 00:00:00,2,Jackson Heights,110.0,494.0,2021,2,21,0,0,1
4104889,168,2021-02-21 04:00:00,2,Jackson Heights,167.0,63.0,2021,2,21,4,0,1
4105353,168,2021-02-21 08:00:00,2,Jackson Heights,1071.0,291.0,2021,2,21,8,0,1
4105813,168,2021-02-21 12:00:00,2,Jackson Heights,1349.0,589.0,2021,2,21,12,0,1
4106279,168,2021-02-21 16:00:00,2,Jackson Heights,1107.0,852.0,2021,2,21,16,0,1
4106737,168,2021-02-21 20:00:00,2,Jackson Heights,571.0,854.0,2021,2,21,20,0,1
4107191,168,2021-02-22 00:00:00,2,Jackson Heights,17.0,261.0,2021,2,22,0,0,1
4107631,168,2021-02-22 04:00:00,2,Jackson Heights,956.0,70.0,2021,2,22,4,0,1
4108098,168,2021-02-22 08:00:00,2,Jackson Heights,2665.0,549.0,2021,2,22,8,0,1
4108566,168,2021-02-22 12:00:00,2,Jackson Heights,1693.0,729.0,2021,2,22,12,0,1
4109034,168,2021-02-22 16:00:00,2,Jackson Heights,1223.0,1598.0,2021,2,22,16,0,1
4109502,168,2021-02-22 20:00:00,2,Jackson Heights,788.0,1262.0,2021,2,22,20,0,1
4109960,168,2021-02-23 00:00:00,2,Jackson Heights,51.0,391.0,2021,2,23,0,0,1
4110409,168,2021-02-23 04:00:00,2,Jackson Heights,1115.0,94.0,2021,2,23,4,0,1
4110877,168,2021-02-23 08:00:00,2,Jackson Heights,2700.0,573.0,2021,2,23,8,0,1
4111345,168,2021-02-23 12:00:00,2,Jackson Heights,1771.0,868.0,2021,2,23,12,0,1
4111813,168,2021-02-23 16:00:00,2,Jackson Heights,1426.0,1693.0,2021,2,23,16,0,1
4112281,168,2021-02-23 20:00:00,2,Jackson Heights,761.0,1317.0,2021,2,23,20,0,1
4112740,168,2021-02-24 00:00:00,2,Jackson Heights,19.0,348.0,2021,2,24,0,0,1
4113188,168,2021-02-24 04:00:00,2,Jackson Heights,1101.0,103.0,2021,2,24,4,0,1
4113656,168,2021-02-24 08:00:00,2,Jackson Heights,2540.0,540.0,2021,2,24,8,0,1
4114124,168,2021-02-24 12:00:00,2,Jackson Heights,1640.0,785.0,2021,2,24,12,0,1
4114592,168,2021-02-24 16:00:00,2,Jackson Heights,1449.0,1690.0,2021,2,24,16,0,1
4115060,168,2021-02-24 20:00:00,2,Jackson Heights,783.0,1359.0,2021,2,24,20,0,1
4115520,168,2021-02-25 00:00:00,2,Jackson Heights,21.0,399.0,2021,2,25,0,0,1
4115967,168,2021-02-25 04:00:00,2,Jackson Heights,1111.0,80.0,2021,2,25,4,0,1
4116434,168,2021-02-25 08:00:00,2,Jackson Heights,2842.0,589.0,2021,2,25,8,0,1
4116902,168,2021-02-25 12:00:00,2,Jackson Heights,1696.0,807.0,2021,2,25,12,0,1
4117370,168,2021-02-25 16:00:00,2,Jackson Heights,1440.0,1760.0,2021,2,25,16,0,1
4117838,168,2021-02-25 20:00:00,2,Jackson Heights,786.0,1352.0,2021,2,25,20,0,1
4118298,168,2021-02-26 00:00:00,2,Jackson Heights,21.0,474.0,2021,2,26,0,0,1
4118753,168,2021-02-26 04:00:00,2,Jackson Heights,1101.0,86.0,2021,2,26,4,0,1
4119221,168,2021-02-26 08:00:00,2,Jackson Heights,2743.0,561.0,2021,2,26,8,0,1
4119689,168,2021-02-26 12:00:00,2,Jackson Heights,1680.0,863.0,2021,2,26,12,0,1
4120157,168,2021-02-26 16:00:00,2,Jackson Heights,1627.0,1750.0,2021,2,26,16,0,1
4120625,168,2021-02-26 20:00:00,2,Jackson Heights,813.0,1308.0,2021,2,26,20,0,1
4121093,168,2021-02-27 00:00:00,2,Jackson Heights,109.0,562.0,2021,2,27,0,0,1
4121561,168,2021-02-27 04:00:00,2,Jackson Heights,292.0,86.0,2021,2,27,4,0,1
4122028,168,2021-02-27 08:00:00,2,Jackson Heights,1575.0,416.0,2021,2,27,8,0,1
4122495,168,2021-02-27 12:00:00,2,Jackson Heights,1394.0,757.0,2021,2,27,12,0,1
4122963,168,2021-02-27 16:00:00,2,Jackson Heights,1122.0,1185.0,2021,2,27,16,0,1
4123431,168,2021-02-27 20:00:00,2,Jackson Heights,601.0,1122.0,2021,2,27,20,0,1
4123898,168,2021-02-28 00:00:00,2,Jackson Heights,111.0,482.0,2021,2,28,0,0,1
4124365,168,2021-02-28 04:00:00,2,Jackson Heights,193.0,61.0,2021,2,28,4,0,1
4124831,168,2021-02-28 08:00:00,2,Jackson Heights,985.0,282.0,2021,2,28,8,0,1
4125298,168,2021-02-28 12:00:00,2,Jackson Heights,1109.0,597.0,2021,2,28,12,0,1
4125764,168,2021-02-28 16:00:00,2,Jackson Heights,853.0,930.0,2021,2,28,16,0,1
4126231,168,2021-02-28 20:00:00,2,Jackson Heights,465.0,823.0,2021,2,28,20,0,1
4126686,168,2021-03-01 00:00:00,2,Jackson Heights,12.0,189.0,2021,3,1,0,0,1
4127133,168,2021-03-01 04:00:00,2,Jackson Heights,1053.0,71.0,2021,3,1,4,0,1
4127600,168,2021-03-01 08:00:00,2,Jackson Heights,2667.0,584.0,2021,3,1,8,0,1
4128068,168,2021-03-01 12:00:00,2,Jackson Heights,1759.0,779.0,2021,3,1,12,0,1
4128536,168,2021-03-01 16:00:00,2,Jackson Heights,1507.0,1756.0,2021,3,1,16,0,1
4129004,168,2021-03-01 20:00:00,2,Jackson Heights,945.0,1398.0,2021,3,1,20,0,1
4129465,168,2021-03-02 00:00:00,2,Jackson Heights,49.0,311.0,2021,3,2,0,0,1
4129910,168,2021-03-02 04:00:00,2,Jackson Heights,1070.0,85.0,2021,3,2,4,0,1
4130377,168,2021-03-02 08:00:00,2,Jackson Heights,2739.0,588.0,2021,3,2,8,0,1
4130845,168,2021-03-02 12:00:00,2,Jackson Heights,1612.0,973.0,2021,3,2,12,0,1
4131313,168,2021-03-02 16:00:00,2,Jackson Heights,1391.0,1778.0,2021,3,2,16,0,1
4131781,168,2021-03-02 20:00:00,2,Jackson Heights,769.0,1340.0,2021,3,2,20,0,1
4132243,168,2021-03-03 00:00:00,2,Jackson Heights,18.0,343.0,2021,3,3,0,0,1
4132691,168,2021-03-03 04:00:00,2,Jackson Heights,1102.0,93.0,2021,3,3,4,0,1
4133159,168,2021-03-03 08:00:00,2,Jackson Heights,2794.0,569.0,2021,3,3,8,0,1
4133627,168,2021-03-03 12:00:00,2,Jackson Heights,1743.0,882.0,2021,3,3,12,0,1
4134095,168,2021-03-03 16:00:00,2,Jackson Heights,1499.0,1847.0,2021,3,3,16,0,1
4134563,168,2021-03-03 20:00:00,2,Jackson Heights,812.0,1398.0,2021,3,3,20,0,1
4135022,168,2021-03-04 00:00:00,2,Jackson Heights,24.0,376.0,2021,3,4,0,0,1
4135470,168,2021-03-04 04:00:00,2,Jackson Heights,1126.0,98.0,2021,3,4,4,0,1
4135937,168,2021-03-04 08:00:00,2,Jackson Heights,2735.0,542.0,2021,3,4,8,0,1
4136405,168,2021-03-04 12:00:00,2,Jackson Heights,1639.0,848.0,2021,3,4,12,0,1
4136873,168,2021-03-04 16:00:00,2,Jackson Heights,1312.0,1745.0,2021,3,4,16,0,1
4137341,168,2021-03-04 20:00:00,2,Jackson Heights,760.0,1449.0,2021,3,4,20,0,1
4137801,168,2021-03-05 00:00:00,2,Jackson Heights,39.0,285.0,2021,3,5,0,0,1
4138249,168,2021-03-05 04:00:00,2,Jackson Heights,922.0,94.0,2021,3,5,4,0,1
4138716,168,2021-03-05 08:00:00,2,Jackson Heights,2750.0,548.0,2021,3,5,8,0,1
4139184,168,2021-03-05 12:00:00,2,Jackson Heights,1719.0,735.0,2021,3,5,12,0,1
4139652,168,2021-03-05 16:00:00,2,Jackson Heights,1563.0,1682.0,2021,3,5,16,0,1
4140120,168,2021-03-05 20:00:00,2,Jackson Heights,806.0,1364.0,2021,3,5,20,0,1
4140588,168,2021-03-06 00:00:00,2,Jackson Heights,101.0,611.0,2021,3,6,0,0,1
4141056,168,2021-03-06 04:00:00,2,Jackson Heights,417.0,91.0,2021,3,6,4,0,1
4141518,168,2021-03-06 08:00:00,2,Jackson Heights,1694.0,447.0,2021,3,6,8,0,1
4141984,168,2021-03-06 12:00:00,2,Jackson Heights,1704.0,811.0,2021,3,6,12,0,1
4142448,168,2021-03-06 16:00:00,2,Jackson Heights,1326.0,1283.0,2021,3,6,16,0,1
4142915,168,2021-03-06 20:00:00,2,Jackson Heights,624.0,1060.0,2021,3,6,20,0,1
4143376,168,2021-03-07 00:00:00,2,Jackson Heights,112.0,520.0,2021,3,7,0,0,1
4143843,168,2021-03-07 04:00:00,2,Jackson Heights,225.0,77.0,2021,3,7,4,0,1
4144307,168,2021-03-07 08:00:00,2,Jackson Heights,1101.0,304.0,2021,3,7,8,0,1
4144768,168,2021-03-07 12:00:00,2,Jackson Heights,1373.0,566.0,2021,3,7,12,0,1
4145234,168,2021-03-07 16:00:00,2,Jackson Heights,1102.0,979.0,2021,3,7,16,0,1
4145695,168,2021-03-07 20:00:00,2,Jackson Heights,579.0,950.0,2021,3,7,20,0,1
4146152,168,2021-03-08 00:00:00,2,Jackson Heights,13.0,299.0,2021,3,8,0,0,1
4146590,168,2021-03-08 04:00:00,2,Jackson Heights,1093.0,93.0,2021,3,8,4,0,1
4147055,168,2021-03-08 08:00:00,2,Jackson Heights,2659.0,578.0,2021,3,8,8,0,1
4147523,168,2021-03-08 12:00:00,2,Jackson Heights,1732.0,761.0,2021,3,8,12,0,1
4147991,168,2021-03-08 16:00:00,2,Jackson Heights,1460.0,1749.0,2021,3,8,16,0,1
4148459,168,2021-03-08 20:00:00,2,Jackson Heights,930.0,1352.0,2021,3,8,20,0,1
4148916,168,2021-03-09 00:00:00,2,Jackson Heights,54.0,390.0,2021,3,9,0,0,1
4149364,168,2021-03-09 04:00:00,2,Jackson Heights,1123.0,99.0,2021,3,9,4,0,1
4149831,168,2021-03-09 08:00:00,2,Jackson Heights,2769.0,581.0,2021,3,9,8,0,1
4150299,168,2021-03-09 12:00:00,2,Jackson Heights,1786.0,780.0,2021,3,9,12,0,1
4150767,168,2021-03-09 16:00:00,2,Jackson Heights,1445.0,1725.0,2021,3,9,16,0,1
4151235,168,2021-03-09 20:00:00,2,Jackson Heights,855.0,1399.0,2021,3,9,20,0,1
4151694,168,2021-03-10 00:00:00,2,Jackson Heights,36.0,467.0,2021,3,10,0,0,1
4152142,168,2021-03-10 04:00:00,2,Jackson Heights,1170.0,93.0,2021,3,10,4,0,1
4152609,168,2021-03-10 08:00:00,2,Jackson Heights,2782.0,574.0,2021,3,10,8,0,1
4153077,168,2021-03-10 12:00:00,2,Jackson Heights,1734.0,924.0,2021,3,10,12,0,1
4153545,168,2021-03-10 16:00:00,2,Jackson Heights,1371.0,1793.0,2021,3,10,16,0,1
4154013,168,2021-03-10 20:00:00,2,Jackson Heights,825.0,1380.0,2021,3,10,20,0,1
4154474,168,2021-03-11 00:00:00,2,Jackson Heights,31.0,411.0,2021,3,11,0,0,1
4154920,168,2021-03-11 04:00:00,2,Jackson Heights,1142.0,98.0,2021,3,11,4,0,1
4155388,168,2021-03-11 08:00:00,2,Jackson Heights,2792.0,579.0,2021,3,11,8,0,1
4155856,168,2021-03-11 12:00:00,2,Jackson Heights,1726.0,831.0,2021,3,11,12,0,1
4156324,168,2021-03-11 16:00:00,2,Jackson Heights,1409.0,1773.0,2021,3,11,16,0,1
4156792,168,2021-03-11 20:00:00,2,Jackson Heights,767.0,1479.0,2021,3,11,20,0,1
4157251,168,2021-03-12 00:00:00,2,Jackson Heights,25.0,457.0,2021,3,12,0,0,1
4157706,168,2021-03-12 04:00:00,2,Jackson Heights,1142.0,116.0,2021,3,12,4,0,1
4158173,168,2021-03-12 08:00:00,2,Jackson Heights,2883.0,526.0,2021,3,12,8,0,1
4158641,168,2021-03-12 12:00:00,2,Jackson Heights,1859.0,824.0,2021,3,12,12,0,1
4159109,168,2021-03-12 16:00:00,2,Jackson Heights,1629.0,1739.0,2021,3,12,16,0,1
4159577,168,2021-03-12 20:00:00,2,Jackson Heights,800.0,1475.0,2021,3,12,20,0,1
4160044,168,2021-03-13 00:00:00,2,Jackson Heights,121.0,633.0,2021,3,13,0,0,1
4160511,168,2021-03-13 04:00:00,2,Jackson Heights,398.0,93.0,2021,3,13,4,0,1
4160975,168,2021-03-13 08:00:00,2,Jackson Heights,1632.0,474.0,2021,3,13,8,0,1
4161439,168,2021-03-13 12:00:00,2,Jackson Heights,1618.0,821.0,2021,3,13,12,0,1
4161903,168,2021-03-13 16:00:00,2,Jackson Heights,1204.0,1299.0,2021,3,13,16,0,1
4162367,168,2021-03-13 20:00:00,2,Jackson Heights,615.0,1286.0,2021,3,13,20,0,1
4162827,168,2021-03-14 00:00:00,2,Jackson Heights,77.0,548.0,2021,3,14,0,0,1
4163293,168,2021-03-14 04:00:00,2,Jackson Heights,247.0,94.0,2021,3,14,4,0,1
4163756,168,2021-03-14 08:00:00,2,Jackson Heights,925.0,262.0,2021,3,14,8,0,1
4164220,168,2021-03-14 12:00:00,2,Jackson Heights,1318.0,607.0,2021,3,14,12,0,1
4164685,168,2021-03-14 16:00:00,2,Jackson Heights,1054.0,1004.0,2021,3,14,16,0,1
4165147,168,2021-03-14 20:00:00,2,Jackson Heights,578.0,1045.0,2021,3,14,20,0,1
4165600,168,2021-03-15 00:00:00,2,Jackson Heights,6.0,169.0,2021,3,15,0,0,1
4166053,168,2021-03-15 04:00:00,2,Jackson Heights,931.0,129.0,2021,3,15,4,0,1
4166520,168,2021-03-15 08:00:00,2,Jackson Heights,2381.0,495.0,2021,3,15,8,0,1
4166987,168,2021-03-15 12:00:00,2,Jackson Heights,1740.0,785.0,2021,3,15,12,0,1
4167454,168,2021-03-15 16:00:00,2,Jackson Heights,1410.0,1517.0,2021,3,15,16,0,1
4167921,168,2021-03-15 20:00:00,2,Jackson Heights,972.0,1578.0,2021,3,15,20,0,1
4168376,168,2021-03-16 00:00:00,2,Jackson Heights,55.0,219.0,2021,3,16,0,0,1
4168833,168,2021-03-16 04:00:00,2,Jackson Heights,1134.0,91.0,2021,3,16,4,0,1
4169301,168,2021-03-16 08:00:00,2,Jackson Heights,2596.0,452.0,2021,3,16,8,0,1
4169769,168,2021-03-16 12:00:00,2,Jackson Heights,1744.0,771.0,2021,3,16,12,0,1
4170237,168,2021-03-16 16:00:00,2,Jackson Heights,1341.0,1509.0,2021,3,16,16,0,1
4170705,168,2021-03-16 20:00:00,2,Jackson Heights,870.0,1557.0,2021,3,16,20,0,1
4171160,168,2021-03-17 00:00:00,2,Jackson Heights,20.0,202.0,2021,3,17,0,0,1
4171616,168,2021-03-17 04:00:00,2,Jackson Heights,927.0,92.0,2021,3,17,4,0,1
4172084,168,2021-03-17 08:00:00,2,Jackson Heights,2659.0,487.0,2021,3,17,8,0,1
4172552,168,2021-03-17 12:00:00,2,Jackson Heights,1789.0,892.0,2021,3,17,12,0,1
4173020,168,2021-03-17 16:00:00,2,Jackson Heights,1400.0,1599.0,2021,3,17,16,0,1
4173488,168,2021-03-17 20:00:00,2,Jackson Heights,869.0,1598.0,2021,3,17,20,0,1
4173948,168,2021-03-18 00:00:00,2,Jackson Heights,6.0,224.0,2021,3,18,0,0,1
4174408,168,2021-03-18 04:00:00,2,Jackson Heights,1200.0,108.0,2021,3,18,4,0,1
4174876,168,2021-03-18 08:00:00,2,Jackson Heights,2584.0,486.0,2021,3,18,8,0,1
4175344,168,2021-03-18 12:00:00,2,Jackson Heights,1835.0,845.0,2021,3,18,12,0,1
4175812,168,2021-03-18 16:00:00,2,Jackson Heights,1237.0,1505.0,2021,3,18,16,0,1
4176280,168,2021-03-18 20:00:00,2,Jackson Heights,731.0,1539.0,2021,3,18,20,0,1
4176736,168,2021-03-19 00:00:00,2,Jackson Heights,11.0,134.0,2021,3,19,0,0,1
4177197,168,2021-03-19 04:00:00,2,Jackson Heights,1290.0,107.0,2021,3,19,4,0,1
4177665,168,2021-03-19 08:00:00,2,Jackson Heights,2686.0,482.0,2021,3,19,8,0,1
4178133,168,2021-03-19 12:00:00,2,Jackson Heights,1889.0,877.0,2021,3,19,12,0,1
4178601,168,2021-03-19 16:00:00,2,Jackson Heights,1556.0,1565.0,2021,3,19,16,0,1
4179069,168,2021-03-19 20:00:00,2,Jackson Heights,968.0,1562.0,2021,3,19,20,0,1
4179537,168,2021-03-20 00:00:00,2,Jackson Heights,73.0,465.0,2021,3,20,0,0,1
4180001,168,2021-03-20 04:00:00,2,Jackson Heights,523.0,84.0,2021,3,20,4,0,1
4180467,168,2021-03-20 08:00:00,2,Jackson Heights,1413.0,421.0,2021,3,20,8,0,1
4180932,168,2021-03-20 12:00:00,2,Jackson Heights,1579.0,870.0,2021,3,20,12,0,1
4181396,168,2021-03-20 16:00:00,2,Jackson Heights,1301.0,1312.0,2021,3,20,16,0,1
4181858,168,2021-03-20 20:00:00,2,Jackson Heights,689.0,1416.0,2021,3,20,20,0,1
4182323,168,2021-03-21 00:00:00,2,Jackson Heights,133.0,680.0,2021,3,21,0,0,1
4182788,168,2021-03-21 04:00:00,2,Jackson Heights,231.0,96.0,2021,3,21,4,0,1
4183250,168,2021-03-21 08:00:00,2,Jackson Heights,974.0,272.0,2021,3,21,8,0,1
4183714,168,2021-03-21 12:00:00,2,Jackson Heights,1321.0,662.0,2021,3,21,12,0,1
4184178,168,2021-03-21 16:00:00,2,Jackson Heights,987.0,1112.0,2021,3,21,16,0,1
4184639,168,2021-03-21 20:00:00,2,Jackson Heights,567.0,1146.0,2021,3,21,20,0,1
4185095,168,2021-03-22 00:00:00,2,Jackson Heights,4.0,106.0,2021,3,22,0,0,1
4185549,168,2021-03-22 04:00:00,2,Jackson Heights,1154.0,114.0,2021,3,22,4,0,1
4186017,168,2021-03-22 08:00:00,2,Jackson Heights,2692.0,527.0,2021,3,22,8,0,1
4186485,168,2021-03-22 12:00:00,2,Jackson Heights,1859.0,878.0,2021,3,22,12,0,1
4186953,168,2021-03-22 16:00:00,2,Jackson Heights,1490.0,1647.0,2021,3,22,16,0,1
4187421,168,2021-03-22 20:00:00,2,Jackson Heights,990.0,1681.0,2021,3,22,20,0,1
4187877,168,2021-03-23 00:00:00,2,Jackson Heights,25.0,300.0,2021,3,23,0,0,1
4188334,168,2021-03-23 04:00:00,2,Jackson Heights,1314.0,75.0,2021,3,23,4,0,1
4188802,168,2021-03-23 08:00:00,2,Jackson Heights,2671.0,457.0,2021,3,23,8,0,1
4189270,168,2021-03-23 12:00:00,2,Jackson Heights,1734.0,925.0,2021,3,23,12,0,1
4189738,168,2021-03-23 16:00:00,2,Jackson Heights,1372.0,1687.0,2021,3,23,16,0,1
4190206,168,2021-03-23 20:00:00,2,Jackson Heights,932.0,1648.0,2021,3,23,20,0,1
4190663,168,2021-03-24 00:00:00,2,Jackson Heights,16.0,264.0,2021,3,24,0,0,1
4191123,168,2021-03-24 04:00:00,2,Jackson Heights,1359.0,123.0,2021,3,24,4,0,1
4191591,168,2021-03-24 08:00:00,2,Jackson Heights,2781.0,506.0,2021,3,24,8,0,1
4192059,168,2021-03-24 12:00:00,2,Jackson Heights,1822.0,878.0,2021,3,24,12,0,1
4192527,168,2021-03-24 16:00:00,2,Jackson Heights,1403.0,1666.0,2021,3,24,16,0,1
4192995,168,2021-03-24 20:00:00,2,Jackson Heights,848.0,1644.0,2021,3,24,20,0,1
4193449,168,2021-03-25 00:00:00,2,Jackson Heights,0.0,141.0,2021,3,25,0,0,1
4193903,168,2021-03-25 04:00:00,2,Jackson Heights,1379.0,108.0,2021,3,25,4,0,1
4194371,168,2021-03-25 08:00:00,2,Jackson Heights,2773.0,489.0,2021,3,25,8,0,1
4194839,168,2021-03-25 12:00:00,2,Jackson Heights,1850.0,944.0,2021,3,25,12,0,1
4195307,168,2021-03-25 16:00:00,2,Jackson Heights,1386.0,1602.0,2021,3,25,16,0,1
4195775,168,2021-03-25 20:00:00,2,Jackson Heights,897.0,1634.0,2021,3,25,20,0,1
4196238,168,2021-03-26 00:00:00,2,Jackson Heights,23.0,317.0,2021,3,26,0,0,1
4196697,168,2021-03-26 04:00:00,2,Jackson Heights,1256.0,159.0,2021,3,26,4,0,1
4197165,168,2021-03-26 08:00:00,2,Jackson Heights,2638.0,524.0,2021,3,26,8,0,1
4197633,168,2021-03-26 12:00:00,2,Jackson Heights,1846.0,930.0,2021,3,26,12,0,1
4198101,168,2021-03-26 16:00:00,2,Jackson Heights,1564.0,1619.0,2021,3,26,16,0,1
4198569,168,2021-03-26 20:00:00,2,Jackson Heights,1031.0,1635.0,2021,3,26,20,0,1
4199037,168,2021-03-27 00:00:00,2,Jackson Heights,102.0,538.0,2021,3,27,0,0,1
4199503,168,2021-03-27 04:00:00,2,Jackson Heights,504.0,66.0,2021,3,27,4,0,1
4199964,168,2021-03-27 08:00:00,2,Jackson Heights,1528.0,374.0,2021,3,27,8,0,1
4200430,168,2021-03-27 12:00:00,2,Jackson Heights,1714.0,839.0,2021,3,27,12,0,1
4200893,168,2021-03-27 16:00:00,2,Jackson Heights,1248.0,1346.0,2021,3,27,16,0,1
4201361,168,2021-03-27 20:00:00,2,Jackson Heights,661.0,1392.0,2021,3,27,20,0,1
4201824,168,2021-03-28 00:00:00,2,Jackson Heights,146.0,611.0,2021,3,28,0,0,1
4202292,168,2021-03-28 04:00:00,2,Jackson Heights,191.0,93.0,2021,3,28,4,0,1
4202760,168,2021-03-28 08:00:00,2,Jackson Heights,924.0,256.0,2021,3,28,8,0,1
4203224,168,2021-03-28 12:00:00,2,Jackson Heights,1112.0,619.0,2021,3,28,12,0,1
4203692,168,2021-03-28 16:00:00,2,Jackson Heights,854.0,912.0,2021,3,28,16,0,1
4204155,168,2021-03-28 20:00:00,2,Jackson Heights,566.0,958.0,2021,3,28,20,0,1
4204615,168,2021-03-29 00:00:00,2,Jackson Heights,2.0,68.0,2021,3,29,0,0,1
4205071,168,2021-03-29 04:00:00,2,Jackson Heights,1186.0,84.0,2021,3,29,4,0,1
4205539,168,2021-03-29 08:00:00,2,Jackson Heights,2462.0,517.0,2021,3,29,8,0,1
4206007,168,2021-03-29 12:00:00,2,Jackson Heights,1828.0,924.0,2021,3,29,12,0,1
4206475,168,2021-03-29 16:00:00,2,Jackson Heights,1541.0,1679.0,2021,3,29,16,0,1
4206942,168,2021-03-29 20:00:00,2,Jackson Heights,1042.0,1665.0,2021,3,29,20,0,1
4207397,168,2021-03-30 00:00:00,2,Jackson Heights,105.0,338.0,2021,3,30,0,0,1
4207856,168,2021-03-30 04:00:00,2,Jackson Heights,763.0,185.0,2021,3,30,4,0,1
4208324,168,2021-03-30 08:00:00,2,Jackson Heights,2443.0,391.0,2021,3,30,8,0,1
4208792,168,2021-03-30 12:00:00,2,Jackson Heights,1861.0,739.0,2021,3,30,12,0,1
4209260,168,2021-03-30 16:00:00,2,Jackson Heights,1562.0,1735.0,2021,3,30,16,0,1
4209728,168,2021-03-30 20:00:00,2,Jackson Heights,1014.0,1661.0,2021,3,30,20,0,1
4210187,168,2021-03-31 00:00:00,2,Jackson Heights,32.0,363.0,2021,3,31,0,0,1
4210647,168,2021-03-31 04:00:00,2,Jackson Heights,1202.0,127.0,2021,3,31,4,0,1
4211115,168,2021-03-31 08:00:00,2,Jackson Heights,2550.0,509.0,2021,3,31,8,0,1
4211583,168,2021-03-31 12:00:00,2,Jackson Heights,1883.0,844.0,2021,3,31,12,0,1
4212051,168,2021-03-31 16:00:00,2,Jackson Heights,1450.0,1540.0,2021,3,31,16,0,1
4212519,168,2021-03-31 20:00:00,2,Jackson Heights,847.0,1565.0,2021,3,31,20,0,1
4212976,168,2021-04-01 00:00:00,2,Jackson Heights,16.0,128.0,2021,4,1,0,0,1
4213437,168,2021-04-01 04:00:00,2,Jackson Heights,1186.0,105.0,2021,4,1,4,0,1
4213904,168,2021-04-01 08:00:00,2,Jackson Heights,2526.0,505.0,2021,4,1,8,0,1
4214372,168,2021-04-01 12:00:00,2,Jackson Heights,1900.0,897.0,2021,4,1,12,0,1
4214840,168,2021-04-01 16:00:00,2,Jackson Heights,1462.0,1609.0,2021,4,1,16,0,1
4215308,168,2021-04-01 20:00:00,2,Jackson Heights,857.0,1636.0,2021,4,1,20,0,1
4215771,168,2021-04-02 00:00:00,2,Jackson Heights,45.0,327.0,2021,4,2,0,0,1
4216237,168,2021-04-02 04:00:00,2,Jackson Heights,1005.0,115.0,2021,4,2,4,0,1
4216705,168,2021-04-02 08:00:00,2,Jackson Heights,2304.0,386.0,2021,4,2,8,0,1
4217173,168,2021-04-02 12:00:00,2,Jackson Heights,1901.0,947.0,2021,4,2,12,0,1
4217641,168,2021-04-02 16:00:00,2,Jackson Heights,1428.0,1505.0,2021,4,2,16,0,1
4218109,168,2021-04-02 20:00:00,2,Jackson Heights,816.0,1381.0,2021,4,2,20,0,1
4218577,168,2021-04-03 00:00:00,2,Jackson Heights,106.0,585.0,2021,4,3,0,0,1
4219044,168,2021-04-03 04:00:00,2,Jackson Heights,454.0,82.0,2021,4,3,4,0,1
4219510,168,2021-04-03 08:00:00,2,Jackson Heights,1419.0,414.0,2021,4,3,8,0,1
4219978,168,2021-04-03 12:00:00,2,Jackson Heights,1672.0,824.0,2021,4,3,12,0,1
4220445,168,2021-04-03 16:00:00,2,Jackson Heights,1214.0,1224.0,2021,4,3,16,0,1
4220913,168,2021-04-03 20:00:00,2,Jackson Heights,585.0,1361.0,2021,4,3,20,0,1
4221381,168,2021-04-04 00:00:00,2,Jackson Heights,128.0,637.0,2021,4,4,0,0,1
4221849,168,2021-04-04 04:00:00,2,Jackson Heights,144.0,75.0,2021,4,4,4,0,1
4222316,168,2021-04-04 08:00:00,2,Jackson Heights,933.0,291.0,2021,4,4,8,0,1
4222784,168,2021-04-04 12:00:00,2,Jackson Heights,1336.0,676.0,2021,4,4,12,0,1
4223252,168,2021-04-04 16:00:00,2,Jackson Heights,991.0,1100.0,2021,4,4,16,0,1
4223719,168,2021-04-04 20:00:00,2,Jackson Heights,539.0,1128.0,2021,4,4,20,0,1
4224638,168,2021-04-05 04:00:00,2,Jackson Heights,1120.0,128.0,2021,4,5,4,0,1
4225106,168,2021-04-05 08:00:00,2,Jackson Heights,2639.0,518.0,2021,4,5,8,0,1
4225574,168,2021-04-05 12:00:00,2,Jackson Heights,1798.0,884.0,2021,4,5,12,0,1
4226042,168,2021-04-05 16:00:00,2,Jackson Heights,1515.0,1647.0,2021,4,5,16,0,1
4226510,168,2021-04-05 20:00:00,2,Jackson Heights,1037.0,1666.0,2021,4,5,20,0,1
4226968,168,2021-04-06 00:00:00,2,Jackson Heights,41.0,346.0,2021,4,6,0,0,1
4227428,168,2021-04-06 04:00:00,2,Jackson Heights,1256.0,118.0,2021,4,6,4,0,1
4227896,168,2021-04-06 08:00:00,2,Jackson Heights,2639.0,475.0,2021,4,6,8,0,1
4228364,168,2021-04-06 12:00:00,2,Jackson Heights,1904.0,885.0,2021,4,6,12,0,1
4228832,168,2021-04-06 16:00:00,2,Jackson Heights,1500.0,1704.0,2021,4,6,16,0,1
4229300,168,2021-04-06 20:00:00,2,Jackson Heights,909.0,1690.0,2021,4,6,20,0,1
4229758,168,2021-04-07 00:00:00,2,Jackson Heights,6.0,211.0,2021,4,7,0,0,1
4230219,168,2021-04-07 04:00:00,2,Jackson Heights,1186.0,130.0,2021,4,7,4,0,1
4230687,168,2021-04-07 08:00:00,2,Jackson Heights,2878.0,524.0,2021,4,7,8,0,1
4231155,168,2021-04-07 12:00:00,2,Jackson Heights,1932.0,1040.0,2021,4,7,12,0,1
4231623,168,2021-04-07 16:00:00,2,Jackson Heights,1524.0,1684.0,2021,4,7,16,0,1
4232091,168,2021-04-07 20:00:00,2,Jackson Heights,944.0,1623.0,2021,4,7,20,0,1
4232548,168,2021-04-08 00:00:00,2,Jackson Heights,11.0,236.0,2021,4,8,0,0,1
4233009,168,2021-04-08 04:00:00,2,Jackson Heights,1125.0,128.0,2021,4,8,4,0,1
4233477,168,2021-04-08 08:00:00,2,Jackson Heights,2844.0,502.0,2021,4,8,8,0,1
4233945,168,2021-04-08 12:00:00,2,Jackson Heights,1979.0,859.0,2021,4,8,12,0,1
4234413,168,2021-04-08 16:00:00,2,Jackson Heights,1473.0,1636.0,2021,4,8,16,0,1
4234881,168,2021-04-08 20:00:00,2,Jackson Heights,912.0,1754.0,2021,4,8,20,0,1
4235341,168,2021-04-09 00:00:00,2,Jackson Heights,13.0,284.0,2021,4,9,0,0,1
4235801,168,2021-04-09 04:00:00,2,Jackson Heights,1370.0,200.0,2021,4,9,4,0,1
4236269,168,2021-04-09 08:00:00,2,Jackson Heights,2761.0,526.0,2021,4,9,8,0,1
4236737,168,2021-04-09 12:00:00,2,Jackson Heights,1881.0,955.0,2021,4,9,12,0,1
4237205,168,2021-04-09 16:00:00,2,Jackson Heights,1494.0,1749.0,2021,4,9,16,0,1
4237673,168,2021-04-09 20:00:00,2,Jackson Heights,906.0,1670.0,2021,4,9,20,0,1
4238140,168,2021-04-10 00:00:00,2,Jackson Heights,95.0,569.0,2021,4,10,0,0,1
4238603,168,2021-04-10 04:00:00,2,Jackson Heights,439.0,177.0,2021,4,10,4,0,1
4239068,168,2021-04-10 08:00:00,2,Jackson Heights,1575.0,471.0,2021,4,10,8,0,1
4239531,168,2021-04-10 12:00:00,2,Jackson Heights,1892.0,857.0,2021,4,10,12,0,1
4239997,168,2021-04-10 16:00:00,2,Jackson Heights,1467.0,1272.0,2021,4,10,16,0,1
4240460,168,2021-04-10 20:00:00,2,Jackson Heights,822.0,1275.0,2021,4,10,20,0,1
4240927,168,2021-04-11 00:00:00,2,Jackson Heights,154.0,605.0,2021,4,11,0,0,1
4241392,168,2021-04-11 04:00:00,2,Jackson Heights,265.0,127.0,2021,4,11,4,0,1
4241858,168,2021-04-11 08:00:00,2,Jackson Heights,1126.0,290.0,2021,4,11,8,0,1
4242322,168,2021-04-11 12:00:00,2,Jackson Heights,1497.0,733.0,2021,4,11,12,0,1
4242789,168,2021-04-11 16:00:00,2,Jackson Heights,1081.0,972.0,2021,4,11,16,0,1
4243251,168,2021-04-11 20:00:00,2,Jackson Heights,581.0,934.0,2021,4,11,20,0,1
4243708,168,2021-04-12 00:00:00,2,Jackson Heights,0.0,129.0,2021,4,12,0,0,1
4244162,168,2021-04-12 04:00:00,2,Jackson Heights,1052.0,108.0,2021,4,12,4,0,1
4244630,168,2021-04-12 08:00:00,2,Jackson Heights,2582.0,527.0,2021,4,12,8,0,1
4245098,168,2021-04-12 12:00:00,2,Jackson Heights,1849.0,942.0,2021,4,12,12,0,1
4245566,168,2021-04-12 16:00:00,2,Jackson Heights,1482.0,1793.0,2021,4,12,16,0,1
4246034,168,2021-04-12 20:00:00,2,Jackson Heights,960.0,1708.0,2021,4,12,20,0,1
4246488,168,2021-04-13 00:00:00,2,Jackson Heights,42.0,278.0,2021,4,13,0,0,1
4246948,168,2021-04-13 04:00:00,2,Jackson Heights,1403.0,141.0,2021,4,13,4,0,1
4247416,168,2021-04-13 08:00:00,2,Jackson Heights,2762.0,511.0,2021,4,13,8,0,1
4247884,168,2021-04-13 12:00:00,2,Jackson Heights,1848.0,1102.0,2021,4,13,12,0,1
4248352,168,2021-04-13 16:00:00,2,Jackson Heights,1449.0,1586.0,2021,4,13,16,0,1
4248820,168,2021-04-13 20:00:00,2,Jackson Heights,1067.0,1729.0,2021,4,13,20,0,1
4249278,168,2021-04-14 00:00:00,2,Jackson Heights,45.0,348.0,2021,4,14,0,0,1
4249738,168,2021-04-14 04:00:00,2,Jackson Heights,1139.0,143.0,2021,4,14,4,0,1
4250206,168,2021-04-14 08:00:00,2,Jackson Heights,2771.0,516.0,2021,4,14,8,0,1
4250674,168,2021-04-14 12:00:00,2,Jackson Heights,1843.0,940.0,2021,4,14,12,0,1
4251142,168,2021-04-14 16:00:00,2,Jackson Heights,1445.0,1671.0,2021,4,14,16,0,1
4251610,168,2021-04-14 20:00:00,2,Jackson Heights,916.0,1659.0,2021,4,14,20,0,1
4252070,168,2021-04-15 00:00:00,2,Jackson Heights,2.0,305.0,2021,4,15,0,0,1
4252529,168,2021-04-15 04:00:00,2,Jackson Heights,1323.0,141.0,2021,4,15,4,0,1
4252997,168,2021-04-15 08:00:00,2,Jackson Heights,2770.0,510.0,2021,4,15,8,0,1
4253465,168,2021-04-15 12:00:00,2,Jackson Heights,1949.0,966.0,2021,4,15,12,0,1
4253933,168,2021-04-15 16:00:00,2,Jackson Heights,1314.0,1320.0,2021,4,15,16,0,1
4254401,168,2021-04-15 20:00:00,2,Jackson Heights,743.0,1291.0,2021,4,15,20,0,1
4254857,168,2021-04-16 00:00:00,2,Jackson Heights,4.0,212.0,2021,4,16,0,0,1
4255316,168,2021-04-16 04:00:00,2,Jackson Heights,1435.0,135.0,2021,4,16,4,0,1
4255784,168,2021-04-16 08:00:00,2,Jackson Heights,2866.0,521.0,2021,4,16,8,0,1
4256252,168,2021-04-16 12:00:00,2,Jackson Heights,1928.0,951.0,2021,4,16,12,0,1
4256720,168,2021-04-16 16:00:00,2,Jackson Heights,1565.0,1714.0,2021,4,16,16,0,1
4257188,168,2021-04-16 20:00:00,2,Jackson Heights,1040.0,1679.0,2021,4,16,20,0,1
4257655,168,2021-04-17 00:00:00,2,Jackson Heights,129.0,621.0,2021,4,17,0,0,1
4258121,168,2021-04-17 04:00:00,2,Jackson Heights,553.0,159.0,2021,4,17,4,0,1
4258585,168,2021-04-17 08:00:00,2,Jackson Heights,1692.0,397.0,2021,4,17,8,0,1
4259049,168,2021-04-17 12:00:00,2,Jackson Heights,1937.0,772.0,2021,4,17,12,0,1
4259515,168,2021-04-17 16:00:00,2,Jackson Heights,1479.0,1029.0,2021,4,17,16,0,1
4259979,168,2021-04-17 20:00:00,2,Jackson Heights,745.0,1099.0,2021,4,17,20,0,1
4260446,168,2021-04-18 00:00:00,2,Jackson Heights,140.0,584.0,2021,4,18,0,0,1
4260908,168,2021-04-18 04:00:00,2,Jackson Heights,219.0,103.0,2021,4,18,4,0,1
4261371,168,2021-04-18 08:00:00,2,Jackson Heights,1117.0,262.0,2021,4,18,8,0,1
4261834,168,2021-04-18 12:00:00,2,Jackson Heights,1568.0,536.0,2021,4,18,12,0,1
4262301,168,2021-04-18 16:00:00,2,Jackson Heights,1190.0,858.0,2021,4,18,16,0,1
4262764,168,2021-04-18 20:00:00,2,Jackson Heights,661.0,1024.0,2021,4,18,20,0,1
4263223,168,2021-04-19 00:00:00,2,Jackson Heights,12.0,206.0,2021,4,19,0,0,1
4263679,168,2021-04-19 04:00:00,2,Jackson Heights,1391.0,119.0,2021,4,19,4,0,1
4264147,168,2021-04-19 08:00:00,2,Jackson Heights,2809.0,518.0,2021,4,19,8,0,1
4264615,168,2021-04-19 12:00:00,2,Jackson Heights,1806.0,945.0,2021,4,19,12,0,1
4265082,168,2021-04-19 16:00:00,2,Jackson Heights,1378.0,1747.0,2021,4,19,16,0,1
4265549,168,2021-04-19 20:00:00,2,Jackson Heights,984.0,1686.0,2021,4,19,20,0,1
4266002,168,2021-04-20 00:00:00,2,Jackson Heights,35.0,248.0,2021,4,20,0,0,1
4266460,168,2021-04-20 04:00:00,2,Jackson Heights,1437.0,149.0,2021,4,20,4,0,1
4266927,168,2021-04-20 08:00:00,2,Jackson Heights,2878.0,498.0,2021,4,20,8,0,1
4267394,168,2021-04-20 12:00:00,2,Jackson Heights,1936.0,888.0,2021,4,20,12,0,1
4267861,168,2021-04-20 16:00:00,2,Jackson Heights,1551.0,1663.0,2021,4,20,16,0,1
4268327,168,2021-04-20 20:00:00,2,Jackson Heights,990.0,1650.0,2021,4,20,20,0,1
4268786,168,2021-04-21 00:00:00,2,Jackson Heights,15.0,240.0,2021,4,21,0,0,1
4269248,168,2021-04-21 04:00:00,2,Jackson Heights,1433.0,158.0,2021,4,21,4,0,1
4269715,168,2021-04-21 08:00:00,2,Jackson Heights,2824.0,529.0,2021,4,21,8,0,1
4270182,168,2021-04-21 12:00:00,2,Jackson Heights,1927.0,891.0,2021,4,21,12,0,1
4270649,168,2021-04-21 16:00:00,2,Jackson Heights,1524.0,1654.0,2021,4,21,16,0,1
4271117,168,2021-04-21 20:00:00,2,Jackson Heights,884.0,1679.0,2021,4,21,20,0,1
4271575,168,2021-04-22 00:00:00,2,Jackson Heights,5.0,187.0,2021,4,22,0,0,1
4272035,168,2021-04-22 04:00:00,2,Jackson Heights,1441.0,129.0,2021,4,22,4,0,1
4272503,168,2021-04-22 08:00:00,2,Jackson Heights,2902.0,514.0,2021,4,22,8,0,1
4272971,168,2021-04-22 12:00:00,2,Jackson Heights,1990.0,863.0,2021,4,22,12,0,1
4273439,168,2021-04-22 16:00:00,2,Jackson Heights,1520.0,1689.0,2021,4,22,16,0,1
4273907,168,2021-04-22 20:00:00,2,Jackson Heights,900.0,1712.0,2021,4,22,20,0,1
4274365,168,2021-04-23 00:00:00,2,Jackson Heights,1.0,134.0,2021,4,23,0,0,1
4274829,168,2021-04-23 04:00:00,2,Jackson Heights,1391.0,148.0,2021,4,23,4,0,1
4275297,168,2021-04-23 08:00:00,2,Jackson Heights,2822.0,483.0,2021,4,23,8,0,1
4275765,168,2021-04-23 12:00:00,2,Jackson Heights,2089.0,865.0,2021,4,23,12,0,1
4276233,168,2021-04-23 16:00:00,2,Jackson Heights,1768.0,1606.0,2021,4,23,16,0,1
4276701,168,2021-04-23 20:00:00,2,Jackson Heights,1045.0,1679.0,2021,4,23,20,0,1
4277169,168,2021-04-24 00:00:00,2,Jackson Heights,105.0,656.0,2021,4,24,0,0,1
4277635,168,2021-04-24 04:00:00,2,Jackson Heights,472.0,164.0,2021,4,24,4,0,1
4278100,168,2021-04-24 08:00:00,2,Jackson Heights,1722.0,420.0,2021,4,24,8,0,1
4278566,168,2021-04-24 12:00:00,2,Jackson Heights,1919.0,875.0,2021,4,24,12,0,1
4279032,168,2021-04-24 16:00:00,2,Jackson Heights,1448.0,1250.0,2021,4,24,16,0,1
4279498,168,2021-04-24 20:00:00,2,Jackson Heights,791.0,1282.0,2021,4,24,20,0,1
4279962,168,2021-04-25 00:00:00,2,Jackson Heights,194.0,641.0,2021,4,25,0,0,1
4280427,168,2021-04-25 04:00:00,2,Jackson Heights,263.0,132.0,2021,4,25,4,0,1
4280893,168,2021-04-25 08:00:00,2,Jackson Heights,1080.0,275.0,2021,4,25,8,0,1
4281358,168,2021-04-25 12:00:00,2,Jackson Heights,1512.0,661.0,2021,4,25,12,0,1
4281826,168,2021-04-25 16:00:00,2,Jackson Heights,1205.0,992.0,2021,4,25,16,0,1
4282289,168,2021-04-25 20:00:00,2,Jackson Heights,719.0,1039.0,2021,4,25,20,0,1
4282748,168,2021-04-26 00:00:00,2,Jackson Heights,16.0,282.0,2021,4,26,0,0,1
4283203,168,2021-04-26 04:00:00,2,Jackson Heights,1424.0,116.0,2021,4,26,4,0,1
4283671,168,2021-04-26 08:00:00,2,Jackson Heights,2742.0,537.0,2021,4,26,8,0,1
4284139,168,2021-04-26 12:00:00,2,Jackson Heights,1847.0,932.0,2021,4,26,12,0,1
4284607,168,2021-04-26 16:00:00,2,Jackson Heights,1532.0,1624.0,2021,4,26,16,0,1
4285075,168,2021-04-26 20:00:00,2,Jackson Heights,1031.0,1642.0,2021,4,26,20,0,1
4285531,168,2021-04-27 00:00:00,2,Jackson Heights,53.0,418.0,2021,4,27,0,0,1
4285991,168,2021-04-27 04:00:00,2,Jackson Heights,1376.0,159.0,2021,4,27,4,0,1
4286459,168,2021-04-27 08:00:00,2,Jackson Heights,2826.0,503.0,2021,4,27,8,0,1
4286927,168,2021-04-27 12:00:00,2,Jackson Heights,1953.0,893.0,2021,4,27,12,0,1
4287395,168,2021-04-27 16:00:00,2,Jackson Heights,1509.0,1707.0,2021,4,27,16,0,1
4287863,168,2021-04-27 20:00:00,2,Jackson Heights,920.0,1740.0,2021,4,27,20,0,1
4288785,168,2021-04-28 04:00:00,2,Jackson Heights,1478.0,183.0,2021,4,28,4,0,1
4289253,168,2021-04-28 08:00:00,2,Jackson Heights,2904.0,548.0,2021,4,28,8,0,1
4289721,168,2021-04-28 12:00:00,2,Jackson Heights,1971.0,896.0,2021,4,28,12,0,1
4290189,168,2021-04-28 16:00:00,2,Jackson Heights,1586.0,1701.0,2021,4,28,16,0,1
4290657,168,2021-04-28 20:00:00,2,Jackson Heights,948.0,1775.0,2021,4,28,20,0,1
4291116,168,2021-04-29 00:00:00,2,Jackson Heights,4.0,154.0,2021,4,29,0,0,1
4291576,168,2021-04-29 04:00:00,2,Jackson Heights,1414.0,160.0,2021,4,29,4,0,1
4292044,168,2021-04-29 08:00:00,2,Jackson Heights,2824.0,522.0,2021,4,29,8,0,1
4292512,168,2021-04-29 12:00:00,2,Jackson Heights,1937.0,874.0,2021,4,29,12,0,1
4292980,168,2021-04-29 16:00:00,2,Jackson Heights,1510.0,1679.0,2021,4,29,16,0,1
4293448,168,2021-04-29 20:00:00,2,Jackson Heights,916.0,1702.0,2021,4,29,20,0,1
4293909,168,2021-04-30 00:00:00,2,Jackson Heights,67.0,256.0,2021,4,30,0,0,1
4294368,168,2021-04-30 04:00:00,2,Jackson Heights,1402.0,163.0,2021,4,30,4,0,1
4294836,168,2021-04-30 08:00:00,2,Jackson Heights,2881.0,517.0,2021,4,30,8,0,1
4295304,168,2021-04-30 12:00:00,2,Jackson Heights,2013.0,692.0,2021,4,30,12,0,1
4295772,168,2021-04-30 16:00:00,2,Jackson Heights,1679.0,1620.0,2021,4,30,16,0,1
4296240,168,2021-04-30 20:00:00,2,Jackson Heights,1055.0,1389.0,2021,4,30,20,0,1
4296706,168,2021-05-01 00:00:00,2,Jackson Heights,103.0,678.0,2021,5,1,0,0,1
4297173,168,2021-05-01 04:00:00,2,Jackson Heights,586.0,164.0,2021,5,1,4,0,1
4297640,168,2021-05-01 08:00:00,2,Jackson Heights,1702.0,385.0,2021,5,1,8,0,1
4298107,168,2021-05-01 12:00:00,2,Jackson Heights,1944.0,823.0,2021,5,1,12,0,1
4298575,168,2021-05-01 16:00:00,2,Jackson Heights,1515.0,1131.0,2021,5,1,16,0,1
4299042,168,2021-05-01 20:00:00,2,Jackson Heights,819.0,1189.0,2021,5,1,20,0,1
4299508,168,2021-05-02 00:00:00,2,Jackson Heights,188.0,664.0,2021,5,2,0,0,1
4299974,168,2021-05-02 04:00:00,2,Jackson Heights,272.0,161.0,2021,5,2,4,0,1
4300441,168,2021-05-02 08:00:00,2,Jackson Heights,1211.0,287.0,2021,5,2,8,0,1
4300907,168,2021-05-02 12:00:00,2,Jackson Heights,1659.0,643.0,2021,5,2,12,0,1
4301374,168,2021-05-02 16:00:00,2,Jackson Heights,1222.0,891.0,2021,5,2,16,0,1
4301837,168,2021-05-02 20:00:00,2,Jackson Heights,696.0,1054.0,2021,5,2,20,0,1
4302299,168,2021-05-03 00:00:00,2,Jackson Heights,11.0,236.0,2021,5,3,0,0,1
4302759,168,2021-05-03 04:00:00,2,Jackson Heights,1196.0,126.0,2021,5,3,4,0,1
4303227,168,2021-05-03 08:00:00,2,Jackson Heights,2807.0,564.0,2021,5,3,8,0,1
4303695,168,2021-05-03 12:00:00,2,Jackson Heights,1887.0,949.0,2021,5,3,12,0,1
4304163,168,2021-05-03 16:00:00,2,Jackson Heights,1507.0,1714.0,2021,5,3,16,0,1
4304631,168,2021-05-03 20:00:00,2,Jackson Heights,1002.0,1684.0,2021,5,3,20,0,1
4305086,168,2021-05-04 00:00:00,2,Jackson Heights,24.0,406.0,2021,5,4,0,0,1
4305543,168,2021-05-04 04:00:00,2,Jackson Heights,1425.0,158.0,2021,5,4,4,0,1
4306011,168,2021-05-04 08:00:00,2,Jackson Heights,2861.0,501.0,2021,5,4,8,0,1
4306479,168,2021-05-04 12:00:00,2,Jackson Heights,2001.0,933.0,2021,5,4,12,0,1
4306947,168,2021-05-04 16:00:00,2,Jackson Heights,1560.0,1638.0,2021,5,4,16,0,1
4307415,168,2021-05-04 20:00:00,2,Jackson Heights,934.0,1577.0,2021,5,4,20,0,1
4307874,168,2021-05-05 00:00:00,2,Jackson Heights,18.0,330.0,2021,5,5,0,0,1
4308333,168,2021-05-05 04:00:00,2,Jackson Heights,1226.0,152.0,2021,5,5,4,0,1
4308801,168,2021-05-05 08:00:00,2,Jackson Heights,2887.0,558.0,2021,5,5,8,0,1
4309269,168,2021-05-05 12:00:00,2,Jackson Heights,2023.0,931.0,2021,5,5,12,0,1
4309737,168,2021-05-05 16:00:00,2,Jackson Heights,1553.0,1621.0,2021,5,5,16,0,1
4310205,168,2021-05-05 20:00:00,2,Jackson Heights,899.0,1715.0,2021,5,5,20,0,1
4310663,168,2021-05-06 00:00:00,2,Jackson Heights,7.0,166.0,2021,5,6,0,0,1
4311119,168,2021-05-06 04:00:00,2,Jackson Heights,1429.0,181.0,2021,5,6,4,0,1
4311587,168,2021-05-06 08:00:00,2,Jackson Heights,2926.0,537.0,2021,5,6,8,0,1
4312055,168,2021-05-06 12:00:00,2,Jackson Heights,2085.0,900.0,2021,5,6,12,0,1
4312523,168,2021-05-06 16:00:00,2,Jackson Heights,1624.0,1684.0,2021,5,6,16,0,1
4312991,168,2021-05-06 20:00:00,2,Jackson Heights,997.0,1765.0,2021,5,6,20,0,1
4313451,168,2021-05-07 00:00:00,2,Jackson Heights,11.0,340.0,2021,5,7,0,0,1
4313913,168,2021-05-07 04:00:00,2,Jackson Heights,1444.0,202.0,2021,5,7,4,0,1
4314381,168,2021-05-07 08:00:00,2,Jackson Heights,2913.0,506.0,2021,5,7,8,0,1
4314849,168,2021-05-07 12:00:00,2,Jackson Heights,2021.0,904.0,2021,5,7,12,0,1
4315317,168,2021-05-07 16:00:00,2,Jackson Heights,1748.0,1647.0,2021,5,7,16,0,1
4315785,168,2021-05-07 20:00:00,2,Jackson Heights,1096.0,1713.0,2021,5,7,20,0,1
4316253,168,2021-05-08 00:00:00,2,Jackson Heights,113.0,697.0,2021,5,8,0,0,1
4316721,168,2021-05-08 04:00:00,2,Jackson Heights,586.0,146.0,2021,5,8,4,0,1
4317188,168,2021-05-08 08:00:00,2,Jackson Heights,1676.0,422.0,2021,5,8,8,0,1
4317655,168,2021-05-08 12:00:00,2,Jackson Heights,1931.0,879.0,2021,5,8,12,0,1
4318121,168,2021-05-08 16:00:00,2,Jackson Heights,1517.0,1265.0,2021,5,8,16,0,1
4318587,168,2021-05-08 20:00:00,2,Jackson Heights,803.0,1278.0,2021,5,8,20,0,1
4319054,168,2021-05-09 00:00:00,2,Jackson Heights,179.0,647.0,2021,5,9,0,0,1
4319519,168,2021-05-09 04:00:00,2,Jackson Heights,289.0,172.0,2021,5,9,4,0,1
4319986,168,2021-05-09 08:00:00,2,Jackson Heights,1266.0,281.0,2021,5,9,8,0,1
4320452,168,2021-05-09 12:00:00,2,Jackson Heights,1715.0,707.0,2021,5,9,12,0,1
4320920,168,2021-05-09 16:00:00,2,Jackson Heights,1236.0,1125.0,2021,5,9,16,0,1
4321384,168,2021-05-09 20:00:00,2,Jackson Heights,634.0,1015.0,2021,5,9,20,0,1
4321843,168,2021-05-10 00:00:00,2,Jackson Heights,0.0,59.0,2021,5,10,0,0,1
4322300,168,2021-05-10 04:00:00,2,Jackson Heights,1385.0,177.0,2021,5,10,4,0,1
4322768,168,2021-05-10 08:00:00,2,Jackson Heights,2743.0,523.0,2021,5,10,8,0,1
4323236,168,2021-05-10 12:00:00,2,Jackson Heights,1855.0,906.0,2021,5,10,12,0,1
4323704,168,2021-05-10 16:00:00,2,Jackson Heights,1535.0,1757.0,2021,5,10,16,0,1
4324172,168,2021-05-10 20:00:00,2,Jackson Heights,1064.0,1725.0,2021,5,10,20,0,1
4324627,168,2021-05-11 00:00:00,2,Jackson Heights,27.0,279.0,2021,5,11,0,0,1
4325083,168,2021-05-11 04:00:00,2,Jackson Heights,1477.0,162.0,2021,5,11,4,0,1
4325551,168,2021-05-11 08:00:00,2,Jackson Heights,2918.0,494.0,2021,5,11,8,0,1
4326019,168,2021-05-11 12:00:00,2,Jackson Heights,1946.0,871.0,2021,5,11,12,0,1
4326487,168,2021-05-11 16:00:00,2,Jackson Heights,1586.0,1741.0,2021,5,11,16,0,1
4326955,168,2021-05-11 20:00:00,2,Jackson Heights,988.0,1799.0,2021,5,11,20,0,1
4327410,168,2021-05-12 00:00:00,2,Jackson Heights,6.0,240.0,2021,5,12,0,0,1
4327870,168,2021-05-12 04:00:00,2,Jackson Heights,1422.0,171.0,2021,5,12,4,0,1
4328338,168,2021-05-12 08:00:00,2,Jackson Heights,2858.0,567.0,2021,5,12,8,0,1
4328806,168,2021-05-12 12:00:00,2,Jackson Heights,1994.0,943.0,2021,5,12,12,0,1
4329274,168,2021-05-12 16:00:00,2,Jackson Heights,1591.0,1692.0,2021,5,12,16,0,1
4329742,168,2021-05-12 20:00:00,2,Jackson Heights,977.0,1731.0,2021,5,12,20,0,1
4330198,168,2021-05-13 00:00:00,2,Jackson Heights,14.0,225.0,2021,5,13,0,0,1
4330658,168,2021-05-13 04:00:00,2,Jackson Heights,1382.0,176.0,2021,5,13,4,0,1
4331126,168,2021-05-13 08:00:00,2,Jackson Heights,2847.0,537.0,2021,5,13,8,0,1
4331594,168,2021-05-13 12:00:00,2,Jackson Heights,2048.0,925.0,2021,5,13,12,0,1
4332062,168,2021-05-13 16:00:00,2,Jackson Heights,1612.0,1660.0,2021,5,13,16,0,1
4332530,168,2021-05-13 20:00:00,2,Jackson Heights,965.0,1740.0,2021,5,13,20,0,1
4332985,168,2021-05-14 00:00:00,2,Jackson Heights,8.0,246.0,2021,5,14,0,0,1
4333448,168,2021-05-14 04:00:00,2,Jackson Heights,1204.0,201.0,2021,5,14,4,0,1
4333916,168,2021-05-14 08:00:00,2,Jackson Heights,2843.0,520.0,2021,5,14,8,0,1
4334384,168,2021-05-14 12:00:00,2,Jackson Heights,2004.0,893.0,2021,5,14,12,0,1
4334852,168,2021-05-14 16:00:00,2,Jackson Heights,1644.0,1638.0,2021,5,14,16,0,1
4335320,168,2021-05-14 20:00:00,2,Jackson Heights,1069.0,1708.0,2021,5,14,20,0,1
4335788,168,2021-05-15 00:00:00,2,Jackson Heights,130.0,626.0,2021,5,15,0,0,1
4336255,168,2021-05-15 04:00:00,2,Jackson Heights,624.0,211.0,2021,5,15,4,0,1
4336719,168,2021-05-15 08:00:00,2,Jackson Heights,1784.0,446.0,2021,5,15,8,0,1
4337186,168,2021-05-15 12:00:00,2,Jackson Heights,1990.0,831.0,2021,5,15,12,0,1
4337652,168,2021-05-15 16:00:00,2,Jackson Heights,1526.0,1158.0,2021,5,15,16,0,1
4338118,168,2021-05-15 20:00:00,2,Jackson Heights,864.0,1321.0,2021,5,15,20,0,1
4338583,168,2021-05-16 00:00:00,2,Jackson Heights,222.0,744.0,2021,5,16,0,0,1
4339049,168,2021-05-16 04:00:00,2,Jackson Heights,297.0,178.0,2021,5,16,4,0,1
4339514,168,2021-05-16 08:00:00,2,Jackson Heights,1245.0,286.0,2021,5,16,8,0,1
4339975,168,2021-05-16 12:00:00,2,Jackson Heights,1731.0,654.0,2021,5,16,12,0,1
4340443,168,2021-05-16 16:00:00,2,Jackson Heights,1292.0,985.0,2021,5,16,16,0,1
4340904,168,2021-05-16 20:00:00,2,Jackson Heights,677.0,1137.0,2021,5,16,20,0,1
4341368,168,2021-05-17 00:00:00,2,Jackson Heights,12.0,242.0,2021,5,17,0,0,1
4341827,168,2021-05-17 04:00:00,2,Jackson Heights,1325.0,134.0,2021,5,17,4,0,1
4342295,168,2021-05-17 08:00:00,2,Jackson Heights,2727.0,548.0,2021,5,17,8,0,1
4342763,168,2021-05-17 12:00:00,2,Jackson Heights,1993.0,982.0,2021,5,17,12,0,1
4343231,168,2021-05-17 16:00:00,2,Jackson Heights,1635.0,1719.0,2021,5,17,16,0,1
4343699,168,2021-05-17 20:00:00,2,Jackson Heights,1134.0,1650.0,2021,5,17,20,0,1
4344161,168,2021-05-18 00:00:00,2,Jackson Heights,69.0,294.0,2021,5,18,0,0,1
4344622,168,2021-05-18 04:00:00,2,Jackson Heights,1380.0,169.0,2021,5,18,4,0,1
4345090,168,2021-05-18 08:00:00,2,Jackson Heights,2787.0,550.0,2021,5,18,8,0,1
4345558,168,2021-05-18 12:00:00,2,Jackson Heights,2013.0,922.0,2021,5,18,12,0,1
4346026,168,2021-05-18 16:00:00,2,Jackson Heights,1700.0,1671.0,2021,5,18,16,0,1
4346494,168,2021-05-18 20:00:00,2,Jackson Heights,1015.0,1743.0,2021,5,18,20,0,1
4346956,168,2021-05-19 00:00:00,2,Jackson Heights,8.0,248.0,2021,5,19,0,0,1
4347417,168,2021-05-19 04:00:00,2,Jackson Heights,1488.0,170.0,2021,5,19,4,0,1
4347885,168,2021-05-19 08:00:00,2,Jackson Heights,2914.0,599.0,2021,5,19,8,0,1
4348353,168,2021-05-19 12:00:00,2,Jackson Heights,1950.0,915.0,2021,5,19,12,0,1
4348821,168,2021-05-19 16:00:00,2,Jackson Heights,1621.0,1651.0,2021,5,19,16,0,1
4349289,168,2021-05-19 20:00:00,2,Jackson Heights,1010.0,1811.0,2021,5,19,20,0,1
4349748,168,2021-05-20 00:00:00,2,Jackson Heights,8.0,266.0,2021,5,20,0,0,1
4350209,168,2021-05-20 04:00:00,2,Jackson Heights,1449.0,164.0,2021,5,20,4,0,1
4350677,168,2021-05-20 08:00:00,2,Jackson Heights,2922.0,525.0,2021,5,20,8,0,1
4351145,168,2021-05-20 12:00:00,2,Jackson Heights,2098.0,885.0,2021,5,20,12,0,1
4351613,168,2021-05-20 16:00:00,2,Jackson Heights,1617.0,1768.0,2021,5,20,16,0,1
4352081,168,2021-05-20 20:00:00,2,Jackson Heights,984.0,1802.0,2021,5,20,20,0,1
4352544,168,2021-05-21 00:00:00,2,Jackson Heights,32.0,399.0,2021,5,21,0,0,1
4353006,168,2021-05-21 04:00:00,2,Jackson Heights,1411.0,198.0,2021,5,21,4,0,1
4353474,168,2021-05-21 08:00:00,2,Jackson Heights,2809.0,508.0,2021,5,21,8,0,1
4353942,168,2021-05-21 12:00:00,2,Jackson Heights,1917.0,793.0,2021,5,21,12,0,1
4354410,168,2021-05-21 16:00:00,2,Jackson Heights,1652.0,1599.0,2021,5,21,16,0,1
4354878,168,2021-05-21 20:00:00,2,Jackson Heights,1084.0,1790.0,2021,5,21,20,0,1
4355345,168,2021-05-22 00:00:00,2,Jackson Heights,118.0,754.0,2021,5,22,0,0,1
4355809,168,2021-05-22 04:00:00,2,Jackson Heights,619.0,210.0,2021,5,22,4,0,1
4356273,168,2021-05-22 08:00:00,2,Jackson Heights,1808.0,450.0,2021,5,22,8,0,1
4356738,168,2021-05-22 12:00:00,2,Jackson Heights,2033.0,882.0,2021,5,22,12,0,1
4357201,168,2021-05-22 16:00:00,2,Jackson Heights,1538.0,1234.0,2021,5,22,16,0,1
4357666,168,2021-05-22 20:00:00,2,Jackson Heights,833.0,1315.0,2021,5,22,20,0,1
4358127,168,2021-05-23 00:00:00,2,Jackson Heights,205.0,697.0,2021,5,23,0,0,1
4358590,168,2021-05-23 04:00:00,2,Jackson Heights,270.0,175.0,2021,5,23,4,0,1
4359054,168,2021-05-23 08:00:00,2,Jackson Heights,1219.0,287.0,2021,5,23,8,0,1
4359514,168,2021-05-23 12:00:00,2,Jackson Heights,1661.0,632.0,2021,5,23,12,0,1
4359979,168,2021-05-23 16:00:00,2,Jackson Heights,1272.0,984.0,2021,5,23,16,0,1
4360435,168,2021-05-23 20:00:00,2,Jackson Heights,714.0,1153.0,2021,5,23,20,0,1
4360897,168,2021-05-24 00:00:00,2,Jackson Heights,22.0,442.0,2021,5,24,0,0,1
4361350,168,2021-05-24 04:00:00,2,Jackson Heights,1427.0,146.0,2021,5,24,4,0,1
4361818,168,2021-05-24 08:00:00,2,Jackson Heights,2818.0,523.0,2021,5,24,8,0,1
4362286,168,2021-05-24 12:00:00,2,Jackson Heights,1928.0,954.0,2021,5,24,12,0,1
4362754,168,2021-05-24 16:00:00,2,Jackson Heights,1601.0,1781.0,2021,5,24,16,0,1
4363222,168,2021-05-24 20:00:00,2,Jackson Heights,1066.0,1739.0,2021,5,24,20,0,1
4363678,168,2021-05-25 00:00:00,2,Jackson Heights,45.0,457.0,2021,5,25,0,0,1
4364137,168,2021-05-25 04:00:00,2,Jackson Heights,1375.0,199.0,2021,5,25,4,0,1
4364605,168,2021-05-25 08:00:00,2,Jackson Heights,2804.0,561.0,2021,5,25,8,0,1
4365073,168,2021-05-25 12:00:00,2,Jackson Heights,2046.0,909.0,2021,5,25,12,0,1
4365541,168,2021-05-25 16:00:00,2,Jackson Heights,1706.0,1765.0,2021,5,25,16,0,1
4366009,168,2021-05-25 20:00:00,2,Jackson Heights,1043.0,1801.0,2021,5,25,20,0,1
4366468,168,2021-05-26 00:00:00,2,Jackson Heights,4.0,272.0,2021,5,26,0,0,1
4366929,168,2021-05-26 04:00:00,2,Jackson Heights,1496.0,188.0,2021,5,26,4,0,1
4367397,168,2021-05-26 08:00:00,2,Jackson Heights,2902.0,568.0,2021,5,26,8,0,1
4367865,168,2021-05-26 12:00:00,2,Jackson Heights,2008.0,892.0,2021,5,26,12,0,1
4368333,168,2021-05-26 16:00:00,2,Jackson Heights,1653.0,1675.0,2021,5,26,16,0,1
4368801,168,2021-05-26 20:00:00,2,Jackson Heights,934.0,1751.0,2021,5,26,20,0,1
4369261,168,2021-05-27 00:00:00,2,Jackson Heights,2.0,161.0,2021,5,27,0,0,1
4369724,168,2021-05-27 04:00:00,2,Jackson Heights,1432.0,177.0,2021,5,27,4,0,1
4370192,168,2021-05-27 08:00:00,2,Jackson Heights,2869.0,551.0,2021,5,27,8,0,1
4370660,168,2021-05-27 12:00:00,2,Jackson Heights,2066.0,854.0,2021,5,27,12,0,1
4371128,168,2021-05-27 16:00:00,2,Jackson Heights,1622.0,1589.0,2021,5,27,16,0,1
4371596,168,2021-05-27 20:00:00,2,Jackson Heights,941.0,1786.0,2021,5,27,20,0,1
4372058,168,2021-05-28 00:00:00,2,Jackson Heights,15.0,275.0,2021,5,28,0,0,1
4372523,168,2021-05-28 04:00:00,2,Jackson Heights,1392.0,207.0,2021,5,28,4,0,1
4372991,168,2021-05-28 08:00:00,2,Jackson Heights,2843.0,548.0,2021,5,28,8,0,1
4373459,168,2021-05-28 12:00:00,2,Jackson Heights,2108.0,930.0,2021,5,28,12,0,1
4373927,168,2021-05-28 16:00:00,2,Jackson Heights,1751.0,1706.0,2021,5,28,16,0,1
4374395,168,2021-05-28 20:00:00,2,Jackson Heights,997.0,1711.0,2021,5,28,20,0,1
4374863,168,2021-05-29 00:00:00,2,Jackson Heights,87.0,535.0,2021,5,29,0,0,1
4375330,168,2021-05-29 04:00:00,2,Jackson Heights,529.0,148.0,2021,5,29,4,0,1
4375798,168,2021-05-29 08:00:00,2,Jackson Heights,1592.0,428.0,2021,5,29,8,0,1
4376265,168,2021-05-29 12:00:00,2,Jackson Heights,1836.0,848.0,2021,5,29,12,0,1
4376731,168,2021-05-29 16:00:00,2,Jackson Heights,1398.0,1144.0,2021,5,29,16,0,1
4377196,168,2021-05-29 20:00:00,2,Jackson Heights,798.0,1193.0,2021,5,29,20,0,1
4377664,168,2021-05-30 00:00:00,2,Jackson Heights,206.0,626.0,2021,5,30,0,0,1
4378130,168,2021-05-30 04:00:00,2,Jackson Heights,265.0,157.0,2021,5,30,4,0,1
4378596,168,2021-05-30 08:00:00,2,Jackson Heights,1095.0,305.0,2021,5,30,8,0,1
4379062,168,2021-05-30 12:00:00,2,Jackson Heights,1512.0,666.0,2021,5,30,12,0,1
4379530,168,2021-05-30 16:00:00,2,Jackson Heights,1135.0,886.0,2021,5,30,16,0,1
4379992,168,2021-05-30 20:00:00,2,Jackson Heights,570.0,913.0,2021,5,30,20,0,1
4380460,168,2021-05-31 00:00:00,2,Jackson Heights,77.0,508.0,2021,5,31,0,1,1
4380927,168,2021-05-31 04:00:00,2,Jackson Heights,548.0,127.0,2021,5,31,4,1,1
4381394,168,2021-05-31 08:00:00,2,Jackson Heights,1493.0,321.0,2021,5,31,8,1,1
4381862,168,2021-05-31 12:00:00,2,Jackson Heights,1794.0,706.0,2021,5,31,12,1,1
4382330,168,2021-05-31 16:00:00,2,Jackson Heights,1471.0,1212.0,2021,5,31,16,1,1
4382798,168,2021-05-31 20:00:00,2,Jackson Heights,832.0,1308.0,2021,5,31,20,1,1
4383260,168,2021-06-01 00:00:00,2,Jackson Heights,29.0,451.0,2021,6,1,0,0,1
4383725,168,2021-06-01 04:00:00,2,Jackson Heights,1439.0,142.0,2021,6,1,4,0,1
4384193,168,2021-06-01 08:00:00,2,Jackson Heights,2911.0,528.0,2021,6,1,8,0,1
4384661,168,2021-06-01 12:00:00,2,Jackson Heights,2028.0,883.0,2021,6,1,12,0,1
4385129,168,2021-06-01 16:00:00,2,Jackson Heights,1632.0,1691.0,2021,6,1,16,0,1
4385597,168,2021-06-01 20:00:00,2,Jackson Heights,1013.0,1790.0,2021,6,1,20,0,1
4386055,168,2021-06-02 00:00:00,2,Jackson Heights,13.0,246.0,2021,6,2,0,0,1
4386516,168,2021-06-02 04:00:00,2,Jackson Heights,1519.0,174.0,2021,6,2,4,0,1
4386984,168,2021-06-02 08:00:00,2,Jackson Heights,2974.0,504.0,2021,6,2,8,0,1
4387452,168,2021-06-02 12:00:00,2,Jackson Heights,2010.0,860.0,2021,6,2,12,0,1
4387920,168,2021-06-02 16:00:00,2,Jackson Heights,1657.0,1789.0,2021,6,2,16,0,1
4388388,168,2021-06-02 20:00:00,2,Jackson Heights,1023.0,1882.0,2021,6,2,20,0,1
4388850,168,2021-06-03 00:00:00,2,Jackson Heights,23.0,286.0,2021,6,3,0,0,1
4389312,168,2021-06-03 04:00:00,2,Jackson Heights,1144.0,192.0,2021,6,3,4,0,1
4389780,168,2021-06-03 08:00:00,2,Jackson Heights,2832.0,532.0,2021,6,3,8,0,1
4390248,168,2021-06-03 12:00:00,2,Jackson Heights,2048.0,869.0,2021,6,3,12,0,1
4390716,168,2021-06-03 16:00:00,2,Jackson Heights,1606.0,1620.0,2021,6,3,16,0,1
4391184,168,2021-06-03 20:00:00,2,Jackson Heights,947.0,1744.0,2021,6,3,20,0,1
4391639,168,2021-06-04 00:00:00,2,Jackson Heights,7.0,180.0,2021,6,4,0,0,1
4392099,168,2021-06-04 04:00:00,2,Jackson Heights,1452.0,201.0,2021,6,4,4,0,1
4392567,168,2021-06-04 08:00:00,2,Jackson Heights,2938.0,521.0,2021,6,4,8,0,1
4393035,168,2021-06-04 12:00:00,2,Jackson Heights,2108.0,877.0,2021,6,4,12,0,1
4393503,168,2021-06-04 16:00:00,2,Jackson Heights,1657.0,1620.0,2021,6,4,16,0,1
4393971,168,2021-06-04 20:00:00,2,Jackson Heights,988.0,1667.0,2021,6,4,20,0,1
4394439,168,2021-06-05 00:00:00,2,Jackson Heights,113.0,663.0,2021,6,5,0,0,1
4394907,168,2021-06-05 04:00:00,2,Jackson Heights,673.0,195.0,2021,6,5,4,0,1
4395374,168,2021-06-05 08:00:00,2,Jackson Heights,1903.0,506.0,2021,6,5,8,0,1
4395842,168,2021-06-05 12:00:00,2,Jackson Heights,2059.0,863.0,2021,6,5,12,0,1
4396310,168,2021-06-05 16:00:00,2,Jackson Heights,1601.0,1045.0,2021,6,5,16,0,1
4396778,168,2021-06-05 20:00:00,2,Jackson Heights,903.0,1273.0,2021,6,5,20,0,1
4397246,168,2021-06-06 00:00:00,2,Jackson Heights,229.0,696.0,2021,6,6,0,0,1
4397714,168,2021-06-06 04:00:00,2,Jackson Heights,366.0,185.0,2021,6,6,4,0,1
4398182,168,2021-06-06 08:00:00,2,Jackson Heights,1252.0,316.0,2021,6,6,8,0,1
4398650,168,2021-06-06 12:00:00,2,Jackson Heights,1776.0,691.0,2021,6,6,12,0,1
4399118,168,2021-06-06 16:00:00,2,Jackson Heights,1374.0,955.0,2021,6,6,16,0,1
4399586,168,2021-06-06 20:00:00,2,Jackson Heights,737.0,1119.0,2021,6,6,20,0,1
4400050,168,2021-06-07 00:00:00,2,Jackson Heights,40.0,490.0,2021,6,7,0,0,1
4400510,168,2021-06-07 04:00:00,2,Jackson Heights,1407.0,179.0,2021,6,7,4,0,1
4400978,168,2021-06-07 08:00:00,2,Jackson Heights,2687.0,575.0,2021,6,7,8,0,1
4401446,168,2021-06-07 12:00:00,2,Jackson Heights,1909.0,977.0,2021,6,7,12,0,1
4401914,168,2021-06-07 16:00:00,2,Jackson Heights,1588.0,1674.0,2021,6,7,16,0,1
4402382,168,2021-06-07 20:00:00,2,Jackson Heights,965.0,1691.0,2021,6,7,20,0,1
4402841,168,2021-06-08 00:00:00,2,Jackson Heights,30.0,420.0,2021,6,8,0,0,1
4403302,168,2021-06-08 04:00:00,2,Jackson Heights,1492.0,179.0,2021,6,8,4,0,1
4403770,168,2021-06-08 08:00:00,2,Jackson Heights,2946.0,549.0,2021,6,8,8,0,1
4404238,168,2021-06-08 12:00:00,2,Jackson Heights,2018.0,918.0,2021,6,8,12,0,1
4404706,168,2021-06-08 16:00:00,2,Jackson Heights,1526.0,1817.0,2021,6,8,16,0,1
4405174,168,2021-06-08 20:00:00,2,Jackson Heights,894.0,1840.0,2021,6,8,20,0,1
4405634,168,2021-06-09 00:00:00,2,Jackson Heights,24.0,269.0,2021,6,9,0,0,1
4406094,168,2021-06-09 04:00:00,2,Jackson Heights,1435.0,178.0,2021,6,9,4,0,1
4406562,168,2021-06-09 08:00:00,2,Jackson Heights,2992.0,592.0,2021,6,9,8,0,1
4407030,168,2021-06-09 12:00:00,2,Jackson Heights,2195.0,953.0,2021,6,9,12,0,1
4407498,168,2021-06-09 16:00:00,2,Jackson Heights,1724.0,1678.0,2021,6,9,16,0,1
4407966,168,2021-06-09 20:00:00,2,Jackson Heights,1054.0,1832.0,2021,6,9,20,0,1
4408426,168,2021-06-10 00:00:00,2,Jackson Heights,19.0,530.0,2021,6,10,0,0,1
4408888,168,2021-06-10 04:00:00,2,Jackson Heights,1493.0,224.0,2021,6,10,4,0,1
4409356,168,2021-06-10 08:00:00,2,Jackson Heights,3015.0,549.0,2021,6,10,8,0,1
4409824,168,2021-06-10 12:00:00,2,Jackson Heights,2108.0,866.0,2021,6,10,12,0,1
4410292,168,2021-06-10 16:00:00,2,Jackson Heights,1654.0,1624.0,2021,6,10,16,0,1
4410760,168,2021-06-10 20:00:00,2,Jackson Heights,1063.0,1845.0,2021,6,10,20,0,1
4411219,168,2021-06-11 00:00:00,2,Jackson Heights,30.0,372.0,2021,6,11,0,0,1
4411683,168,2021-06-11 04:00:00,2,Jackson Heights,1460.0,219.0,2021,6,11,4,0,1
4412151,168,2021-06-11 08:00:00,2,Jackson Heights,3009.0,531.0,2021,6,11,8,0,1
4412619,168,2021-06-11 12:00:00,2,Jackson Heights,2081.0,873.0,2021,6,11,12,0,1
4413087,168,2021-06-11 16:00:00,2,Jackson Heights,1753.0,1595.0,2021,6,11,16,0,1
4413555,168,2021-06-11 20:00:00,2,Jackson Heights,1149.0,1799.0,2021,6,11,20,0,1
4414023,168,2021-06-12 00:00:00,2,Jackson Heights,124.0,805.0,2021,6,12,0,0,1
4414491,168,2021-06-12 04:00:00,2,Jackson Heights,633.0,249.0,2021,6,12,4,0,1
4414955,168,2021-06-12 08:00:00,2,Jackson Heights,1795.0,471.0,2021,6,12,8,0,1
4415423,168,2021-06-12 12:00:00,2,Jackson Heights,2065.0,917.0,2021,6,12,12,0,1
4415890,168,2021-06-12 16:00:00,2,Jackson Heights,1607.0,1298.0,2021,6,12,16,0,1
4416358,168,2021-06-12 20:00:00,2,Jackson Heights,871.0,1364.0,2021,6,12,20,0,1
4416826,168,2021-06-13 00:00:00,2,Jackson Heights,239.0,767.0,2021,6,13,0,0,1
4417294,168,2021-06-13 04:00:00,2,Jackson Heights,309.0,218.0,2021,6,13,4,0,1
4417760,168,2021-06-13 08:00:00,2,Jackson Heights,1302.0,310.0,2021,6,13,8,0,1
4418227,168,2021-06-13 12:00:00,2,Jackson Heights,1829.0,609.0,2021,6,13,12,0,1
4418695,168,2021-06-13 16:00:00,2,Jackson Heights,1318.0,1039.0,2021,6,13,16,0,1
4419163,168,2021-06-13 20:00:00,2,Jackson Heights,708.0,1235.0,2021,6,13,20,0,1
4419623,168,2021-06-14 00:00:00,2,Jackson Heights,20.0,270.0,2021,6,14,0,0,1
4420086,168,2021-06-14 04:00:00,2,Jackson Heights,1387.0,150.0,2021,6,14,4,0,1
4420553,168,2021-06-14 08:00:00,2,Jackson Heights,2746.0,587.0,2021,6,14,8,0,1
4421021,168,2021-06-14 12:00:00,2,Jackson Heights,2011.0,978.0,2021,6,14,12,0,1
4421489,168,2021-06-14 16:00:00,2,Jackson Heights,1680.0,1756.0,2021,6,14,16,0,1
4421957,168,2021-06-14 20:00:00,2,Jackson Heights,1089.0,1886.0,2021,6,14,20,0,1
4422416,168,2021-06-15 00:00:00,2,Jackson Heights,59.0,522.0,2021,6,15,0,0,1
4422878,168,2021-06-15 04:00:00,2,Jackson Heights,1439.0,181.0,2021,6,15,4,0,1
4423346,168,2021-06-15 08:00:00,2,Jackson Heights,2999.0,617.0,2021,6,15,8,0,1
4423814,168,2021-06-15 12:00:00,2,Jackson Heights,2183.0,985.0,2021,6,15,12,0,1
4424282,168,2021-06-15 16:00:00,2,Jackson Heights,1697.0,1666.0,2021,6,15,16,0,1
4424750,168,2021-06-15 20:00:00,2,Jackson Heights,1024.0,1805.0,2021,6,15,20,0,1
4425211,168,2021-06-16 00:00:00,2,Jackson Heights,19.0,430.0,2021,6,16,0,0,1
4425673,168,2021-06-16 04:00:00,2,Jackson Heights,1521.0,190.0,2021,6,16,4,0,1
4426141,168,2021-06-16 08:00:00,2,Jackson Heights,3054.0,595.0,2021,6,16,8,0,1
4426609,168,2021-06-16 12:00:00,2,Jackson Heights,2158.0,947.0,2021,6,16,12,0,1
4427077,168,2021-06-16 16:00:00,2,Jackson Heights,1791.0,1715.0,2021,6,16,16,0,1
4427545,168,2021-06-16 20:00:00,2,Jackson Heights,1105.0,1895.0,2021,6,16,20,0,1
4428009,168,2021-06-17 00:00:00,2,Jackson Heights,15.0,386.0,2021,6,17,0,0,1
4428470,168,2021-06-17 04:00:00,2,Jackson Heights,1524.0,191.0,2021,6,17,4,0,1
4428938,168,2021-06-17 08:00:00,2,Jackson Heights,3041.0,550.0,2021,6,17,8,0,1
4429406,168,2021-06-17 12:00:00,2,Jackson Heights,2087.0,893.0,2021,6,17,12,0,1
4429874,168,2021-06-17 16:00:00,2,Jackson Heights,1634.0,1684.0,2021,6,17,16,0,1
4430342,168,2021-06-17 20:00:00,2,Jackson Heights,1062.0,1892.0,2021,6,17,20,0,1
4430806,168,2021-06-18 00:00:00,2,Jackson Heights,38.0,519.0,2021,6,18,0,1,1
4431271,168,2021-06-18 04:00:00,2,Jackson Heights,1443.0,226.0,2021,6,18,4,1,1
4431739,168,2021-06-18 08:00:00,2,Jackson Heights,3025.0,568.0,2021,6,18,8,1,1
4432207,168,2021-06-18 12:00:00,2,Jackson Heights,2175.0,912.0,2021,6,18,12,1,1
4432675,168,2021-06-18 16:00:00,2,Jackson Heights,1776.0,1655.0,2021,6,18,16,1,1
4433143,168,2021-06-18 20:00:00,2,Jackson Heights,1167.0,1857.0,2021,6,18,20,1,1
4433611,168,2021-06-19 00:00:00,2,Jackson Heights,177.0,816.0,2021,6,19,0,1,1
4434078,168,2021-06-19 04:00:00,2,Jackson Heights,520.0,237.0,2021,6,19,4,1,1
4434544,168,2021-06-19 08:00:00,2,Jackson Heights,1583.0,308.0,2021,6,19,8,1,1
4435010,168,2021-06-19 12:00:00,2,Jackson Heights,1725.0,464.0,2021,6,19,12,1,1
4435477,168,2021-06-19 16:00:00,2,Jackson Heights,1205.0,578.0,2021,6,19,16,1,1
4435943,168,2021-06-19 20:00:00,2,Jackson Heights,649.0,691.0,2021,6,19,20,1,1
4436410,168,2021-06-20 00:00:00,2,Jackson Heights,188.0,480.0,2021,6,20,0,0,1
4436876,168,2021-06-20 04:00:00,2,Jackson Heights,154.0,174.0,2021,6,20,4,0,1
4437343,168,2021-06-20 08:00:00,2,Jackson Heights,905.0,178.0,2021,6,20,8,0,1
4437806,168,2021-06-20 12:00:00,2,Jackson Heights,1485.0,331.0,2021,6,20,12,0,1
4438273,168,2021-06-20 16:00:00,2,Jackson Heights,1113.0,482.0,2021,6,20,16,0,1
4438735,168,2021-06-20 20:00:00,2,Jackson Heights,626.0,693.0,2021,6,20,20,0,1
4439197,168,2021-06-21 00:00:00,2,Jackson Heights,52.0,348.0,2021,6,21,0,0,1
4439657,168,2021-06-21 04:00:00,2,Jackson Heights,1437.0,181.0,2021,6,21,4,0,1
4440125,168,2021-06-21 08:00:00,2,Jackson Heights,2833.0,572.0,2021,6,21,8,0,1
4440593,168,2021-06-21 12:00:00,2,Jackson Heights,1900.0,960.0,2021,6,21,12,0,1
4441061,168,2021-06-21 16:00:00,2,Jackson Heights,1515.0,1673.0,2021,6,21,16,0,1
4441529,168,2021-06-21 20:00:00,2,Jackson Heights,968.0,1787.0,2021,6,21,20,0,1
4441990,168,2021-06-22 00:00:00,2,Jackson Heights,31.0,426.0,2021,6,22,0,0,1
4442451,168,2021-06-22 04:00:00,2,Jackson Heights,1394.0,207.0,2021,6,22,4,0,1
4442918,168,2021-06-22 08:00:00,2,Jackson Heights,2817.0,564.0,2021,6,22,8,0,1
4443386,168,2021-06-22 12:00:00,2,Jackson Heights,1884.0,984.0,2021,6,22,12,0,1
4443854,168,2021-06-22 16:00:00,2,Jackson Heights,1431.0,1700.0,2021,6,22,16,0,1
4444322,168,2021-06-22 20:00:00,2,Jackson Heights,924.0,1717.0,2021,6,22,20,0,1
4444782,168,2021-06-23 00:00:00,2,Jackson Heights,3.0,199.0,2021,6,23,0,0,1
4445242,168,2021-06-23 04:00:00,2,Jackson Heights,1536.0,204.0,2021,6,23,4,0,1
4445710,168,2021-06-23 08:00:00,2,Jackson Heights,2984.0,622.0,2021,6,23,8,0,1
4446178,168,2021-06-23 12:00:00,2,Jackson Heights,2077.0,975.0,2021,6,23,12,0,1
4446646,168,2021-06-23 16:00:00,2,Jackson Heights,1689.0,1772.0,2021,6,23,16,0,1
4447114,168,2021-06-23 20:00:00,2,Jackson Heights,1013.0,1890.0,2021,6,23,20,0,1
4447576,168,2021-06-24 00:00:00,2,Jackson Heights,22.0,410.0,2021,6,24,0,0,1
4448039,168,2021-06-24 04:00:00,2,Jackson Heights,1486.0,214.0,2021,6,24,4,0,1
4448507,168,2021-06-24 08:00:00,2,Jackson Heights,2995.0,534.0,2021,6,24,8,0,1
4448975,168,2021-06-24 12:00:00,2,Jackson Heights,2063.0,870.0,2021,6,24,12,0,1
4449443,168,2021-06-24 16:00:00,2,Jackson Heights,1629.0,1693.0,2021,6,24,16,0,1
4449911,168,2021-06-24 20:00:00,2,Jackson Heights,1059.0,1815.0,2021,6,24,20,0,1
4450374,168,2021-06-25 00:00:00,2,Jackson Heights,43.0,414.0,2021,6,25,0,0,1
4450841,168,2021-06-25 04:00:00,2,Jackson Heights,1421.0,234.0,2021,6,25,4,0,1
4451309,168,2021-06-25 08:00:00,2,Jackson Heights,2974.0,551.0,2021,6,25,8,0,1
4451777,168,2021-06-25 12:00:00,2,Jackson Heights,2083.0,976.0,2021,6,25,12,0,1
4452245,168,2021-06-25 16:00:00,2,Jackson Heights,1721.0,1696.0,2021,6,25,16,0,1
4452713,168,2021-06-25 20:00:00,2,Jackson Heights,1162.0,1811.0,2021,6,25,20,0,1
4453181,168,2021-06-26 00:00:00,2,Jackson Heights,165.0,784.0,2021,6,26,0,0,1
4453648,168,2021-06-26 04:00:00,2,Jackson Heights,624.0,212.0,2021,6,26,4,0,1
4454112,168,2021-06-26 08:00:00,2,Jackson Heights,1831.0,467.0,2021,6,26,8,0,1
4454580,168,2021-06-26 12:00:00,2,Jackson Heights,2062.0,923.0,2021,6,26,12,0,1
4455046,168,2021-06-26 16:00:00,2,Jackson Heights,1652.0,1243.0,2021,6,26,16,0,1
4455514,168,2021-06-26 20:00:00,2,Jackson Heights,1004.0,1306.0,2021,6,26,20,0,1
4455981,168,2021-06-27 00:00:00,2,Jackson Heights,261.0,744.0,2021,6,27,0,0,1
4456449,168,2021-06-27 04:00:00,2,Jackson Heights,313.0,195.0,2021,6,27,4,0,1
4456915,168,2021-06-27 08:00:00,2,Jackson Heights,1301.0,345.0,2021,6,27,8,0,1
4457381,168,2021-06-27 12:00:00,2,Jackson Heights,1799.0,725.0,2021,6,27,12,0,1
4457849,168,2021-06-27 16:00:00,2,Jackson Heights,1234.0,1092.0,2021,6,27,16,0,1
4458317,168,2021-06-27 20:00:00,2,Jackson Heights,638.0,1225.0,2021,6,27,20,0,1
4458781,168,2021-06-28 00:00:00,2,Jackson Heights,36.0,360.0,2021,6,28,0,0,1
4459246,168,2021-06-28 04:00:00,2,Jackson Heights,1265.0,153.0,2021,6,28,4,0,1
4459714,168,2021-06-28 08:00:00,2,Jackson Heights,2627.0,600.0,2021,6,28,8,0,1
4460182,168,2021-06-28 12:00:00,2,Jackson Heights,1984.0,960.0,2021,6,28,12,0,1
4460650,168,2021-06-28 16:00:00,2,Jackson Heights,1601.0,1691.0,2021,6,28,16,0,1
4461118,168,2021-06-28 20:00:00,2,Jackson Heights,1025.0,1755.0,2021,6,28,20,0,1
4461582,168,2021-06-29 00:00:00,2,Jackson Heights,57.0,371.0,2021,6,29,0,0,1
4462043,168,2021-06-29 04:00:00,2,Jackson Heights,1222.0,184.0,2021,6,29,4,0,1
4462511,168,2021-06-29 08:00:00,2,Jackson Heights,2748.0,544.0,2021,6,29,8,0,1
4462979,168,2021-06-29 12:00:00,2,Jackson Heights,1982.0,894.0,2021,6,29,12,0,1
4463447,168,2021-06-29 16:00:00,2,Jackson Heights,1479.0,1592.0,2021,6,29,16,0,1
4463915,168,2021-06-29 20:00:00,2,Jackson Heights,963.0,1701.0,2021,6,29,20,0,1
4464378,168,2021-06-30 00:00:00,2,Jackson Heights,70.0,542.0,2021,6,30,0,0,1
4464839,168,2021-06-30 04:00:00,2,Jackson Heights,1270.0,193.0,2021,6,30,4,0,1
4465307,168,2021-06-30 08:00:00,2,Jackson Heights,2754.0,547.0,2021,6,30,8,0,1
4465775,168,2021-06-30 12:00:00,2,Jackson Heights,2020.0,891.0,2021,6,30,12,0,1
4466243,168,2021-06-30 16:00:00,2,Jackson Heights,1517.0,1676.0,2021,6,30,16,0,1
4466711,168,2021-06-30 20:00:00,2,Jackson Heights,1004.0,1820.0,2021,6,30,20,0,1
4467174,168,2021-07-01 00:00:00,2,Jackson Heights,57.0,408.0,2021,7,1,0,0,1
4467639,168,2021-07-01 04:00:00,2,Jackson Heights,1390.0,191.0,2021,7,1,4,0,1
4468107,168,2021-07-01 08:00:00,2,Jackson Heights,2815.0,548.0,2021,7,1,8,0,1
4468575,168,2021-07-01 12:00:00,2,Jackson Heights,1934.0,886.0,2021,7,1,12,0,1
4469043,168,2021-07-01 16:00:00,2,Jackson Heights,1427.0,1668.0,2021,7,1,16,0,1
4469511,168,2021-07-01 20:00:00,2,Jackson Heights,843.0,1744.0,2021,7,1,20,0,1
4469972,168,2021-07-02 00:00:00,2,Jackson Heights,116.0,444.0,2021,7,2,0,0,1
4470436,168,2021-07-02 04:00:00,2,Jackson Heights,1370.0,211.0,2021,7,2,4,0,1
4470904,168,2021-07-02 08:00:00,2,Jackson Heights,2681.0,533.0,2021,7,2,8,0,1
4471372,168,2021-07-02 12:00:00,2,Jackson Heights,2126.0,1007.0,2021,7,2,12,0,1
4471840,168,2021-07-02 16:00:00,2,Jackson Heights,1622.0,1719.0,2021,7,2,16,0,1
4472308,168,2021-07-02 20:00:00,2,Jackson Heights,958.0,1764.0,2021,7,2,20,0,1
4472776,168,2021-07-03 00:00:00,2,Jackson Heights,183.0,717.0,2021,7,3,0,0,1
4473244,168,2021-07-03 04:00:00,2,Jackson Heights,529.0,209.0,2021,7,3,4,0,1
4473711,168,2021-07-03 08:00:00,2,Jackson Heights,1637.0,459.0,2021,7,3,8,0,1
4474179,168,2021-07-03 12:00:00,2,Jackson Heights,1903.0,817.0,2021,7,3,12,0,1
4474645,168,2021-07-03 16:00:00,2,Jackson Heights,1523.0,1139.0,2021,7,3,16,0,1
4475113,168,2021-07-03 20:00:00,2,Jackson Heights,948.0,1276.0,2021,7,3,20,0,1
4475581,168,2021-07-04 00:00:00,2,Jackson Heights,261.0,707.0,2021,7,4,0,1,1
4476049,168,2021-07-04 04:00:00,2,Jackson Heights,261.0,185.0,2021,7,4,4,1,1
4476516,168,2021-07-04 08:00:00,2,Jackson Heights,1105.0,298.0,2021,7,4,8,1,1
4476984,168,2021-07-04 12:00:00,2,Jackson Heights,1509.0,621.0,2021,7,4,12,1,1
4477452,168,2021-07-04 16:00:00,2,Jackson Heights,1306.0,945.0,2021,7,4,16,1,1
4477918,168,2021-07-04 20:00:00,2,Jackson Heights,876.0,1294.0,2021,7,4,20,1,1
4478386,168,2021-07-05 00:00:00,2,Jackson Heights,220.0,777.0,2021,7,5,0,1,1
4478851,168,2021-07-05 04:00:00,2,Jackson Heights,456.0,116.0,2021,7,5,4,1,1
4479315,168,2021-07-05 08:00:00,2,Jackson Heights,1456.0,386.0,2021,7,5,8,1,1
4479782,168,2021-07-05 12:00:00,2,Jackson Heights,1738.0,774.0,2021,7,5,12,1,1
4480250,168,2021-07-05 16:00:00,2,Jackson Heights,1417.0,1248.0,2021,7,5,16,1,1
4480718,168,2021-07-05 20:00:00,2,Jackson Heights,898.0,1415.0,2021,7,5,20,1,1
4481182,168,2021-07-06 00:00:00,2,Jackson Heights,81.0,421.0,2021,7,6,0,0,1
4481641,168,2021-07-06 04:00:00,2,Jackson Heights,1408.0,138.0,2021,7,6,4,0,1
4482109,168,2021-07-06 08:00:00,2,Jackson Heights,2792.0,613.0,2021,7,6,8,0,1
4482577,168,2021-07-06 12:00:00,2,Jackson Heights,1919.0,981.0,2021,7,6,12,0,1
4483045,168,2021-07-06 16:00:00,2,Jackson Heights,1548.0,1723.0,2021,7,6,16,0,1
4483513,168,2021-07-06 20:00:00,2,Jackson Heights,937.0,1763.0,2021,7,6,20,0,1
4483971,168,2021-07-07 00:00:00,2,Jackson Heights,9.0,371.0,2021,7,7,0,0,1
4484426,168,2021-07-07 04:00:00,2,Jackson Heights,1473.0,207.0,2021,7,7,4,0,1
4484894,168,2021-07-07 08:00:00,2,Jackson Heights,2958.0,620.0,2021,7,7,8,0,1
4485362,168,2021-07-07 12:00:00,2,Jackson Heights,1978.0,994.0,2021,7,7,12,0,1
4485830,168,2021-07-07 16:00:00,2,Jackson Heights,1558.0,1785.0,2021,7,7,16,0,1
4486298,168,2021-07-07 20:00:00,2,Jackson Heights,1058.0,1802.0,2021,7,7,20,0,1
4486759,168,2021-07-08 00:00:00,2,Jackson Heights,34.0,328.0,2021,7,8,0,0,1
4487221,168,2021-07-08 04:00:00,2,Jackson Heights,1452.0,211.0,2021,7,8,4,0,1
4487689,168,2021-07-08 08:00:00,2,Jackson Heights,2998.0,562.0,2021,7,8,8,0,1
4488157,168,2021-07-08 12:00:00,2,Jackson Heights,2122.0,931.0,2021,7,8,12,0,1
4488625,168,2021-07-08 16:00:00,2,Jackson Heights,1523.0,1704.0,2021,7,8,16,0,1
4489093,168,2021-07-08 20:00:00,2,Jackson Heights,878.0,1815.0,2021,7,8,20,0,1
4489554,168,2021-07-09 00:00:00,2,Jackson Heights,25.0,537.0,2021,7,9,0,0,1
4490016,168,2021-07-09 04:00:00,2,Jackson Heights,1261.0,199.0,2021,7,9,4,0,1
4490484,168,2021-07-09 08:00:00,2,Jackson Heights,2726.0,546.0,2021,7,9,8,0,1
4490952,168,2021-07-09 12:00:00,2,Jackson Heights,2092.0,962.0,2021,7,9,12,0,1
4491420,168,2021-07-09 16:00:00,2,Jackson Heights,1746.0,1715.0,2021,7,9,16,0,1
4491888,168,2021-07-09 20:00:00,2,Jackson Heights,1176.0,1785.0,2021,7,9,20,0,1
4492356,168,2021-07-10 00:00:00,2,Jackson Heights,205.0,738.0,2021,7,10,0,0,1
4492822,168,2021-07-10 04:00:00,2,Jackson Heights,668.0,217.0,2021,7,10,4,0,1
4493283,168,2021-07-10 08:00:00,2,Jackson Heights,1893.0,487.0,2021,7,10,8,0,1
4493750,168,2021-07-10 12:00:00,2,Jackson Heights,2023.0,862.0,2021,7,10,12,0,1
4494214,168,2021-07-10 16:00:00,2,Jackson Heights,1660.0,1286.0,2021,7,10,16,0,1
4494680,168,2021-07-10 20:00:00,2,Jackson Heights,1066.0,1501.0,2021,7,10,20,0,1
4495144,168,2021-07-11 00:00:00,2,Jackson Heights,273.0,792.0,2021,7,11,0,0,1
4495609,168,2021-07-11 04:00:00,2,Jackson Heights,337.0,181.0,2021,7,11,4,0,1
4496076,168,2021-07-11 08:00:00,2,Jackson Heights,1351.0,338.0,2021,7,11,8,0,1
4496540,168,2021-07-11 12:00:00,2,Jackson Heights,1762.0,615.0,2021,7,11,12,0,1
4497007,168,2021-07-11 16:00:00,2,Jackson Heights,1382.0,1002.0,2021,7,11,16,0,1
4497466,168,2021-07-11 20:00:00,2,Jackson Heights,794.0,1188.0,2021,7,11,20,0,1
4497929,168,2021-07-12 00:00:00,2,Jackson Heights,54.0,350.0,2021,7,12,0,0,1
4498385,168,2021-07-12 04:00:00,2,Jackson Heights,1412.0,248.0,2021,7,12,4,0,1
4498853,168,2021-07-12 08:00:00,2,Jackson Heights,2753.0,606.0,2021,7,12,8,0,1
4499321,168,2021-07-12 12:00:00,2,Jackson Heights,2059.0,982.0,2021,7,12,12,0,1
4499789,168,2021-07-12 16:00:00,2,Jackson Heights,1644.0,1762.0,2021,7,12,16,0,1
4500257,168,2021-07-12 20:00:00,2,Jackson Heights,1063.0,1763.0,2021,7,12,20,0,1
4500711,168,2021-07-13 00:00:00,2,Jackson Heights,62.0,471.0,2021,7,13,0,0,1
4501170,168,2021-07-13 04:00:00,2,Jackson Heights,1358.0,166.0,2021,7,13,4,0,1
4501638,168,2021-07-13 08:00:00,2,Jackson Heights,2785.0,490.0,2021,7,13,8,0,1
4502106,168,2021-07-13 12:00:00,2,Jackson Heights,1950.0,909.0,2021,7,13,12,0,1
4502574,168,2021-07-13 16:00:00,2,Jackson Heights,1508.0,1761.0,2021,7,13,16,0,1
4503042,168,2021-07-13 20:00:00,2,Jackson Heights,978.0,1829.0,2021,7,13,20,0,1
4503500,168,2021-07-14 00:00:00,2,Jackson Heights,34.0,295.0,2021,7,14,0,0,1
4503962,168,2021-07-14 04:00:00,2,Jackson Heights,1294.0,216.0,2021,7,14,4,0,1
4504430,168,2021-07-14 08:00:00,2,Jackson Heights,2863.0,631.0,2021,7,14,8,0,1
4504898,168,2021-07-14 12:00:00,2,Jackson Heights,2114.0,970.0,2021,7,14,12,0,1
4505366,168,2021-07-14 16:00:00,2,Jackson Heights,1717.0,1729.0,2021,7,14,16,0,1
4505834,168,2021-07-14 20:00:00,2,Jackson Heights,1117.0,1847.0,2021,7,14,20,0,1
4506298,168,2021-07-15 00:00:00,2,Jackson Heights,27.0,601.0,2021,7,15,0,0,1
4506760,168,2021-07-15 04:00:00,2,Jackson Heights,1406.0,234.0,2021,7,15,4,0,1
4507228,168,2021-07-15 08:00:00,2,Jackson Heights,3028.0,609.0,2021,7,15,8,0,1
4507696,168,2021-07-15 12:00:00,2,Jackson Heights,2175.0,963.0,2021,7,15,12,0,1
4508164,168,2021-07-15 16:00:00,2,Jackson Heights,1600.0,1714.0,2021,7,15,16,0,1
4508632,168,2021-07-15 20:00:00,2,Jackson Heights,1054.0,1837.0,2021,7,15,20,0,1
4509094,168,2021-07-16 00:00:00,2,Jackson Heights,28.0,485.0,2021,7,16,0,0,1
4509559,168,2021-07-16 04:00:00,2,Jackson Heights,1421.0,203.0,2021,7,16,4,0,1
4510027,168,2021-07-16 08:00:00,2,Jackson Heights,2905.0,569.0,2021,7,16,8,0,1
4510495,168,2021-07-16 12:00:00,2,Jackson Heights,2026.0,986.0,2021,7,16,12,0,1
4510963,168,2021-07-16 16:00:00,2,Jackson Heights,1793.0,1653.0,2021,7,16,16,0,1
4511431,168,2021-07-16 20:00:00,2,Jackson Heights,1236.0,1717.0,2021,7,16,20,0,1
4511897,168,2021-07-17 00:00:00,2,Jackson Heights,183.0,769.0,2021,7,17,0,0,1
4512362,168,2021-07-17 04:00:00,2,Jackson Heights,597.0,225.0,2021,7,17,4,0,1
4512826,168,2021-07-17 08:00:00,2,Jackson Heights,1640.0,513.0,2021,7,17,8,0,1
4513286,168,2021-07-17 12:00:00,2,Jackson Heights,1742.0,977.0,2021,7,17,12,0,1
4513749,168,2021-07-17 16:00:00,2,Jackson Heights,1333.0,1411.0,2021,7,17,16,0,1
4514212,168,2021-07-17 20:00:00,2,Jackson Heights,744.0,1688.0,2021,7,17,20,0,1
4514676,168,2021-07-18 00:00:00,2,Jackson Heights,174.0,1011.0,2021,7,18,0,0,1
4515139,168,2021-07-18 04:00:00,2,Jackson Heights,285.0,204.0,2021,7,18,4,0,1
4515603,168,2021-07-18 08:00:00,2,Jackson Heights,1104.0,398.0,2021,7,18,8,0,1
4516060,168,2021-07-18 12:00:00,2,Jackson Heights,1567.0,776.0,2021,7,18,12,0,1
4516524,168,2021-07-18 16:00:00,2,Jackson Heights,1137.0,1159.0,2021,7,18,16,0,1
4516979,168,2021-07-18 20:00:00,2,Jackson Heights,589.0,1491.0,2021,7,18,20,0,1
4517440,168,2021-07-19 00:00:00,2,Jackson Heights,17.0,380.0,2021,7,19,0,0,1
4517899,168,2021-07-19 04:00:00,2,Jackson Heights,1379.0,156.0,2021,7,19,4,0,1
4518367,168,2021-07-19 08:00:00,2,Jackson Heights,2857.0,658.0,2021,7,19,8,0,1
4518835,168,2021-07-19 12:00:00,2,Jackson Heights,1990.0,1006.0,2021,7,19,12,0,1
4519303,168,2021-07-19 16:00:00,2,Jackson Heights,1557.0,1845.0,2021,7,19,16,0,1
4519771,168,2021-07-19 20:00:00,2,Jackson Heights,1136.0,1915.0,2021,7,19,20,0,1
4520230,168,2021-07-20 00:00:00,2,Jackson Heights,80.0,484.0,2021,7,20,0,0,1
4520694,168,2021-07-20 04:00:00,2,Jackson Heights,1417.0,201.0,2021,7,20,4,0,1
4521162,168,2021-07-20 08:00:00,2,Jackson Heights,2871.0,545.0,2021,7,20,8,0,1
4521630,168,2021-07-20 12:00:00,2,Jackson Heights,2023.0,938.0,2021,7,20,12,0,1
4522098,168,2021-07-20 16:00:00,2,Jackson Heights,1611.0,1695.0,2021,7,20,16,0,1
4522566,168,2021-07-20 20:00:00,2,Jackson Heights,1050.0,1814.0,2021,7,20,20,0,1
4523026,168,2021-07-21 00:00:00,2,Jackson Heights,41.0,330.0,2021,7,21,0,0,1
4523490,168,2021-07-21 04:00:00,2,Jackson Heights,1484.0,208.0,2021,7,21,4,0,1
4523958,168,2021-07-21 08:00:00,2,Jackson Heights,3024.0,616.0,2021,7,21,8,0,1
4524426,168,2021-07-21 12:00:00,2,Jackson Heights,2109.0,969.0,2021,7,21,12,0,1
4524894,168,2021-07-21 16:00:00,2,Jackson Heights,1568.0,1733.0,2021,7,21,16,0,1
4525362,168,2021-07-21 20:00:00,2,Jackson Heights,970.0,1880.0,2021,7,21,20,0,1
4525821,168,2021-07-22 00:00:00,2,Jackson Heights,37.0,405.0,2021,7,22,0,0,1
4526284,168,2021-07-22 04:00:00,2,Jackson Heights,1485.0,204.0,2021,7,22,4,0,1
4526752,168,2021-07-22 08:00:00,2,Jackson Heights,3015.0,615.0,2021,7,22,8,0,1
4527220,168,2021-07-22 12:00:00,2,Jackson Heights,2161.0,961.0,2021,7,22,12,0,1
4527688,168,2021-07-22 16:00:00,2,Jackson Heights,1702.0,1634.0,2021,7,22,16,0,1
4528156,168,2021-07-22 20:00:00,2,Jackson Heights,1059.0,1773.0,2021,7,22,20,0,1
4528618,168,2021-07-23 00:00:00,2,Jackson Heights,42.0,340.0,2021,7,23,0,0,1
4529081,168,2021-07-23 04:00:00,2,Jackson Heights,1342.0,226.0,2021,7,23,4,0,1
4529549,168,2021-07-23 08:00:00,2,Jackson Heights,2904.0,585.0,2021,7,23,8,0,1
4530017,168,2021-07-23 12:00:00,2,Jackson Heights,2144.0,948.0,2021,7,23,12,0,1
4530485,168,2021-07-23 16:00:00,2,Jackson Heights,1800.0,1627.0,2021,7,23,16,0,1
4530953,168,2021-07-23 20:00:00,2,Jackson Heights,1235.0,1813.0,2021,7,23,20,0,1
4531421,168,2021-07-24 00:00:00,2,Jackson Heights,178.0,844.0,2021,7,24,0,0,1
4531887,168,2021-07-24 04:00:00,2,Jackson Heights,648.0,227.0,2021,7,24,4,0,1
4532350,168,2021-07-24 08:00:00,2,Jackson Heights,1822.0,451.0,2021,7,24,8,0,1
4532811,168,2021-07-24 12:00:00,2,Jackson Heights,1954.0,846.0,2021,7,24,12,0,1
4533275,168,2021-07-24 16:00:00,2,Jackson Heights,1538.0,1189.0,2021,7,24,16,0,1
4533735,168,2021-07-24 20:00:00,2,Jackson Heights,905.0,1432.0,2021,7,24,20,0,1
4534198,168,2021-07-25 00:00:00,2,Jackson Heights,231.0,846.0,2021,7,25,0,0,1
4534659,168,2021-07-25 04:00:00,2,Jackson Heights,302.0,212.0,2021,7,25,4,0,1
4535123,168,2021-07-25 08:00:00,2,Jackson Heights,1282.0,328.0,2021,7,25,8,0,1
4535582,168,2021-07-25 12:00:00,2,Jackson Heights,1755.0,607.0,2021,7,25,12,0,1
4536046,168,2021-07-25 16:00:00,2,Jackson Heights,1275.0,1034.0,2021,7,25,16,0,1
4536503,168,2021-07-25 20:00:00,2,Jackson Heights,718.0,1222.0,2021,7,25,20,0,1
4536965,168,2021-07-26 00:00:00,2,Jackson Heights,39.0,389.0,2021,7,26,0,0,1
4537426,168,2021-07-26 04:00:00,2,Jackson Heights,1548.0,234.0,2021,7,26,4,0,1
4537894,168,2021-07-26 08:00:00,2,Jackson Heights,2946.0,642.0,2021,7,26,8,0,1
4538362,168,2021-07-26 12:00:00,2,Jackson Heights,1804.0,929.0,2021,7,26,12,0,1
4538830,168,2021-07-26 16:00:00,2,Jackson Heights,1508.0,1900.0,2021,7,26,16,0,1
4539298,168,2021-07-26 20:00:00,2,Jackson Heights,1091.0,1983.0,2021,7,26,20,0,1
4539758,168,2021-07-27 00:00:00,2,Jackson Heights,42.0,291.0,2021,7,27,0,0,1
4540217,168,2021-07-27 04:00:00,2,Jackson Heights,1355.0,204.0,2021,7,27,4,0,1
4540685,168,2021-07-27 08:00:00,2,Jackson Heights,2828.0,589.0,2021,7,27,8,0,1
4541153,168,2021-07-27 12:00:00,2,Jackson Heights,2032.0,929.0,2021,7,27,12,0,1
4541621,168,2021-07-27 16:00:00,2,Jackson Heights,1665.0,1776.0,2021,7,27,16,0,1
4542089,168,2021-07-27 20:00:00,2,Jackson Heights,1029.0,1896.0,2021,7,27,20,0,1
4542548,168,2021-07-28 00:00:00,2,Jackson Heights,15.0,251.0,2021,7,28,0,0,1
4543009,168,2021-07-28 04:00:00,2,Jackson Heights,1448.0,202.0,2021,7,28,4,0,1
4543477,168,2021-07-28 08:00:00,2,Jackson Heights,2910.0,631.0,2021,7,28,8,0,1
4543945,168,2021-07-28 12:00:00,2,Jackson Heights,2053.0,974.0,2021,7,28,12,0,1
4544413,168,2021-07-28 16:00:00,2,Jackson Heights,1735.0,1754.0,2021,7,28,16,0,1
4544881,168,2021-07-28 20:00:00,2,Jackson Heights,1100.0,1861.0,2021,7,28,20,0,1
4545343,168,2021-07-29 00:00:00,2,Jackson Heights,38.0,331.0,2021,7,29,0,0,1
4545805,168,2021-07-29 04:00:00,2,Jackson Heights,1415.0,230.0,2021,7,29,4,0,1
4546273,168,2021-07-29 08:00:00,2,Jackson Heights,2972.0,631.0,2021,7,29,8,0,1
4546741,168,2021-07-29 12:00:00,2,Jackson Heights,2096.0,992.0,2021,7,29,12,0,1
4547209,168,2021-07-29 16:00:00,2,Jackson Heights,1613.0,1700.0,2021,7,29,16,0,1
4547677,168,2021-07-29 20:00:00,2,Jackson Heights,931.0,1729.0,2021,7,29,20,0,1
4548134,168,2021-07-30 00:00:00,2,Jackson Heights,2.0,243.0,2021,7,30,0,0,1
4548597,168,2021-07-30 04:00:00,2,Jackson Heights,1494.0,306.0,2021,7,30,4,0,1
4549065,168,2021-07-30 08:00:00,2,Jackson Heights,2859.0,590.0,2021,7,30,8,0,1
4549533,168,2021-07-30 12:00:00,2,Jackson Heights,2028.0,928.0,2021,7,30,12,0,1
4550001,168,2021-07-30 16:00:00,2,Jackson Heights,1794.0,1694.0,2021,7,30,16,0,1
4550469,168,2021-07-30 20:00:00,2,Jackson Heights,1195.0,1817.0,2021,7,30,20,0,1
4550937,168,2021-07-31 00:00:00,2,Jackson Heights,220.0,758.0,2021,7,31,0,0,1
4551403,168,2021-07-31 04:00:00,2,Jackson Heights,612.0,242.0,2021,7,31,4,0,1
4551867,168,2021-07-31 08:00:00,2,Jackson Heights,1748.0,507.0,2021,7,31,8,0,1
4552332,168,2021-07-31 12:00:00,2,Jackson Heights,2063.0,876.0,2021,7,31,12,0,1
4552797,168,2021-07-31 16:00:00,2,Jackson Heights,1642.0,1224.0,2021,7,31,16,0,1
4553262,168,2021-07-31 20:00:00,2,Jackson Heights,894.0,1347.0,2021,7,31,20,0,1
4553726,168,2021-08-01 00:00:00,2,Jackson Heights,246.0,789.0,2021,8,1,0,0,1
4554190,168,2021-08-01 04:00:00,2,Jackson Heights,320.0,207.0,2021,8,1,4,0,1
4554653,168,2021-08-01 08:00:00,2,Jackson Heights,1292.0,339.0,2021,8,1,8,0,1
4555113,168,2021-08-01 12:00:00,2,Jackson Heights,1797.0,700.0,2021,8,1,12,0,1
4555577,168,2021-08-01 16:00:00,2,Jackson Heights,1397.0,1060.0,2021,8,1,16,0,1
4556037,168,2021-08-01 20:00:00,2,Jackson Heights,766.0,1212.0,2021,8,1,20,0,1
4556494,168,2021-08-02 00:00:00,2,Jackson Heights,23.0,290.0,2021,8,2,0,0,1
4556950,168,2021-08-02 04:00:00,2,Jackson Heights,1389.0,169.0,2021,8,2,4,0,1
4557418,168,2021-08-02 08:00:00,2,Jackson Heights,2828.0,599.0,2021,8,2,8,0,1
4557886,168,2021-08-02 12:00:00,2,Jackson Heights,1985.0,944.0,2021,8,2,12,0,1
4558354,168,2021-08-02 16:00:00,2,Jackson Heights,1700.0,1646.0,2021,8,2,16,0,1
4558822,168,2021-08-02 20:00:00,2,Jackson Heights,1185.0,1731.0,2021,8,2,20,0,1
4559285,168,2021-08-03 00:00:00,2,Jackson Heights,68.0,412.0,2021,8,3,0,0,1
4559746,168,2021-08-03 04:00:00,2,Jackson Heights,1411.0,228.0,2021,8,3,4,0,1
4560214,168,2021-08-03 08:00:00,2,Jackson Heights,2911.0,600.0,2021,8,3,8,0,1
4560682,168,2021-08-03 12:00:00,2,Jackson Heights,2102.0,872.0,2021,8,3,12,0,1
4561150,168,2021-08-03 16:00:00,2,Jackson Heights,1714.0,1794.0,2021,8,3,16,0,1
4561618,168,2021-08-03 20:00:00,2,Jackson Heights,1099.0,1878.0,2021,8,3,20,0,1
4562077,168,2021-08-04 00:00:00,2,Jackson Heights,40.0,335.0,2021,8,4,0,0,1
4562541,168,2021-08-04 04:00:00,2,Jackson Heights,1367.0,215.0,2021,8,4,4,0,1
4563009,168,2021-08-04 08:00:00,2,Jackson Heights,3036.0,627.0,2021,8,4,8,0,1
4563477,168,2021-08-04 12:00:00,2,Jackson Heights,2176.0,1004.0,2021,8,4,12,0,1
4563945,168,2021-08-04 16:00:00,2,Jackson Heights,1632.0,1660.0,2021,8,4,16,0,1
4564413,168,2021-08-04 20:00:00,2,Jackson Heights,980.0,1746.0,2021,8,4,20,0,1
4564873,168,2021-08-05 00:00:00,2,Jackson Heights,20.0,202.0,2021,8,5,0,0,1
4565336,168,2021-08-05 04:00:00,2,Jackson Heights,1507.0,225.0,2021,8,5,4,0,1
4565804,168,2021-08-05 08:00:00,2,Jackson Heights,2941.0,600.0,2021,8,5,8,0,1
4566272,168,2021-08-05 12:00:00,2,Jackson Heights,2108.0,981.0,2021,8,5,12,0,1
4566740,168,2021-08-05 16:00:00,2,Jackson Heights,1725.0,1713.0,2021,8,5,16,0,1
4567208,168,2021-08-05 20:00:00,2,Jackson Heights,1127.0,1801.0,2021,8,5,20,0,1
4567670,168,2021-08-06 00:00:00,2,Jackson Heights,36.0,312.0,2021,8,6,0,0,1
4568136,168,2021-08-06 04:00:00,2,Jackson Heights,1416.0,216.0,2021,8,6,4,0,1
4568604,168,2021-08-06 08:00:00,2,Jackson Heights,2939.0,607.0,2021,8,6,8,0,1
4569072,168,2021-08-06 12:00:00,2,Jackson Heights,1994.0,959.0,2021,8,6,12,0,1
4569540,168,2021-08-06 16:00:00,2,Jackson Heights,1635.0,1629.0,2021,8,6,16,0,1
4570008,168,2021-08-06 20:00:00,2,Jackson Heights,1098.0,1712.0,2021,8,6,20,0,1
4570476,168,2021-08-07 00:00:00,2,Jackson Heights,124.0,734.0,2021,8,7,0,0,1
4570944,168,2021-08-07 04:00:00,2,Jackson Heights,716.0,228.0,2021,8,7,4,0,1
4571408,168,2021-08-07 08:00:00,2,Jackson Heights,1779.0,458.0,2021,8,7,8,0,1
4571876,168,2021-08-07 12:00:00,2,Jackson Heights,1848.0,845.0,2021,8,7,12,0,1
4572336,168,2021-08-07 16:00:00,2,Jackson Heights,1497.0,1205.0,2021,8,7,16,0,1
4572803,168,2021-08-07 20:00:00,2,Jackson Heights,889.0,1384.0,2021,8,7,20,0,1
4573269,168,2021-08-08 00:00:00,2,Jackson Heights,254.0,755.0,2021,8,8,0,0,1
4573735,168,2021-08-08 04:00:00,2,Jackson Heights,317.0,178.0,2021,8,8,4,0,1
4574200,168,2021-08-08 08:00:00,2,Jackson Heights,1229.0,294.0,2021,8,8,8,0,1
4574666,168,2021-08-08 12:00:00,2,Jackson Heights,1873.0,585.0,2021,8,8,12,0,1
4575130,168,2021-08-08 16:00:00,2,Jackson Heights,1516.0,1168.0,2021,8,8,16,0,1
4575596,168,2021-08-08 20:00:00,2,Jackson Heights,743.0,1253.0,2021,8,8,20,0,1
4576055,168,2021-08-09 00:00:00,2,Jackson Heights,60.0,263.0,2021,8,9,0,0,1
4576518,168,2021-08-09 04:00:00,2,Jackson Heights,1411.0,185.0,2021,8,9,4,0,1
4576986,168,2021-08-09 08:00:00,2,Jackson Heights,2861.0,548.0,2021,8,9,8,0,1
4577454,168,2021-08-09 12:00:00,2,Jackson Heights,2024.0,1021.0,2021,8,9,12,0,1
4577922,168,2021-08-09 16:00:00,2,Jackson Heights,1587.0,1791.0,2021,8,9,16,0,1
4578390,168,2021-08-09 20:00:00,2,Jackson Heights,1120.0,1771.0,2021,8,9,20,0,1
4578851,168,2021-08-10 00:00:00,2,Jackson Heights,82.0,495.0,2021,8,10,0,0,1
4579311,168,2021-08-10 04:00:00,2,Jackson Heights,1449.0,203.0,2021,8,10,4,0,1
4579779,168,2021-08-10 08:00:00,2,Jackson Heights,2962.0,556.0,2021,8,10,8,0,1
4580246,168,2021-08-10 12:00:00,2,Jackson Heights,1885.0,944.0,2021,8,10,12,0,1
4580713,168,2021-08-10 16:00:00,2,Jackson Heights,1475.0,1717.0,2021,8,10,16,0,1
4581180,168,2021-08-10 20:00:00,2,Jackson Heights,1061.0,1759.0,2021,8,10,20,0,1
4581636,168,2021-08-11 00:00:00,2,Jackson Heights,88.0,206.0,2021,8,11,0,0,1
4582094,168,2021-08-11 04:00:00,2,Jackson Heights,1481.0,225.0,2021,8,11,4,0,1
4582561,168,2021-08-11 08:00:00,2,Jackson Heights,3052.0,671.0,2021,8,11,8,0,1
4583028,168,2021-08-11 12:00:00,2,Jackson Heights,2028.0,1046.0,2021,8,11,12,0,1
4583495,168,2021-08-11 16:00:00,2,Jackson Heights,1508.0,1731.0,2021,8,11,16,0,1
4583962,168,2021-08-11 20:00:00,2,Jackson Heights,1055.0,1824.0,2021,8,11,20,0,1
4584421,168,2021-08-12 00:00:00,2,Jackson Heights,23.0,305.0,2021,8,12,0,0,1
4584881,168,2021-08-12 04:00:00,2,Jackson Heights,1490.0,204.0,2021,8,12,4,0,1
4585348,168,2021-08-12 08:00:00,2,Jackson Heights,2831.0,575.0,2021,8,12,8,0,1
4585815,168,2021-08-12 12:00:00,2,Jackson Heights,1901.0,938.0,2021,8,12,12,0,1
4586282,168,2021-08-12 16:00:00,2,Jackson Heights,1617.0,1635.0,2021,8,12,16,0,1
4586749,168,2021-08-12 20:00:00,2,Jackson Heights,1082.0,1763.0,2021,8,12,20,0,1
4587210,168,2021-08-13 00:00:00,2,Jackson Heights,97.0,543.0,2021,8,13,0,0,1
4587673,168,2021-08-13 04:00:00,2,Jackson Heights,1477.0,220.0,2021,8,13,4,0,1
4588140,168,2021-08-13 08:00:00,2,Jackson Heights,2839.0,542.0,2021,8,13,8,0,1
4588607,168,2021-08-13 12:00:00,2,Jackson Heights,2042.0,956.0,2021,8,13,12,0,1
4589074,168,2021-08-13 16:00:00,2,Jackson Heights,1651.0,1532.0,2021,8,13,16,0,1
